UniqJobId,collection_id,instance_index,priority,machine_id,sample_rate,cpu_usage_distribution1,cpu_usage_distribution2,cpu_usage_distribution3,cpu_usage_distribution4,cpu_usage_distribution5,cpu_usage_distribution6,cpu_usage_distribution7,cpu_usage_distribution8,cpu_usage_distribution9,cpu_usage_distribution10,cpu_usage_distribution11,max_cpu,avg_cpu,cycles_per_instruction,memory_accesses_per_instruction,assigned_memory,page_cache_memory,max_memory,avg_memory,start_time,end_time,time_window
1024294493560,102429449356,0,0,20736949,1.0,"""[0",0.0,0.0,1.9073486328125e-06,3.814697265625e-06,5.7220458984375e-06,7.62939453125e-06,9.5367431640625e-06,1.1444091796875002e-05,1.1444091796875002e-05," 1.1444091796875002e-05]""",0.001453399658203,1.9073486328125e-06,3.439900159835815,0.022957347333431,0.0,0.00021553039550700003,7.915496826171875e-05,5.435943603515626e-05,0.505510802469135,0.505512731481481,1.929012345679012e-06
1024294493560,102429449356,0,0,20736949,1.0,"""[0",0.0,0.0,2.86102294921875e-06,5.7220458984375e-06,7.62939453125e-06,1.0490417480468752e-05,1.3351440429687502e-05,1.621246337890625e-05,1.621246337890625e-05," 1.621246337890625e-05]""",0.0009994506835930002,2.86102294921875e-06,3.87572979927063,0.022819748148322,0.0,0.00017261505126900002,8.0108642578125e-05,5.722045898437501e-05,0.5078869598765431,0.5078888888888881,1.929012345679012e-06
1024294493560,102429449356,0,0,20736949,1.0,"""[0",0.0,0.0,0.0,0.0,0.0,0.0,0.0,0.0,0.0," 0]""",0.0007896423339840001,0.00026321411132800005,2.656970500946044,0.020489681512117,0.0,0.000267028808593,0.00019359588623000002,0.00011920928955000001,0.503842592592592,0.50384375,1.157407407407407e-06
1024294493560,102429449356,0,0,20736949,1.0,"""[0",0.0,0.0,9.5367431640625e-07,3.814697265625e-06,6.67572021484375e-06,8.58306884765625e-06,1.1444091796875002e-05,1.2397766113281252e-05,1.2397766113281252e-05," 1.2397766113281252e-05]""",0.001708984375,2.86102294921875e-06,3.610739946365356,0.019558023661375,0.0,0.000201225280761,8.106231689453125e-05,5.435943603515626e-05,0.5064618055555551,0.5064637345679011,1.929012345679012e-06
1024294493560,102429449356,0,0,20736949,1.0,"""[0",0.0,0.0,2.86102294921875e-06,5.7220458984375e-06,7.62939453125e-06,1.0490417480468752e-05,1.3351440429687502e-05,1.621246337890625e-05,1.621246337890625e-05," 1.621246337890625e-05]""",0.001216888427734,2.86102294921875e-06,2.680354595184326,0.019942196086049,0.0,0.00029563903808500004,8.106231689453125e-05,5.912780761718751e-05,0.500515817901234,0.5005181327160491,2.314814814814814e-06
1024294493560,102429449356,0,0,20736949,1.0,"""[0",0.0,0.0,1.9073486328125e-06,3.814697265625e-06,5.7220458984375e-06,7.62939453125e-06,9.5367431640625e-06,1.1444091796875002e-05,1.1444091796875002e-05," 1.1444091796875002e-05]""",0.001577377319335,1.9073486328125e-06,3.502368688583374,0.017769681289792002,0.0,0.000257492065429,8.20159912109375e-05,5.912780761718751e-05,0.5014679783950611,0.501469907407407,1.929012345679012e-06
1024294493560,102429449356,0,0,20736949,1.0,"""[0",0.0,0.0,1.9073486328125e-06,4.76837158203125e-06,6.67572021484375e-06,8.58306884765625e-06,1.0490417480468752e-05,1.3351440429687502e-05,1.3351440429687502e-05," 1.3351440429687502e-05]""",0.0006675720214840001,2.86102294921875e-06,3.465157747268676,0.020901167765259,0.0,0.000246047973632,8.106231689453125e-05,4.863739013671876e-05,0.506224922839506,0.506226851851851,1.929012345679012e-06
1024294493560,102429449356,0,0,20736949,1.0,"""[0",0.0,0.0,0.0,0.0,0.0,0.0,0.0,0.0,0.0," 0]""",0.0005712509155270001,9.441375732421876e-05,3.550679683685302,0.023776365444064,0.0,0.00028610229492100005,8.0108642578125e-05,7.915496826171875e-05,0.5081230709876541,0.508124228395061,1.157407407407407e-06
1024294493560,102429449356,0,0,20736949,1.0,"""[0",0.0,9.5367431640625e-07,3.814697265625e-06,6.67572021484375e-06,8.58306884765625e-06,1.1444091796875002e-05,1.4305114746093752e-05,1.71661376953125e-05,1.811981201171875e-05," 1.811981201171875e-05]""",0.0012950897216790001,3.814697265625e-06,3.607803583145141,0.025104256346821,0.0,0.000307083129882,7.915496826171875e-05,5.245208740234376e-05,0.5095482253086421,0.509550154320987,1.929012345679012e-06
1024294493560,102429449356,0,0,20736949,1.0,"""[0",0.0,0.0,0.0,0.0,0.0,0.0,0.0,0.0,0.0," 0]""",0.000860214233398,7.724761962890625e-05,2.824823856353759,0.018632067367434002,0.0,0.000175476074218,8.20159912109375e-05,8.20159912109375e-05,0.500275462962963,0.500277006172839,1.5432098765432092e-06
1024294493560,102429449356,0,0,20736949,1.0,"""[0",0.0,0.0,5.245208740234376e-05,7.05718994140625e-05,0.00017642974853500002,0.000281333923339,0.000299453735351,0.000529289245605,0.000529289245605," 0.000529289245605]""",0.00022029876708900002,3.62396240234375e-05,3.741247653961181,0.023103971034288,0.0,0.00018119812011700001,0.00019359588623000002,0.00019264221191400002,0.5083591820987651,0.508360339506172,1.157407407407407e-06
1024294493560,102429449356,0,0,20736949,1.0,"""[4.196166992187501e-05",4.959106445312501e-05,5.531311035156251e-05,6.103515625e-05,6.580352783203125e-05,7.152557373046875e-05,7.724761962890625e-05,8.296966552734376e-05,9.155273437500001e-05,0.000115394592285," 0.000196456909179]""",0.000551223754882,6.771087646484375e-05,3.741247653961181,0.023103971034288,0.0,0.00018119812011700001,0.000191688537597,0.00018978118896400002,0.508217592592592,0.5083333333333331,0.00011574074074
1024294493560,102429449356,0,0,20736949,1.0,"""[5.149841308593751e-05",5.435943603515626e-05,5.817413330078126e-05,6.29425048828125e-05,6.67572021484375e-05,7.05718994140625e-05,7.43865966796875e-05,7.82012939453125e-05,8.20159912109375e-05,8.583068847656251e-05," 0.00020790100097600002]""",0.00033950805664,6.580352783203125e-05,3.610739946365356,0.019558023661375,0.0,0.000201225280761,0.00019359588623000002,0.000191688537597,0.50636574074074,0.50645949074074,9.375e-05
1024294493560,102429449356,0,0,20736949,1.0,"""[5.531311035156251e-05",5.722045898437501e-05,6.103515625e-05,6.4849853515625e-05,6.866455078125e-05,7.2479248046875e-05,7.62939453125e-05,8.0108642578125e-05,8.392333984375001e-05,8.773803710937501e-05," 0.000116348266601]""",0.000275611877441,6.67572021484375e-05,3.78208303451538,0.015374337323009002,0.0,0.000247955322265,0.00019359588623000002,0.00019359588623000002,0.503356481481481,0.5033668981481481,1.0416666666666661e-05
1024294493560,102429449356,0,0,20736949,1.0,"""[0",0.0,0.0,9.5367431640625e-07,2.86102294921875e-06,3.814697265625e-06,4.76837158203125e-06,5.7220458984375e-06,6.67572021484375e-06,6.67572021484375e-06," 6.67572021484375e-06]""",0.001657485961914,9.5367431640625e-07,3.384290218353271,0.021716447547078,0.0,0.00023746490478500002,8.0108642578125e-05,5.340576171875001e-05,0.5052716049382711,0.5052743055555551,2.7006172839506168e-06
1024294493560,102429449356,0,0,20736949,1.0,"""[0",0.0,0.0,0.0,0.000361442565917,0.00037384033203100004,0.00038719177246000004,0.000482559204101,0.000482559204101,0.000482559204101," 0.000482559204101]""",0.000608444213867,0.00024318695068300001,3.119653463363647,0.016224706545472003,0.0,0.00023555755615200003,0.00019359588623000002,0.00019359588623000002,0.5024166666666661,0.5024182098765431,1.5432098765432092e-06
1024294493560,102429449356,0,0,20736949,1.0,"""[0",0.0,9.5367431640625e-07,2.86102294921875e-06,4.76837158203125e-06,5.7220458984375e-06,7.62939453125e-06,9.5367431640625e-06,1.1444091796875002e-05,1.2397766113281252e-05," 1.2397766113281252e-05]""",0.000993728637695,1.9073486328125e-06,2.564341783523559,0.016878087073564002,0.0,0.00029563903808500004,8.20159912109375e-05,5.435943603515626e-05,0.500038966049382,0.500041666666666,2.7006172839506168e-06
1024294493560,102429449356,0,0,20736949,1.0,"""[0",0.0,0.0,0.0,0.0,0.0,0.0,0.0,0.0,0.0," 0]""",0.0,0.0,2.475669145584106,0.019147684797644,0.0,0.00020790100097600002,8.20159912109375e-05,8.20159912109375e-05,0.5012287808641971,0.501229938271604,1.157407407407407e-06
1024294493560,102429449356,0,0,20736949,1.0,"""[0",0.0,0.0,2.86102294921875e-06,4.76837158203125e-06,7.62939453125e-06,9.5367431640625e-06,1.2397766113281252e-05,1.52587890625e-05,1.52587890625e-05," 1.52587890625e-05]""",0.001251220703125,2.86102294921875e-06,3.711638450622558,0.027404801920056003,0.0,0.000300407409667,5.435943603515626e-05,4.673004150390626e-05,0.5085999228395061,0.508601851851851,1.929012345679012e-06
1024294493560,102429449356,0,0,20736949,1.0,"""[0",0.0,0.0,0.0,0.0,0.0,0.0,0.0,0.0,0.0," 0]""",0.0005331039428710001,0.000149726867675,3.458056688308715,0.020550061017274003,0.0,0.00023078918457,8.0108642578125e-05,8.0108642578125e-05,0.5057492283950611,0.50575,7.716049382716048e-07
1024294493560,102429449356,0,0,20736949,1.0,"""[0",0.0,2.1934509277343753e-05,5.531311035156251e-05,6.580352783203125e-05,7.724761962890625e-05,0.00017642974853500002,0.00028610229492100005,0.000412940979003,0.000518798828125," 0.000518798828125]""",0.000245094299316,2.9563903808593753e-05,3.429600715637207,0.022176371887326,0.0,0.000191688537597,0.00019359588623000002,0.00019264221191400002,0.5040779320987651,0.5040794753086411,1.5432098765432092e-06
1024294493560,102429449356,0,0,20736949,1.0,"""[0",0.0,0.0,0.0,0.0,0.0,0.0,0.0,0.0,0.0," 0]""",0.00065803527832,0.00010585784912100001,2.564341783523559,0.016878087073564002,0.0,0.00029563903808500004,8.20159912109375e-05,8.20159912109375e-05,0.500037808641975,0.500038966049382,1.157407407407407e-06
1024294493560,102429449356,0,0,20736949,1.0,"""[0",0.0,0.0,2.1934509277343753e-05,0.00017642974853500002,0.000329971313476,0.000351905822753,0.00037384033203100004,0.00048542022705000003,0.000574111938476," 0.000574111938476]""",0.000726699829101,0.00023651123046800003,2.365350484848022,0.020273655652999,0.0,0.00024127960205000003,0.000195503234863,0.000165939331054,0.501940586419753,0.501942129629629,1.5432098765432092e-06
1024294493560,102429449356,0,0,20736949,1.0,"""[0",0.0,0.0,0.0,0.0,0.0,0.0,0.0,0.0,0.0," 0]""",0.000864028930664,0.00013828277587800002,2.847556829452514,0.013629211112856001,0.0,0.000253677368164,8.392333984375001e-05,8.392333984375001e-05,0.502893904320987,0.502895061728395,1.157407407407407e-06
1024294493560,102429449356,0,0,20736949,1.0,"""[0",0.0,0.0,9.5367431640625e-07,3.814697265625e-06,6.67572021484375e-06,8.58306884765625e-06,1.1444091796875002e-05,1.2397766113281252e-05,1.2397766113281252e-05," 1.2397766113281252e-05]""",0.001712799072265,2.86102294921875e-06,0.986562609672546,0.004931150469928001,0.0,0.000248908996582,8.0108642578125e-05,5.531311035156251e-05,0.504795138888888,0.504796682098765,1.5432098765432092e-06
1024294493560,102429449356,0,0,20736949,1.0,"""[0",0.0,0.0,5.245208740234376e-05,7.05718994140625e-05,0.00017642974853500002,0.000281333923339,0.000299453735351,0.00040626525878900005,0.00040626525878900005," 0.00040626525878900005]""",0.000508308410644,0.000129699707031,2.448394298553466,0.017703462392091,0.0,0.000205039978027,0.00019454956054600002,0.00019454956054600002,0.5059837962962961,0.5059853395061721,1.5432098765432092e-06
1024294493560,102429449356,0,0,20736949,1.0,"""[0",9.155273437500001e-05,0.00011825561523400002,0.000155448913574,0.000195503234863,0.00023651123046800003,0.000320434570312,0.00046920776367100005,0.0008449554443350001,0.004585266113281," 0.006874084472656]""",0.0067138671875,0.0006322860717770001,0.0,0.0,0.0,0.00012111663818300001,0.0006380081176750001,0.000585556030273,0.506231095679012,0.5062500000000001,1.890432098765432e-05
1024294493560,102429449356,0,0,20736949,1.0,"""[2.8610229492187503e-05",2.8610229492187503e-05,3.62396240234375e-05,5.531311035156251e-05,6.580352783203125e-05,7.724761962890625e-05,0.00017642974853500002,0.00028610229492100005,0.00046920776367100005,0.0006294250488280001," 0.0006294250488280001]""",0.0006294250488280001,0.00018882751464800002,3.897116184234619,0.025615828111767002,0.0,0.000128746032714,0.00019359588623000002,0.00019264221191400002,0.509309799382716,0.509311342592592,1.5432098765432092e-06
1024294493560,102429449356,0,0,20736949,1.0,"""[4.196166992187501e-05",5.245208740234376e-05,6.389617919921875e-05,7.43865966796875e-05,8.487701416015626e-05,0.00010395050048800001,0.000125885009765,0.00018405914306600003,0.00029277801513600003,0.0005340576171870001," 0.00634765625]""",0.0057373046875,0.00019454956054600002,0.0,0.0,0.0,0.000135421752929,0.0005998611450190001,0.000431060791015,0.5076558641975301,0.507754629629629,9.876543209876544e-05
1024294493560,102429449356,0,0,20736949,1.0,"""[8.487701416015626e-05",9.059906005859376e-05,0.00010395050048800001,0.00011730194091700002,0.00013160705566400002,0.00019836425781200002,0.000536918640136,0.0010967254638670001,0.0029754638671870004,0.005661010742187," 0.007591247558593001]""",0.006309509277343001,0.0007514953613280001,0.0,0.0,0.0,0.000135421752929,0.0006799697875970001,0.000589370727539,0.502188657407407,0.502199074074074,1.0416666666666661e-05
1024294493560,102429449356,0,0,20736949,1.0,"""[8.773803710937501e-05",0.00010299682617100001,0.00011920928955000001,0.000139236450195,0.000165939331054,0.00023365020751900002,0.00029182434082000003,0.00039768218994100005,0.0006256103515620001,0.0017471313476560002," 0.006881713867187]""",0.0068359375,0.00030231475830000003,0.0,0.0,0.0,0.000154495239257,0.000597953796386,0.000593185424804,0.505994212962963,0.5060185185185181,2.430555555555555e-05
1024294493560,102429449356,0,0,20736949,1.0,"""[0.00017166137695300002",0.00017166137695300002,0.00017166137695300002,0.00017166137695300002,0.00027275085449200004,0.00028610229492100005,0.000299453735351,0.000473976135253,0.000473976135253,0.000473976135253," 0.000473976135253]""",0.000577926635742,0.00021553039550700003,3.610739946365356,0.019558023661375,0.0,0.00020217895507800002,0.00019359588623000002,0.00019359588623000002,0.50645949074074,0.5064606481481481,1.157407407407407e-06
1024294493560,102429449356,0,0,20736949,1.0,"""[0",0.0,0.0,0.0,0.0,0.0,0.0,0.0,0.0,0.0," 0]""",0.0006322860717770001,8.296966552734376e-05,3.603742599487304,0.020632049068808,0.0,0.00018405914306600003,8.106231689453125e-05,8.106231689453125e-05,0.506933641975308,0.506935185185185,1.5432098765432092e-06
1024294493560,102429449356,0,0,20736949,1.0,"""[4.959106445312501e-05",5.531311035156251e-05,6.103515625e-05,6.67572021484375e-05,7.2479248046875e-05,7.82012939453125e-05,8.487701416015626e-05,9.727478027343751e-05,0.00012016296386700001,0.00017166137695300002," 0.0032501220703120004]""",0.0032501220703120004,0.000123977661132,0.0,0.0,0.0,0.00021743774414,0.0005989074707030001,0.000275611877441,0.502199074074074,0.502314814814814,0.00011574074074
1024294493560,102429449356,0,0,20736949,1.0,"""[4.959106445312501e-05",5.435943603515626e-05,5.912780761718751e-05,6.4849853515625e-05,6.961822509765625e-05,7.43865966796875e-05,7.915496826171875e-05,8.487701416015626e-05,9.918212890625001e-05,0.000148773193359," 0.00244140625]""",0.00244140625,9.918212890625001e-05,0.0,0.0,0.0,0.00026416778564400005,0.0005989074707030001,0.000247001647949,0.5064814814814811,0.506597222222222,0.00011574074074
1024294493560,102429449356,0,0,20736949,1.0,"""[4.482269287109376e-05",4.863739013671876e-05,5.435943603515626e-05,5.912780761718751e-05,6.389617919921875e-05,6.866455078125e-05,7.343292236328125e-05,7.82012939453125e-05,8.296966552734376e-05,8.773803710937501e-05," 0.00025463104248]""",0.000622749328613,6.771087646484375e-05,0.0,0.0,0.0,0.00020790100097600002,0.00019264221191400002,0.00018978118896400002,0.501041666666666,0.501157407407407,0.00011574074074
1024294493560,102429449356,0,0,20736949,1.0,"""[4.291534423828126e-05",4.959106445312501e-05,5.531311035156251e-05,6.103515625e-05,6.580352783203125e-05,7.152557373046875e-05,7.724761962890625e-05,8.296966552734376e-05,9.250640869140626e-05,0.000123977661132," 0.00025272369384700004]""",0.000506401062011,7.05718994140625e-05,3.6064460277557373,0.024530569091439,0.0,0.00031566619873000005,0.000190734863281,0.00018787384033200002,0.508912037037037,0.5090277777777771,0.00011574074074
1024294493560,102429449356,0,0,20736949,1.0,"""[5.817413330078126e-05",5.817413330078126e-05,6.198883056640625e-05,6.580352783203125e-05,6.961822509765625e-05,7.2479248046875e-05,7.62939453125e-05,8.0108642578125e-05,8.392333984375001e-05,0.00010299682617100001," 0.00011920928955000001]""",0.000298500061035,6.961822509765625e-05,3.504143238067627,0.016188170760869,0.0,0.000200271606445,0.00019264221191400002,0.00019264221191400002,0.5031249999999999,0.503129629629629,4.629629629629629e-06
1024294493560,102429449356,0,0,20736949,1.0,"""[5.245208740234376e-05",5.626678466796876e-05,6.103515625e-05,6.4849853515625e-05,6.866455078125e-05,7.2479248046875e-05,7.62939453125e-05,8.0108642578125e-05,8.392333984375001e-05,8.773803710937501e-05," 0.00022506713867100002]""",0.000472068786621,7.05718994140625e-05,3.8971164226531982,0.025615828111767002,0.0,0.000128746032714,0.000190734863281,0.00018882751464800002,0.509143518518518,0.5092592592592591,0.00011574074074
1024294493560,102429449356,0,0,20736949,1.0,"""[0",0.0,0.0,5.245208740234376e-05,7.05718994140625e-05,0.000154495239257,0.00023746490478500002,0.000255584716796,0.000517845153808,0.000517845153808," 0.000517845153808]""",0.000520706176757,0.000164985656738,3.254726886749267,0.018893547356128002,0.0,0.00017738342285100002,0.00019264221191400002,0.00019264221191400002,0.5074074074074071,0.5074089506172841,1.5432098765432092e-06
1024294493560,102429449356,0,0,20736949,1.0,"""[4.00543212890625e-05",4.959106445312501e-05,5.531311035156251e-05,6.103515625e-05,6.771087646484375e-05,7.343292236328125e-05,7.915496826171875e-05,8.583068847656251e-05,0.00010585784912100001,0.000144004821777," 0.0027923583984370004]""",0.0027923583984370004,9.822845458984376e-05,2.448394298553466,0.017703462392091,0.0,0.000190734863281,0.0005989074707030001,0.000266075134277,0.5057870370370371,0.505902777777777,0.00011574074074
1024294493560,102429449356,0,0,20736949,1.0,"""[6.580352783203125e-05",6.580352783203125e-05,6.580352783203125e-05,6.580352783203125e-05,0.00031661987304600005,0.000329971313476,0.00034332275390600004,0.000430107116699,0.000430107116699,0.000430107116699," 0.000430107116699]""",0.00021743774414,4.00543212890625e-05,2.192968845367431,0.012832180596888001,0.0,0.000287055969238,0.000195503234863,0.000195503234863,0.500988811728395,0.5009899691358021,1.157407407407407e-06
1024294493560,102429449356,0,0,20736949,1.0,"""[5.054473876953126e-05",5.817413330078126e-05,6.580352783203125e-05,7.343292236328125e-05,8.20159912109375e-05,9.155273437500001e-05,0.000115394592285,0.000144004821777,0.00021076202392500003,0.000409126281738," 0.006668090820312]""",0.005607604980468001,0.000164985656738,0.0,0.0,0.0,0.00021076202392500003,0.0005998611450190001,0.0003662109375,0.5026647376543211,0.502777777777777,0.00011304012345600001
1024294493560,102429449356,0,0,20736949,1.0,"""[0",0.0,0.0,4.863739013671876e-05,5.722045898437501e-05,6.580352783203125e-05,7.43865966796875e-05,8.392333984375001e-05,0.0007047653198240001,0.0007047653198240001," 0.0007047653198240001]""",0.000247955322265,5.054473876953126e-05,2.656970500946044,0.020489681512117,0.0,0.000267028808593,0.00019359588623000002,0.00019359588623000002,0.5038414351851851,0.503842592592592,1.157407407407407e-06
1024294493560,102429449356,0,0,20736949,1.0,"""[0",0.0,0.0,0.0,0.0,0.0,0.0,0.0,0.0,0.0,"0]""",0.000802993774414,0.000802993774414,3.429600715637207,0.022176371887326,0.0,0.000191688537597,8.106231689453125e-05,8.106231689453125e-05,0.5040794753086411,0.504079861111111,3.858024691358024e-07
1024294493560,102429449356,0,0,20736949,1.0,"""[4.577636718750001e-05",7.82012939453125e-05,9.918212890625001e-05,0.000113487243652,0.000128746032714,0.000152587890625,0.000185966491699,0.000275611877441,0.000370025634765,0.000519752502441," 0.007362365722656]""",0.007164001464843001,0.000244140625,0.0,0.0,0.0,0.00013160705566400002,0.0005989074707030001,0.0005464553833000001,0.503850308641975,0.503935185185185,8.487654320987654e-05
1024294493560,102429449356,0,0,20736949,1.0,"""[0",0.0,6.67572021484375e-06,1.52587890625e-05,2.3841857910156253e-05,3.337860107421875e-05,4.196166992187501e-05,0.000114440917968,0.00045776367187500005,0.000933647155761," 0.000933647155761]""",0.001766204833984,0.00030326843261700004,1.151115536689758,0.005028064828366,0.0,0.00018978118896400002,0.000195503234863,0.00013160705566400002,0.5045513117283951,0.504554783950617,3.4722222222222215e-06
1024294493560,102429449356,0,0,20736949,1.0,"""[0",0.0,9.5367431640625e-07,2.86102294921875e-06,5.7220458984375e-06,7.62939453125e-06,9.5367431640625e-06,1.2397766113281252e-05,1.4305114746093752e-05,1.52587890625e-05," 1.52587890625e-05]""",0.0012645721435540001,1.9073486328125e-06,1.151115417480468,0.005028064828366,0.0,0.00018978118896400002,8.106231689453125e-05,5.817413330078126e-05,0.5045559413580241,0.5045586419753081,2.7006172839506168e-06
1024294493560,102429449356,0,0,20736949,1.0,"""[0",0.0,0.0,5.245208740234376e-05,7.05718994140625e-05,0.00017642974853500002,0.000281333923339,0.000299453735351,0.000561714172363,0.000561714172363," 0.000561714172363]""",0.0006265640258780001,0.000175476074218,3.504143238067627,0.016188170760869,0.0,0.000200271606445,0.00019359588623000002,0.00013637542724600002,0.503129629629629,0.503131172839506,1.5432098765432092e-06
1024294493560,102429449356,0,0,20736949,1.0,"""[0",0.0,0.0,0.0,0.0,0.0,0.0,0.0,0.0,0.0," 0]""",0.0,0.0,3.465157747268676,0.020901167765259,0.0,0.000246047973632,8.106231689453125e-05,8.106231689453125e-05,0.506223765432098,0.506224922839506,1.157407407407407e-06
1024294493560,102429449356,0,0,20736949,1.0,"""[0",0.0,2.86102294921875e-06,4.76837158203125e-06,7.62939453125e-06,9.5367431640625e-06,1.2397766113281252e-05,1.52587890625e-05,1.71661376953125e-05,2.002716064453125e-05," 2.002716064453125e-05]""",0.00186538696289,1.9073486328125e-06,0.0,0.0,0.0,0.00022888183593700002,8.0108642578125e-05,5.531311035156251e-05,0.505032021604938,0.505035879629629,3.858024691358024e-06
1024294493560,102429449356,0,0,20736949,1.0,"""[0",5.435943603515626e-05,6.4849853515625e-05,7.62939453125e-05,8.678436279296876e-05,0.000109672546386,0.000134468078613,0.00017356872558500002,0.000318527221679,0.000569343566894," 0.007110595703125001]""",0.007102966308593001,0.000281333923339,0.0,0.0,0.0,0.00021076202392500003,0.00059700012207,0.00041484832763600003,0.5036130401234561,0.503703703703703,9.066358024691358e-05
1024294493560,102429449356,0,0,20736949,1.0,"""[0",0.0,0.0,0.0,0.0,0.0,0.0,0.0,0.0,0.0," 0]""",0.000609397888183,0.00019454956054600002,2.517737865447998,0.015930993482470002,0.0,0.00020217895507800002,8.106231689453125e-05,8.106231689453125e-05,0.5036057098765431,0.503606481481481,7.716049382716048e-07
1024294493560,102429449356,0,0,20736949,1.0,"""[0",0.0,0.0,0.0,0.0,0.0,0.0,0.0,0.0,0.0," 0]""",0.000896453857421,9.918212890625001e-05,3.610739946365356,0.019558023661375,0.0,0.00020217895507800002,8.106231689453125e-05,8.106231689453125e-05,0.5064606481481481,0.5064618055555551,1.157407407407407e-06
1024294493560,102429449356,0,0,20736949,1.0,"""[4.386901855468751e-05",4.673004150390626e-05,5.054473876953126e-05,5.435943603515626e-05,5.817413330078126e-05,6.103515625e-05,6.4849853515625e-05,6.866455078125e-05,7.2479248046875e-05,7.62939453125e-05," 7.915496826171875e-05]""",0.000216484069824,5.245208740234376e-05,3.550679683685302,0.023776365444064,0.0,0.00028610229492100005,0.000191688537597,0.000190734863281,0.5081018518518511,0.5081215277777771,1.9675925925925922e-05
1024294493560,102429449356,0,0,20736949,1.0,"""[4.768371582031251e-05",5.149841308593751e-05,5.626678466796876e-05,6.008148193359376e-05,6.4849853515625e-05,6.866455078125e-05,7.343292236328125e-05,7.724761962890625e-05,8.20159912109375e-05,8.583068847656251e-05," 0.000201225280761]""",0.0004911422729490001,6.389617919921875e-05,0.0,0.0,0.0,0.00029563903808500004,0.00019264221191400002,0.00018978118896400002,0.500347222222222,0.500462962962963,0.00011574074074
1024294493560,102429449356,0,0,20736949,1.0,"""[4.577636718750001e-05",5.054473876953126e-05,5.435943603515626e-05,5.912780761718751e-05,6.29425048828125e-05,6.771087646484375e-05,7.2479248046875e-05,7.62939453125e-05,8.106231689453125e-05,8.487701416015626e-05," 0.000196456909179]""",0.000311851501464,6.29425048828125e-05,0.0,0.0,0.0,0.00022888183593700002,0.00019264221191400002,0.000190734863281,0.504976851851851,0.5050293209876541,5.246913580246913e-05
1024294493560,102429449356,0,0,20736949,1.0,"""[4.291534423828126e-05",4.673004150390626e-05,5.149841308593751e-05,5.626678466796876e-05,6.103515625e-05,6.580352783203125e-05,7.05718994140625e-05,7.534027099609375e-05,7.915496826171875e-05,8.392333984375001e-05," 0.00018119812011700001]""",0.000279426574707,5.626678466796876e-05,3.606446266174316,0.024530570954084,0.0,0.00031566619873000005,0.000190734863281,0.000190734863281,0.5090277777777771,0.509072916666666,4.513888888888889e-05
1024294493560,102429449356,0,0,20736949,1.0,"""[4.291534423828126e-05",4.768371582031251e-05,5.531311035156251e-05,6.198883056640625e-05,6.961822509765625e-05,7.724761962890625e-05,8.392333984375001e-05,9.536743164062501e-05,0.000110626220703,0.000124931335449," 0.00015163421630800001]""",0.000489234924316,7.343292236328125e-05,3.384290218353271,0.021716447547078,0.0,0.00023746490478500002,0.000190734863281,0.00018978118896400002,0.505208333333333,0.50526774691358,5.941358024691359e-05
1024294493560,102429449356,0,0,20736949,0.996666669845581,"""[4.386901855468751e-05",4.959106445312501e-05,5.626678466796876e-05,6.198883056640625e-05,6.771087646484375e-05,7.43865966796875e-05,8.0108642578125e-05,8.583068847656251e-05,0.00012016296386700001,0.00019836425781200002," 0.001697540283203]""",0.0017223358154290001,0.000111579895019,0.0,0.0,0.0,0.000205993652343,0.0005989074707030001,0.00027275085449200004,0.501504629629629,0.50162037037037,0.00011574074074
1024294493560,102429449356,0,0,20736949,1.0,"""[4.577636718750001e-05",5.054473876953126e-05,5.531311035156251e-05,6.008148193359376e-05,6.580352783203125e-05,7.05718994140625e-05,7.534027099609375e-05,8.0108642578125e-05,8.487701416015626e-05,0.00010490417480400001," 0.000185966491699]""",0.00046825408935500005,6.771087646484375e-05,3.439900159835815,0.022957347333431,0.0,0.000216484069824,0.000190734863281,0.00018978118896400002,0.505439814814814,0.5055073302469131,6.751543209876543e-05
1024294493560,102429449356,0,0,20736949,1.0,"""[4.482269287109376e-05",4.673004150390626e-05,5.054473876953126e-05,5.435943603515626e-05,5.817413330078126e-05,6.198883056640625e-05,6.580352783203125e-05,7.05718994140625e-05,7.43865966796875e-05,7.82012939453125e-05," 8.0108642578125e-05]""",0.00023269653320300002,5.149841308593751e-05,3.996426582336425,0.025589128956198002,0.0,0.000266075134277,0.00018978118896400002,0.00018978118896400002,0.5076388888888881,0.50764699074074,8.10185185185185e-06
1024294493560,102429449356,0,0,20736949,1.0,"""[0.00010108947753900001",0.00012016296386700001,0.000144958496093,0.000170707702636,0.00031280517578100004,0.00040721893310500005,0.0005264282226560001,0.0009288787841790001,0.003055572509765,0.00390625," 0.005035400390625]""",0.005027770996093001,0.0008697509765620001,0.0,0.0,0.0,0.00011730194091700002,0.00059700012207,0.0005464553833000001,0.5019506172839501,0.501967592592592,1.6975308641975302e-05
1024294493560,102429449356,0,0,20736949,1.0,"""[0",0.0,0.0,0.0,0.0,0.0,0.0,0.0,0.0,0.0,"0]""",0.0,0.0,0.0,0.0,0.0,0.0,0.0,0.0,0.5071743827160491,0.5071759259259261,1.5432098765432092e-06
1024294493560,102429449356,0,0,20736949,1.0,"""[0",0.0,0.0,1.9073486328125e-06,4.76837158203125e-06,7.62939453125e-06,1.1444091796875002e-05,1.4305114746093752e-05,1.621246337890625e-05,1.621246337890625e-05," 1.621246337890625e-05]""",0.0016231536865230001,3.814697265625e-06,3.429600715637207,0.022176371887326,0.0,0.000191688537597,8.106231689453125e-05,6.389617919921875e-05,0.504079861111111,0.504081404320987,1.5432098765432092e-06
1024294493560,102429449356,0,0,20736949,0.8571428656578061,"""[0",0.0,0.0,0.0,1.9073486328125e-06,5.7220458984375e-06,9.5367431640625e-06,1.1444091796875002e-05,1.1444091796875002e-05,1.1444091796875002e-05," 1.1444091796875002e-05]""",0.000554084777832,1.9073486328125e-06,2.821235179901123,0.016004120931029,0.0,0.00020217895507800002,8.106231689453125e-05,5.149841308593751e-05,0.50265625,0.502658950617283,2.7006172839506168e-06
1024294493560,102429449356,0,0,20736949,1.0,"""[0.00010108947753900001",0.00010108947753900001,0.00010108947753900001,0.00010108947753900001,0.00027275085449200004,0.00028610229492100005,0.000299453735351,0.000635147094726,0.000635147094726,0.000635147094726," 0.000635147094726]""",0.000636100769042,0.00023555755615200003,2.517737865447998,0.015930993482470002,0.0,0.00020217895507800002,0.00019359588623000002,0.00019359588623000002,0.503604552469135,0.5036057098765431,1.157407407407407e-06
1024294493560,102429449356,0,0,20736949,1.0,"""[0",5.722045898437501e-05,7.05718994140625e-05,8.392333984375001e-05,0.00010108947753900001,0.00012111663818300001,0.00015068054199200001,0.00020408630371000002,0.00031661987304600005,0.000580787658691," 0.007324218749999999]""",0.007316589355468001,0.00026130676269500003,0.0,0.0,0.0,0.000161170959472,0.0006189346313470001,0.00042533874511700004,0.503376543209876,0.503472222222222,9.567901234567901e-05
1024294493560,102429449356,0,0,20736949,1.0,"""[7.62939453125e-05",9.059906005859376e-05,0.00010299682617100001,0.000114440917968,0.000125885009765,0.000149726867675,0.00021457672119100003,0.000306129455566,0.0005636215209960001,0.002460479736328," 0.007705688476562]""",0.007698059082031,0.00045680999755800004,0.0,0.0,0.0,0.00012016296386700001,0.000641822814941,0.000590324401855,0.505755787037037,0.5057870370370371,3.125e-05
1024294493560,102429449356,0,0,20736949,1.0,"""[0",0.0,0.0,0.0,0.0,0.0,0.0,0.0,0.0,0.0," 0]""",0.00048065185546800006,0.000116348266601,3.502368688583374,0.017769681289792002,0.0,0.000257492065429,8.20159912109375e-05,8.20159912109375e-05,0.501466820987654,0.5014679783950611,1.157407407407407e-06
1024294493560,102429449356,0,0,20736949,1.0,"""[1.71661376953125e-05",9.346008300781251e-05,0.000109672546386,0.000125885009765,0.00015640258789,0.00021171569824200001,0.00026226043701100003,0.000341415405273,0.00046634674072200004,0.0008983612060540001," 0.008224487304687]""",0.007492065429687,0.00031661987304600005,0.0,0.0,0.0,0.00013351440429600002,0.000597953796386,0.0005941390991210001,0.504801697530864,0.5048611111111111,5.941358024691359e-05
1024294493560,102429449356,0,0,20736949,1.0,"""[0",0.0,0.0,1.9073486328125e-06,3.814697265625e-06,5.7220458984375e-06,6.67572021484375e-06,8.58306884765625e-06,1.0490417480468752e-05,1.0490417480468752e-05," 1.0490417480468752e-05]""",0.0010528564453120002,1.9073486328125e-06,4.109105110168457,0.023043399676680003,0.0,0.00015926361083900002,8.106231689453125e-05,6.008148193359376e-05,0.500754629629629,0.500756558641975,1.929012345679012e-06
1024294493560,102429449356,0,0,20736949,1.0,"""[0",0.0,0.0,1.9073486328125e-06,3.814697265625e-06,5.7220458984375e-06,8.58306884765625e-06,1.0490417480468752e-05,1.2397766113281252e-05,1.2397766113281252e-05," 1.2397766113281252e-05]""",0.00132942199707,2.86102294921875e-06,2.365350484848022,0.020273655652999,0.0,0.00024127960205000003,8.106231689453125e-05,5.435943603515626e-05,0.501944058641975,0.5019459876543211,1.929012345679012e-06
1024294493560,102429449356,0,0,20736949,1.0,"""[0",0.0,0.0,0.0,0.0,0.0,0.0,0.0,0.0,0.0," 0]""",0.000786781311035,0.00039291381835900003,2.821235179901123,0.016004120931029,0.0,0.00020313262939400002,8.106231689453125e-05,8.106231689453125e-05,0.5026554783950611,0.50265625,7.716049382716048e-07
1024294493560,102429449356,0,0,20736949,1.0,"""[5.435943603515626e-05",5.912780761718751e-05,6.389617919921875e-05,6.866455078125e-05,7.343292236328125e-05,7.82012939453125e-05,8.296966552734376e-05,8.773803710937501e-05,0.00012016296386700001,0.00021266937255800001," 0.002311706542968]""",0.002311706542968,0.00012016296386700001,0.0,0.0,0.0,0.00018882751464800002,0.0005989074707030001,0.000266075134277,0.501967592592592,0.502083333333333,0.00011574074074
1024294493560,102429449356,0,0,20736949,1.0,"""[4.673004150390626e-05",5.340576171875001e-05,6.008148193359376e-05,6.67572021484375e-05,7.43865966796875e-05,8.106231689453125e-05,8.773803710937501e-05,0.00011825561523400002,0.00015640258789,0.000260353088378," 0.001821517944335]""",0.001821517944335,0.000126838684082,3.465157508850097,0.020901165902614,0.0,0.00021839141845700002,0.0006008148193350001,0.00032329559326100003,0.5060185185185181,0.506134259259259,0.00011574074074
1024294493560,102429449356,0,0,20736949,1.0,"""[4.00543212890625e-05",4.768371582031251e-05,5.245208740234376e-05,5.722045898437501e-05,6.29425048828125e-05,6.771087646484375e-05,7.2479248046875e-05,7.724761962890625e-05,8.20159912109375e-05,8.678436279296876e-05," 0.00023746490478500002]""",0.000680923461914,6.4849853515625e-05,2.821235179901123,0.016004120931029,0.0,0.00020217895507800002,0.00019359588623000002,0.000191688537597,0.502546296296296,0.502654706790123,0.000108410493827
1024294493560,102429449356,0,0,20736949,1.0,"""[5.340576171875001e-05",5.722045898437501e-05,6.103515625e-05,6.4849853515625e-05,6.771087646484375e-05,7.152557373046875e-05,7.534027099609375e-05,7.915496826171875e-05,8.296966552734376e-05,8.678436279296876e-05," 0.00018501281738200003]""",0.000472068786621,6.866455078125e-05,4.458559036254882,0.022245168685913003,0.0,0.000277519226074,0.00019454956054600002,0.00019264221191400002,0.506597222222222,0.506695987654321,9.876543209876544e-05
1024294493560,102429449356,0,0,20736949,1.0,"""[4.196166992187501e-05",4.768371582031251e-05,5.245208740234376e-05,5.722045898437501e-05,6.198883056640625e-05,6.67572021484375e-05,7.152557373046875e-05,7.62939453125e-05,8.106231689453125e-05,8.678436279296876e-05," 0.000152587890625]""",0.00046634674072200004,5.531311035156251e-05,3.996426582336425,0.025589128956198002,0.0,0.000266075134277,0.00018978118896400002,0.00018882751464800002,0.507523148148148,0.5076388888888881,0.00011574074074
1024294493560,102429449356,0,0,20736949,1.0,"""[0",0.0,0.0,0.00022888183593700002,0.000247001647949,0.00028610229492100005,0.00032615661621000004,0.00034332275390600004,0.00040531158447200004,0.00040531158447200004," 0.00040531158447200004]""",0.0005722045898430001,0.000190734863281,2.824823856353759,0.018632067367434002,0.0,0.000175476074218,0.000195503234863,0.00019359588623000002,0.500273919753086,0.500275462962963,1.5432098765432092e-06
1024294493560,102429449356,0,0,20736949,1.0,"""[0",0.0,0.0,0.0,0.0,0.0,0.0,0.0,0.0,0.0," 0]""",0.0005407333374020001,0.000107765197753,0.0,0.0,0.0,0.00022888183593700002,8.0108642578125e-05,8.0108642578125e-05,0.5050308641975301,0.505032021604938,1.157407407407407e-06
1024294493560,102429449356,0,0,20736949,1.0,"""[1.0490417480468752e-05",5.626678466796876e-05,6.866455078125e-05,8.20159912109375e-05,9.918212890625001e-05,0.0001220703125,0.00015926361083900002,0.00021934509277300002,0.00033283233642500003,0.0006294250488280001," 0.007293701171875001]""",0.00701904296875,0.000311851501464,0.0,0.0,0.0,0.00013351440429600002,0.000597953796386,0.00047016143798800006,0.508128858024691,0.508217592592592,8.873456790123456e-05
1024294493560,102429449356,0,0,20736949,1.0,"""[0",0.0,0.0,9.5367431640625e-07,2.86102294921875e-06,4.76837158203125e-06,6.67572021484375e-06,8.58306884765625e-06,9.5367431640625e-06,9.5367431640625e-06," 9.5367431640625e-06]""",0.0014572143554680002,1.9073486328125e-06,2.448394298553466,0.017703462392091,0.0,0.000205039978027,8.106231689453125e-05,5.340576171875001e-05,0.505987268518518,0.505989197530864,1.929012345679012e-06
1024294493560,102429449356,0,0,20736949,1.0,"""[1.1444091796875002e-05",8.869171142578126e-05,0.00010299682617100001,0.00011730194091700002,0.00013256072998000002,0.00016307830810500002,0.00021553039550700003,0.000308990478515,0.00041770935058500004,0.0006561279296870001," 0.006355285644531]""",0.006355285644531,0.00035572052001900005,0.0,0.0,0.0,0.00016307830810500002,0.000597953796386,0.000548362731933,0.504562885802469,0.504629629629629,6.674382716049382e-05
1024294493560,102429449356,0,0,20736949,1.0,"""[0",0.0,0.0,0.0,0.0,0.0,0.0,0.0,0.0,0.0," 0]""",0.0007972717285150001,0.000266075134277,3.607803583145141,0.025104256346821,0.0,0.000308036804199,7.915496826171875e-05,7.915496826171875e-05,0.509547067901234,0.5095482253086421,1.157407407407407e-06
1024294493560,102429449356,0,0,20736949,1.0,"""[0",0.0,0.0,5.245208740234376e-05,7.05718994140625e-05,0.00024223327636700001,0.00041389465332000003,0.000431060791015,0.000646591186523,0.000646591186523," 0.000646591186523]""",0.000670433044433,0.000201225280761,2.244422197341918,0.016585880890488,0.0,0.00020217895507800002,0.00019454956054600002,0.00013732910156200002,0.5021790123456791,0.5021805555555551,1.5432098765432092e-06
1024294493560,102429449356,0,0,20736949,1.0,"""[0",0.0,0.0,1.9073486328125e-06,3.814697265625e-06,6.67572021484375e-06,8.58306884765625e-06,1.0490417480468752e-05,1.2397766113281252e-05,1.2397766113281252e-05," 1.2397766113281252e-05]""",0.0010738372802730001,2.86102294921875e-06,3.119653463363647,0.016224706545472003,0.0,0.00023555755615200003,8.0108642578125e-05,6.103515625e-05,0.5024193672839501,0.5024212962962961,1.929012345679012e-06
1024294493560,102429449356,0,0,20736949,1.0,"""[0",0.0,0.0,0.0,0.00027275085449200004,0.00028610229492100005,0.000299453735351,0.000561714172363,0.000561714172363,0.000561714172363," 0.000561714172363]""",0.0006008148193350001,0.000154495239257,3.550679683685302,0.023776365444064,0.0,0.00028610229492100005,0.00019264221191400002,0.000191688537597,0.5081215277777771,0.5081230709876541,1.5432098765432092e-06
1024294493560,102429449356,0,0,20736949,1.0,"""[0",0.0,9.5367431640625e-07,4.76837158203125e-06,7.62939453125e-06,1.1444091796875002e-05,1.4305114746093752e-05,1.811981201171875e-05,2.0980834960937503e-05,2.1934509277343753e-05," 2.1934509277343753e-05]""",0.00163459777832,3.814697265625e-06,3.78208303451538,0.015374337323009002,0.0,0.000247955322265,8.106231689453125e-05,5.817413330078126e-05,0.5033695987654321,0.503371913580246,2.314814814814814e-06
1024294493560,102429449356,0,0,20736949,1.0,"""[0",0.0,0.0,5.245208740234376e-05,7.05718994140625e-05,0.00019836425781200002,0.00032615661621000004,0.00034332275390600004,0.000516891479492,0.000516891479492," 0.000516891479492]""",0.000523567199707,0.00016784667968700002,3.87572979927063,0.022819748148322,0.0,0.00017261505126900002,0.000191688537597,0.000190734863281,0.5078838734567901,0.5078854166666661,1.5432098765432092e-06
1024294493560,102429449356,0,0,20736949,1.0,"""[0",0.0,0.0,2.86102294921875e-06,5.7220458984375e-06,8.58306884765625e-06,1.2397766113281252e-05,1.52587890625e-05,1.811981201171875e-05,1.811981201171875e-05," 1.811981201171875e-05]""",0.0012874603271480001,3.814697265625e-06,3.678016424179077,0.015753021463751002,0.0,0.00021934509277300002,8.0108642578125e-05,6.198883056640625e-05,0.5017056327160491,0.501707561728395,1.929012345679012e-06
1024294493560,102429449356,0,0,20736949,1.0,"""[0",0.00010013580322200001,0.000116348266601,0.00013351440429600002,0.00016307830810500002,0.00021266937255800001,0.000306129455566,0.00037574768066400005,0.0005455017089840001,0.002120971679687," 0.00726318359375]""",0.007270812988281,0.00047588348388600003,0.0,0.0,0.0,0.00014209747314400002,0.00059700012207,0.000589370727539,0.5014741512345681,0.501504629629629,3.0478395061728392e-05
1024294493560,102429449356,0,0,20736949,1.0,"""[0",0.0,0.0,1.9073486328125e-06,4.76837158203125e-06,6.67572021484375e-06,8.58306884765625e-06,1.0490417480468752e-05,1.3351440429687502e-05,1.3351440429687502e-05," 1.3351440429687502e-05]""",0.0016860961914060002,2.86102294921875e-06,3.254726886749267,0.018893547356128002,0.0,0.00017642974853500002,7.915496826171875e-05,5.149841308593751e-05,0.507410879629629,0.507412808641975,1.929012345679012e-06
1024294493560,102429449356,0,0,20736949,1.0,"""[0",0.0,0.0,0.0,0.0,0.0,0.0,0.0,0.0,0.0," 0]""",0.000538825988769,9.822845458984376e-05,3.391078948974609,0.023742750287055,0.0,0.00014686584472600002,8.0108642578125e-05,8.0108642578125e-05,0.508836033950617,0.5088371913580241,1.157407407407407e-06
1024294493560,102429449356,0,0,20736949,1.0,"""[5.7220458984375e-06",0.00010585784912100001,0.000130653381347,0.00022888183593700002,0.00034332275390600004,0.000550270080566,0.0010433197021480001,0.0021934509277340003,0.004234313964843001,0.004547119140625," 0.00555419921875]""",0.004829406738281,0.001270294189453,0.0,0.0,0.0,9.822845458984376e-05,0.000593185424804,0.000554084777832,0.506703703703703,0.5067129629629631,9.259259259259259e-06
1024294493560,102429449356,0,0,20736949,1.0,"""[4.386901855468751e-05",4.863739013671876e-05,5.340576171875001e-05,5.817413330078126e-05,6.29425048828125e-05,6.771087646484375e-05,7.2479248046875e-05,7.724761962890625e-05,8.106231689453125e-05,8.583068847656251e-05," 0.00021457672119100003]""",0.00062084197998,5.912780761718751e-05,0.0,0.0,0.0,0.000191688537597,0.00019264221191400002,0.00018978118896400002,0.503935185185185,0.504050925925925,0.00011574074074
1024294493560,102429449356,0,0,20736949,1.0,"""[4.196166992187501e-05",4.768371582031251e-05,5.245208740234376e-05,5.722045898437501e-05,6.198883056640625e-05,6.67572021484375e-05,7.2479248046875e-05,7.724761962890625e-05,8.20159912109375e-05,8.678436279296876e-05," 0.00017738342285100002]""",0.00050926208496,5.817413330078126e-05,3.550679683685302,0.023776365444064,0.0,0.00028610229492100005,0.000190734863281,0.00018978118896400002,0.507986111111111,0.5081018518518511,0.00011574074074
1024294493560,102429449356,0,0,20736949,1.0,"""[4.959106445312501e-05",5.435943603515626e-05,5.817413330078126e-05,6.29425048828125e-05,6.771087646484375e-05,7.2479248046875e-05,7.724761962890625e-05,8.106231689453125e-05,8.583068847656251e-05,0.00013637542724600002," 0.00018501281738200003]""",0.000554084777832,7.62939453125e-05,3.568073987960815,0.018216632306575,0.0,0.000248908996582,0.00019264221191400002,0.00019264221191400002,0.504282407407407,0.504314429012345,3.2021604938271605e-05
1024294493560,102429449356,0,0,20736949,1.0,"""[4.100799560546875e-05",5.054473876953126e-05,5.722045898437501e-05,6.389617919921875e-05,7.05718994140625e-05,7.724761962890625e-05,8.392333984375001e-05,0.00010013580322200001,0.00013351440429600002,0.00023269653320300002," 0.00253677368164]""",0.002540588378906,0.000115394592285,3.610740184783935,0.019558023661375,0.0,0.00018119812011700001,0.00059700012207,0.000307083129882,0.5062500000000001,0.50636574074074,0.00011574074074
1024294493560,102429449356,0,0,20736949,1.0,"""[5.245208740234376e-05",5.626678466796876e-05,6.008148193359376e-05,6.389617919921875e-05,6.866455078125e-05,7.2479248046875e-05,7.62939453125e-05,8.0108642578125e-05,8.487701416015626e-05,9.822845458984376e-05," 0.0001802444458]""",0.0005025863647460001,6.866455078125e-05,2.680355072021484,0.019942196086049,0.0,0.00029563903808500004,0.00019359588623000002,0.00019264221191400002,0.500462962962963,0.500512731481481,4.9768518518518516e-05
1024294493560,102429449356,0,0,20736949,1.0,"""[4.577636718750001e-05",4.863739013671876e-05,5.149841308593751e-05,5.531311035156251e-05,5.912780761718751e-05,6.198883056640625e-05,6.580352783203125e-05,6.961822509765625e-05,7.2479248046875e-05,7.62939453125e-05," 7.915496826171875e-05]""",0.000255584716796,5.149841308593751e-05,3.741247653961181,0.023103971034288,0.0,0.00018119812011700001,0.000191688537597,0.000191688537597,0.5083333333333331,0.5083591820987651,2.5848765432098764e-05
1024294493560,102429449356,0,0,20736949,1.0,"""[4.959106445312501e-05",5.340576171875001e-05,5.817413330078126e-05,6.198883056640625e-05,6.67572021484375e-05,7.05718994140625e-05,7.534027099609375e-05,7.915496826171875e-05,8.392333984375001e-05,9.059906005859376e-05," 0.00017356872558500002]""",0.0006008148193350001,6.67572021484375e-05,4.109105587005615,0.023043399676680003,0.0,0.00015926361083900002,0.00019264221191400002,0.000191688537597,0.500694444444444,0.500751157407407,5.6712962962962965e-05
1024294493560,102429449356,0,0,20736949,1.0,"""[4.291534423828126e-05",4.863739013671876e-05,5.245208740234376e-05,5.722045898437501e-05,6.198883056640625e-05,6.67572021484375e-05,7.152557373046875e-05,7.62939453125e-05,8.106231689453125e-05,8.487701416015626e-05," 0.00013828277587800002]""",0.00025272369384700004,5.722045898437501e-05,3.391078948974609,0.023742750287055,0.0,0.00014686584472600002,0.00019264221191400002,0.000191688537597,0.5087962962962961,0.50883449074074,3.8194444444444444e-05
1024294493560,102429449356,0,0,20736949,1.0,"""[4.482269287109376e-05",5.054473876953126e-05,5.626678466796876e-05,6.198883056640625e-05,6.771087646484375e-05,7.343292236328125e-05,7.82012939453125e-05,8.392333984375001e-05,0.00010108947753900001,0.00014114379882800002," 0.00020885467529200002]""",0.000514030456542,7.915496826171875e-05,3.254727125167846,0.018893545493483002,0.0,0.00017642974853500002,0.00019264221191400002,0.00018978118896400002,0.507291666666666,0.5074074074074071,0.00011574074074
1024294493560,102429449356,0,0,20736949,1.0,"""[4.482269287109376e-05",4.863739013671876e-05,5.340576171875001e-05,5.817413330078126e-05,6.198883056640625e-05,6.67572021484375e-05,7.152557373046875e-05,7.534027099609375e-05,8.0108642578125e-05,8.487701416015626e-05," 0.000161170959472]""",0.00026226043701100003,5.817413330078126e-05,3.458056688308715,0.020550061017274003,0.0,0.00023078918457,0.00019264221191400002,0.000190734863281,0.505671296296296,0.5057480709876541,7.677469135802471e-05
1024294493560,102429449356,0,0,20736949,1.0,"""[0",0.0,0.0,1.9073486328125e-06,4.76837158203125e-06,6.67572021484375e-06,8.58306884765625e-06,1.0490417480468752e-05,1.3351440429687502e-05,1.3351440429687502e-05," 1.3351440429687502e-05]""",0.001270294189453,2.86102294921875e-06,2.192968845367431,0.012832180596888001,0.0,0.000287055969238,8.20159912109375e-05,6.580352783203125e-05,0.500992283950617,0.5009942129629631,1.929012345679012e-06
1024294493560,102429449356,0,0,20736949,1.0,"""[5.817413330078126e-05",5.817413330078126e-05,5.817413330078126e-05,5.817413330078126e-05,0.000361442565917,0.00037384033203100004,0.00038719177246000004,0.000432014465332,0.000432014465332,0.000432014465332," 0.000432014465332]""",0.00018310546875,5.817413330078126e-05,2.821235179901123,0.016004120931029,0.0,0.00020313262939400002,0.00019264221191400002,0.00019264221191400002,0.502654706790123,0.5026554783950611,7.716049382716048e-07
1024294493560,102429449356,0,0,20736949,1.0,"""[0",0.0,0.0,0.0,0.0,0.0,0.0,0.0,0.0,0.0," 0]""",0.00048446655273400003,0.00014114379882800002,3.996426582336425,0.025589128956198002,0.0,0.000267028808593,8.106231689453125e-05,8.106231689453125e-05,0.5076481481481481,0.507648919753086,7.716049382716048e-07
1024294493560,102429449356,0,0,20736949,1.0,"""[0",0.00067138671875,0.0009899139404290001,0.00160789489746,0.002552032470703,0.003852844238281,0.004753112792968001,0.00567626953125,0.005943298339843001,0.006118774414062," 0.007156372070312]""",0.007164001464843001,0.004928588867187,0.0,0.0,0.0,0.000116348266601,0.000532150268554,0.000430107116699,0.506942515432098,0.5069444444444441,1.929012345679012e-06
1024294493560,102429449356,0,0,20736949,1.0,"""[8.58306884765625e-06",5.817413330078126e-05,7.2479248046875e-05,8.678436279296876e-05,0.00010204315185500001,0.00011825561523400002,0.000139236450195,0.00022315979003900002,0.00032520294189400005,0.00054931640625," 0.00714111328125]""",0.005874633789062,0.00025272369384700004,0.0,0.0,0.0,0.000114440917968,0.0006017684936520001,0.00048732757568300004,0.508606481481481,0.508680555555555,7.407407407407409e-05
1024294493560,102429449356,0,0,20736949,1.0,"""[0",0.0,0.0,0.0,0.0,0.0,0.0,0.0,0.0,0.0," 0]""",0.00055980682373,7.82012939453125e-05,3.87572979927063,0.022819748148322,0.0,0.00017261505126900002,8.20159912109375e-05,8.106231689453125e-05,0.5078854166666661,0.5078869598765431,1.5432098765432092e-06
1024294493560,102429449356,0,0,20736949,1.0,"""[0",0.0,0.0,5.245208740234376e-05,7.05718994140625e-05,0.00017642974853500002,0.000281333923339,0.000299453735351,0.000532150268554,0.000532150268554," 0.000532150268554]""",0.0005331039428710001,0.000165939331054,3.391078948974609,0.023742750287055,0.0,0.00014686584472600002,0.00019359588623000002,0.00019264221191400002,0.50883449074074,0.508836033950617,1.5432098765432092e-06
1024294493560,102429449356,0,0,20736949,1.0,"""[0",0.0,0.0,1.9073486328125e-06,4.76837158203125e-06,6.67572021484375e-06,9.5367431640625e-06,1.1444091796875002e-05,1.4305114746093752e-05,1.4305114746093752e-05," 1.4305114746093752e-05]""",0.001262664794921,1.9073486328125e-06,2.244422197341918,0.016585880890488,0.0,0.00020217895507800002,8.20159912109375e-05,6.103515625e-05,0.502181327160493,0.5021836419753081,2.314814814814814e-06
1024294493560,102429449356,0,0,20736949,1.0,"""[2.0980834960937503e-05",5.149841308593751e-05,6.4849853515625e-05,7.915496826171875e-05,9.441375732421876e-05,0.000111579895019,0.000128746032714,0.000174522399902,0.00032329559326100003,0.0006256103515620001," 0.006103515625]""",0.00616455078125,0.00036239624023400003,0.0,0.0,0.0,0.00021266937255800001,0.0005960464477530001,0.00047874450683500004,0.509315972222222,0.509375,5.902777777777779e-05
1024294493560,102429449356,0,0,20736949,1.0,"""[7.62939453125e-05",8.869171142578126e-05,0.00010108947753900001,0.000114440917968,0.000126838684082,0.000152587890625,0.00020694732666000002,0.00029468536376900005,0.00042438507080000003,0.0008935928344720001," 0.006202697753906]""",0.006202697753906,0.00043487548828100004,0.0,0.0,0.0,0.000129699707031,0.00059700012207,0.000578880310058,0.505277006172839,0.5053240740740741,4.7067901234567906e-05
1024294493560,102429449356,0,0,20736949,1.0,"""[0",0.0,0.0,9.727478027343751e-05,0.000114440917968,0.00022029876708900002,0.00032615661621000004,0.00034332275390600004,0.00068187713623,0.00068187713623," 0.00068187713623]""",0.000682830810546,0.00021076202392500003,2.564341783523559,0.016878087073564002,0.0,0.00029563903808500004,0.000196456909179,0.000196456909179,0.500036265432098,0.500037808641975,1.5432098765432092e-06
1024294493560,102429449356,0,0,20736949,1.0,"""[0",0.0,0.0,0.0,0.0,0.0,0.0,0.0,0.0,0.0," 0]""",0.000580787658691,2.6702880859375003e-05,3.678016424179077,0.015753021463751002,0.0,0.00021934509277300002,8.106231689453125e-05,8.0108642578125e-05,0.501704475308641,0.5017056327160491,1.157407407407407e-06
1024294493560,102429449356,0,0,20736949,1.0,"""[0",0.0,0.0,9.5367431640625e-07,2.86102294921875e-06,3.814697265625e-06,4.76837158203125e-06,5.7220458984375e-06,6.67572021484375e-06,6.67572021484375e-06," 6.67572021484375e-06]""",0.0006923675537100001,1.9073486328125e-06,3.603742599487304,0.020632049068808,0.0,0.00018405914306600003,8.106231689453125e-05,4.577636718750001e-05,0.506935185185185,0.5069374999999999,2.314814814814814e-06
1024294493560,102429449356,0,0,20736949,1.0,"""[0",0.0,0.0,5.245208740234376e-05,7.05718994140625e-05,0.00017642974853500002,0.000281333923339,0.000299453735351,0.000550270080566,0.000550270080566," 0.000550270080566]""",0.0005998611450190001,0.000226974487304,3.439900159835815,0.022957347333431,0.0,0.000216484069824,0.000190734863281,0.000190734863281,0.5055073302469131,0.505508487654321,1.157407407407407e-06
1024294493560,102429449356,0,0,20736949,1.0,"""[0",0.0,0.0,0.0,0.0,0.0,0.0,0.0,0.0,0.0," 0]""",0.0005464553833000001,5.149841308593751e-05,3.439900159835815,0.022957347333431,0.0,0.000216484069824,8.0108642578125e-05,7.915496826171875e-05,0.505508487654321,0.505510802469135,2.314814814814814e-06
1024294493560,102429449356,0,0,20736949,1.0,"""[0",5.340576171875001e-05,6.29425048828125e-05,7.2479248046875e-05,8.20159912109375e-05,9.822845458984376e-05,0.000124931335449,0.00016212463378900002,0.000279426574707,0.000558853149414," 0.008529663085937]""",0.008529663085937,0.00027084350585900003,0.0,0.0,0.0,0.000153541564941,0.000597953796386,0.00039386749267500003,0.504323302469135,0.504398148148148,7.484567901234568e-05
1024294493560,102429449356,0,0,20736949,1.0,"""[4.291534423828126e-05",4.768371582031251e-05,5.149841308593751e-05,5.626678466796876e-05,6.103515625e-05,6.580352783203125e-05,7.05718994140625e-05,7.534027099609375e-05,7.915496826171875e-05,8.392333984375001e-05," 8.773803710937501e-05]""",0.00032234191894500003,5.245208740234376e-05,3.87572979927063,0.022819748148322,0.0,0.00017261505126900002,0.00018978118896400002,0.00018882751464800002,0.5078703703703701,0.5078838734567901,1.3503086419753082e-05
1024294493560,102429449356,0,0,20736949,1.0,"""[4.768371582031251e-05",5.245208740234376e-05,5.626678466796876e-05,6.103515625e-05,6.4849853515625e-05,6.961822509765625e-05,7.343292236328125e-05,7.82012939453125e-05,8.296966552734376e-05,8.678436279296876e-05," 0.000200271606445]""",0.0005769729614250001,6.580352783203125e-05,0.0,0.0,0.0,0.000248908996582,0.000191688537597,0.00018978118896400002,0.504166666666666,0.504282407407407,0.00011574074074
1024294493560,102429449356,0,0,20736949,1.0,"""[4.768371582031251e-05",5.245208740234376e-05,5.626678466796876e-05,6.008148193359376e-05,6.4849853515625e-05,6.866455078125e-05,7.343292236328125e-05,7.724761962890625e-05,8.106231689453125e-05,8.583068847656251e-05," 0.00018310546875]""",0.000328063964843,6.67572021484375e-05,3.465157747268676,0.020901167765259,0.0,0.000246047973632,0.00019454956054600002,0.00019264221191400002,0.506134259259259,0.506221836419753,8.757716049382718e-05
1024294493560,102429449356,0,0,20736949,1.0,"""[4.768371582031251e-05",5.245208740234376e-05,5.626678466796876e-05,6.103515625e-05,6.580352783203125e-05,7.05718994140625e-05,7.43865966796875e-05,7.915496826171875e-05,8.392333984375001e-05,9.059906005859376e-05," 0.00023746490478500002]""",0.000547409057617,6.67572021484375e-05,0.0,0.0,0.0,0.00015926361083900002,0.000191688537597,0.00018978118896400002,0.500578703703703,0.500694444444444,0.00011574074074
1024294493560,102429449356,0,0,20736949,1.0,"""[4.291534423828126e-05",4.768371582031251e-05,5.245208740234376e-05,5.722045898437501e-05,6.29425048828125e-05,6.771087646484375e-05,7.2479248046875e-05,7.724761962890625e-05,8.20159912109375e-05,8.678436279296876e-05," 0.000195503234863]""",0.0005035400390620001,5.817413330078126e-05,3.711638212203979,0.027404801920056003,0.0,0.000300407409667,0.000191688537597,0.00018882751464800002,0.508449074074074,0.5085648148148141,0.00011574074074
1024294493560,102429449356,0,0,20736949,1.0,"""[5.149841308593751e-05",5.626678466796876e-05,6.103515625e-05,6.580352783203125e-05,7.05718994140625e-05,7.43865966796875e-05,7.915496826171875e-05,8.392333984375001e-05,9.441375732421876e-05,0.000144004821777," 0.002521514892578]""",0.002525329589843,0.00010108947753900001,0.0,0.0,0.0,0.000275611877441,0.0006008148193350001,0.00022983551025300002,0.500810185185185,0.500925925925925,0.00011574074074
1024294493560,102429449356,0,0,20736949,1.0,"""[4.959106445312501e-05",5.435943603515626e-05,5.817413330078126e-05,6.29425048828125e-05,6.67572021484375e-05,7.152557373046875e-05,7.62939453125e-05,8.0108642578125e-05,8.487701416015626e-05,0.00010108947753900001," 0.00021362304687500003]""",0.00059700012207,7.2479248046875e-05,2.847556829452514,0.013629211112856001,0.0,0.00025272369384700004,0.00019741058349600002,0.00019359588623000002,0.502777777777777,0.50289274691358,0.000114969135802
1024294493560,102429449356,0,0,20736949,1.0,"""[4.863739013671876e-05",5.245208740234376e-05,5.722045898437501e-05,6.103515625e-05,6.580352783203125e-05,6.961822509765625e-05,7.43865966796875e-05,7.915496826171875e-05,8.296966552734376e-05,8.773803710937501e-05," 0.000186920166015]""",0.000529289245605,6.771087646484375e-05,2.475669384002685,0.019147684797644,0.0,0.00020790100097600002,0.00019359588623000002,0.00019264221191400002,0.501157407407407,0.5012272376543211,6.983024691358025e-05
1024294493560,102429449356,0,0,20736949,1.0,"""[3.814697265625e-05",4.386901855468751e-05,4.959106445312501e-05,5.531311035156251e-05,6.198883056640625e-05,6.771087646484375e-05,7.343292236328125e-05,8.0108642578125e-05,8.583068847656251e-05,0.00010585784912100001," 0.00025177001953100004]""",0.000452995300292,6.103515625e-05,3.607803344726562,0.025104252621531,0.0,0.000307083129882,0.00018787384033200002,0.000186920166015,0.509375,0.5094907407407401,0.00011574074074
1024294493560,102429449356,0,0,20736949,1.0,"""[4.959106445312501e-05",5.340576171875001e-05,5.817413330078126e-05,6.198883056640625e-05,6.67572021484375e-05,7.152557373046875e-05,7.534027099609375e-05,8.0108642578125e-05,8.487701416015626e-05,0.00010395050048800001," 0.00023651123046800003]""",0.000640869140625,7.534027099609375e-05,3.6780166625976562,0.015753021463751002,0.0,0.00021934509277300002,0.00019359588623000002,0.00019264221191400002,0.50162037037037,0.5017025462962961,8.217592592592594e-05
1024294493560,102429449356,0,0,20736949,0.9956521987915031,"""[4.673004150390626e-05",5.054473876953126e-05,5.531311035156251e-05,6.008148193359376e-05,6.4849853515625e-05,6.961822509765625e-05,7.43865966796875e-05,7.915496826171875e-05,8.392333984375001e-05,9.441375732421876e-05," 0.00017642974853500002]""",0.0005569458007810001,7.05718994140625e-05,2.365350723266601,0.020273657515645003,0.0,0.00024127960205000003,0.00019359588623000002,0.00019264221191400002,0.501851851851851,0.501940586419753,8.873456790123456e-05
1024294493560,102429449356,0,0,20736949,1.0,"""[0",5.531311035156251e-05,6.771087646484375e-05,8.0108642578125e-05,9.632110595703126e-05,0.00012016296386700001,0.00015640258789,0.00021457672119100003,0.000290870666503,0.000421524047851," 0.007026672363281]""",0.007034301757812,0.000290870666503,0.0,0.0,0.0,0.000216484069824,0.0006065368652340001,0.000443458557128,0.507893518518518,0.507986111111111,9.259259259259259e-05
1024294493560,102429449356,0,0,20736949,1.0,"""[0",0.0,0.0,0.0,0.0,0.0,0.0,0.0,0.0,0.0," 0]""",0.0,0.0,3.119653463363647,0.016224706545472003,0.0,0.00023555755615200003,8.106231689453125e-05,8.0108642578125e-05,0.5024182098765431,0.5024193672839501,1.157407407407407e-06
1024294493560,102429449356,0,0,20736949,1.0,"""[0",0.0,0.0,1.9073486328125e-06,3.814697265625e-06,4.76837158203125e-06,6.67572021484375e-06,8.58306884765625e-06,1.0490417480468752e-05,1.0490417480468752e-05," 1.0490417480468752e-05]""",0.000562667846679,1.9073486328125e-06,3.550631999969482,0.023398529738187002,0.0,0.000269889831542,8.0108642578125e-05,6.4849853515625e-05,0.507172453703703,0.5071743827160491,1.929012345679012e-06
1024294493560,102429449356,0,0,20736949,1.0,"""[0",0.0,0.0,0.0,5.245208740234376e-05,6.580352783203125e-05,7.915496826171875e-05,0.0006685256958000001,0.0006685256958000001,0.0006685256958000001," 0.0006685256958000001]""",0.00075626373291,0.00019836425781200002,4.109105110168457,0.023043399676680003,0.0,0.00015926361083900002,0.00019359588623000002,0.00019359588623000002,0.500751157407407,0.500752700617283,1.5432098765432092e-06
1024294493560,102429449356,0,0,20736949,1.0,"""[0",0.0,0.0,0.0,0.0,0.0,0.0,0.0,0.0,0.0," 0]""",0.00041675567626900005,5.912780761718751e-05,2.448394298553466,0.017703462392091,0.0,0.000205039978027,8.20159912109375e-05,8.106231689453125e-05,0.5059853395061721,0.505987268518518,1.929012345679012e-06
1024294493560,102429449356,0,0,20736949,1.0,"""[0",0.0,0.0,5.245208740234376e-05,7.05718994140625e-05,8.773803710937501e-05,0.00010585784912100001,0.000123023986816,0.001110076904296,0.001110076904296," 0.001110076904296]""",0.00111961364746,0.00026321411132800005,3.678016424179077,0.015753021463751002,0.0,0.00021934509277300002,0.00019359588623000002,0.000148773193359,0.5017025462962961,0.501704475308641,1.929012345679012e-06
1024294493560,102429449356,0,0,20736949,1.0,"""[0",0.0,0.0,0.0,0.0,0.0,0.0,0.0,0.0,0.0," 0]""",0.000611305236816,0.00014781951904200002,3.550631999969482,0.023398529738187002,0.0,0.000269889831542,8.0108642578125e-05,8.0108642578125e-05,0.5071716820987651,0.507172453703703,7.716049382716048e-07
1024294493560,102429449356,0,0,20736949,1.0,"""[0",0.0,0.0,0.0,0.0,0.0,0.0,0.0,0.0,0.0," 0]""",0.000672340393066,8.487701416015626e-05,3.568073749542236,0.01821663044393,0.0,0.000248908996582,8.106231689453125e-05,8.0108642578125e-05,0.504315586419753,0.504317129629629,1.5432098765432092e-06
1024294493560,102429449356,0,0,20736949,1.0,"""[0",0.0,0.0,0.00018501281738200003,0.00020217895507800002,0.00024223327636700001,0.000281333923339,0.000299453735351,0.00032615661621000004,0.00032615661621000004," 0.00032615661621000004]""",0.00046825408935500005,0.000200271606445,3.458056688308715,0.020550061017274003,0.0,0.00023078918457,0.00019359588623000002,0.00019264221191400002,0.5057480709876541,0.5057492283950611,1.157407407407407e-06
1024294493560,102429449356,0,0,20736949,1.0,"""[0",0.0,0.0,9.5367431640625e-07,2.86102294921875e-06,4.76837158203125e-06,6.67572021484375e-06,8.58306884765625e-06,9.5367431640625e-06,9.5367431640625e-06," 9.5367431640625e-06]""",0.0016174316406250002,1.9073486328125e-06,3.568073749542236,0.01821663044393,0.0,0.000248908996582,5.340576171875001e-05,4.863739013671876e-05,0.504317129629629,0.504318672839506,1.5432098765432092e-06
1024294493560,102429449356,0,0,20736949,1.0,"""[0",0.0,0.0,0.0,0.0,0.0,0.0,0.0,0.0,0.0," 0]""",0.000884056091308,7.05718994140625e-05,2.365350484848022,0.020273655652999,0.0,0.00024127960205000003,8.106231689453125e-05,8.106231689453125e-05,0.501942129629629,0.501944058641975,1.929012345679012e-06
1024294493560,102429449356,0,0,20736949,1.0,"""[4.577636718750001e-05",6.866455078125e-05,9.250640869140626e-05,0.000107765197753,0.000123977661132,0.00014686584472600002,0.00017642974853500002,0.000308036804199,0.000440597534179,0.001123428344726," 0.006492614746093001]""",0.006492614746093001,0.00041866302490200006,0.0,0.0,0.0,0.00014781951904200002,0.0006103515625,0.000507354736328,0.500996913580246,0.501041666666666,4.475308641975308e-05
1024294493560,102429449356,0,0,20736949,1.0,"""[0",0.00010013580322200001,0.00011825561523400002,0.000135421752929,0.000155448913574,0.000174522399902,0.00032234191894500003,0.0005216598510740001,0.001443862915039,0.004249572753906," 0.005325317382812]""",0.004966735839843001,0.0006570816040030001,0.0,0.0,0.0,0.000139236450195,0.0005960464477530001,0.000574111938476,0.501712191358024,0.501736111111111,2.3919753086419752e-05
1024294493560,102429449356,0,0,20736949,1.0,"""[4.100799560546875e-05",4.386901855468751e-05,4.863739013671876e-05,5.435943603515626e-05,5.912780761718751e-05,6.389617919921875e-05,6.866455078125e-05,7.343292236328125e-05,7.82012939453125e-05,8.392333984375001e-05," 0.000161170959472]""",0.000245094299316,5.149841308593751e-05,3.607803583145141,0.025104256346821,0.0,0.000307083129882,0.00018978118896400002,0.00018882751464800002,0.5094907407407401,0.509545910493827,5.516975308641975e-05
1024294493560,102429449356,0,0,20736949,1.0,"""[0",0.0,0.0,9.5367431640625e-07,2.86102294921875e-06,3.814697265625e-06,4.76837158203125e-06,6.67572021484375e-06,7.62939453125e-06,7.62939453125e-06," 7.62939453125e-06]""",0.0009298324584960001,2.86102294921875e-06,4.458558559417724,0.022245166823267003,0.0,0.00027847290039,8.106231689453125e-05,6.103515625e-05,0.5066979166666661,0.506699845679012,1.929012345679012e-06
1024294493560,102429449356,0,0,20736949,1.0,"""[0",0.0,0.0,1.9073486328125e-06,2.86102294921875e-06,4.76837158203125e-06,6.67572021484375e-06,8.58306884765625e-06,9.5367431640625e-06,9.5367431640625e-06," 9.5367431640625e-06]""",0.0011959075927730001,1.9073486328125e-06,3.897116184234619,0.025615828111767002,0.0,0.000128746032714,8.0108642578125e-05,5.245208740234376e-05,0.5093121141975301,0.509314043209876,1.929012345679012e-06
1024294493560,102429449356,0,0,20736949,1.0,"""[0",0.0,8.58306884765625e-06,3.528594970703125e-05,5.245208740234376e-05,6.580352783203125e-05,7.915496826171875e-05,0.00022888183593700002,0.000255584716796,0.0005350112915030001," 0.0005350112915030001]""",0.000749588012695,0.00016307830810500002,3.711638450622558,0.027404801920056003,0.0,0.000300407409667,0.00019359588623000002,0.000155448913574,0.508596064814814,0.5085983796296291,2.314814814814814e-06
1024294493560,102429449356,0,0,20736949,1.0,"""[0",5.149841308593751e-05,5.912780761718751e-05,6.67572021484375e-05,7.43865966796875e-05,8.106231689453125e-05,9.250640869140626e-05,0.0001220703125,0.000190734863281,0.00037384033203100004," 0.007080078125]""",0.006996154785156,0.00016307830810500002,0.0,0.0,0.0,0.00020790100097600002,0.000597953796386,0.00034618377685500005,0.504086419753086,0.504166666666666,8.024691358024692e-05
1024294493560,102429449356,0,0,20736949,1.0,"""[0",0.0,0.0,9.727478027343751e-05,0.000114440917968,0.00028610229492100005,0.00045776367187500005,0.00047588348388600003,0.00115966796875,0.00115966796875," 0.00115966796875]""",0.0011749267578120002,0.000329971313476,0.0,0.0,0.0,0.000248908996582,0.000196456909179,0.000195503234863,0.5047905092592591,0.504792052469135,1.5432098765432092e-06
1024294493560,102429449356,0,0,20736949,1.0,"""[0",9.822845458984376e-05,0.000112533569335,0.000126838684082,0.00015163421630800001,0.000186920166015,0.000247001647949,0.00034713745117100005,0.000555038452148,0.0021934509277340003," 0.006805419921875001]""",0.00653076171875,0.00046157836914,0.0,0.0,0.0,0.00015068054199200001,0.0005950927734370001,0.0005874633789060001,0.5055196759259261,0.5055555555555551,3.587962962962962e-05
1024294493560,102429449356,0,0,20736949,1.0,"""[0",0.0,0.0,0.0,0.0,0.0,0.0,0.0,0.0,0.0," 0]""",0.000562667846679,0.00041866302490200006,4.458558559417724,0.022245166823267003,0.0,0.00027847290039,8.20159912109375e-05,8.20159912109375e-05,0.506697530864197,0.5066979166666661,3.858024691358024e-07
1024294493560,102429449356,0,0,20736949,1.0,"""[4.482269287109376e-05",4.959106445312501e-05,5.435943603515626e-05,5.912780761718751e-05,6.389617919921875e-05,6.866455078125e-05,7.343292236328125e-05,7.915496826171875e-05,8.392333984375001e-05,9.155273437500001e-05," 0.00024318695068300001]""",0.0005836486816400001,6.866455078125e-05,2.24442195892334,0.016585879027843,0.0,0.00020217895507800002,0.00019454956054600002,0.00019264221191400002,0.502083333333333,0.5021790123456791,9.567901234567901e-05
1024294493560,102429449356,0,0,20736949,1.0,"""[4.482269287109376e-05",4.959106445312501e-05,5.435943603515626e-05,6.008148193359376e-05,6.4849853515625e-05,7.05718994140625e-05,7.534027099609375e-05,8.106231689453125e-05,8.583068847656251e-05,0.000123977661132," 0.000153541564941]""",0.000590324401855,6.771087646484375e-05,3.429600715637207,0.022176373749971,0.0,0.000191688537597,0.00019264221191400002,0.000191688537597,0.504050925925925,0.5040779320987651,2.7006172839506174e-05
1024294493560,102429449356,0,0,20736949,1.0,"""[4.482269287109376e-05",4.959106445312501e-05,5.435943603515626e-05,5.912780761718751e-05,6.389617919921875e-05,6.866455078125e-05,7.343292236328125e-05,7.82012939453125e-05,8.296966552734376e-05,8.773803710937501e-05," 0.00017738342285100002]""",0.00045108795166,6.389617919921875e-05,3.3910787105560303,0.02374274842441,0.0,0.00014686584472600002,0.000190734863281,0.00018882751464800002,0.508680555555555,0.5087962962962961,0.00011574074074
1024294493560,102429449356,0,0,20736949,1.0,"""[5.531311035156251e-05",5.912780761718751e-05,6.29425048828125e-05,6.67572021484375e-05,7.05718994140625e-05,7.43865966796875e-05,7.82012939453125e-05,8.20159912109375e-05,8.583068847656251e-05,0.000109672546386," 0.00027275085449200004]""",0.0005464553833000001,7.62939453125e-05,3.603742837905883,0.020632047206163,0.0,0.00018405914306600003,0.00019264221191400002,0.000191688537597,0.506828703703703,0.506932098765432,0.00010339506172800001
1024294493560,102429449356,0,0,20736949,1.0,"""[4.577636718750001e-05",5.340576171875001e-05,6.198883056640625e-05,7.05718994140625e-05,7.82012939453125e-05,8.678436279296876e-05,0.00010585784912100001,0.000125885009765,0.00016403198242100002,0.000372886657714," 0.002571105957031]""",0.00408935546875,0.000170707702636,0.0,0.0,0.0,0.00023937225341700002,0.000597953796386,0.00031566619873000005,0.5069444444444441,0.507060185185185,0.00011574074074
1024294493560,102429449356,0,0,20736949,1.0,"""[5.245208740234376e-05",5.722045898437501e-05,6.29425048828125e-05,6.771087646484375e-05,7.2479248046875e-05,7.82012939453125e-05,8.296966552734376e-05,8.964538574218751e-05,0.00013160705566400002,0.00019931793212800002," 0.002510070800781]""",0.0025444030761710003,0.0001220703125,0.0,0.0,0.0,0.00023841857910100002,0.0006008148193350001,0.000269889831542,0.501273148148148,0.501388888888888,0.00011574074074
1024294493560,102429449356,0,0,20736949,1.0,"""[4.863739013671876e-05",5.245208740234376e-05,5.722045898437501e-05,6.198883056640625e-05,6.67572021484375e-05,7.152557373046875e-05,7.62939453125e-05,8.0108642578125e-05,8.487701416015626e-05,0.000107765197753," 0.000288963317871]""",0.00069522857666,7.82012939453125e-05,3.502368688583374,0.017769679427146003,0.0,0.000257492065429,0.00019454956054600002,0.00019264221191400002,0.501388888888888,0.501465663580246,7.677469135802471e-05
1024294493560,102429449356,0,0,20736949,1.0,"""[4.959106445312501e-05",5.340576171875001e-05,5.722045898437501e-05,6.198883056640625e-05,6.580352783203125e-05,6.961822509765625e-05,7.343292236328125e-05,7.724761962890625e-05,8.20159912109375e-05,8.583068847656251e-05," 0.00013637542724600002]""",0.00022888183593700002,6.389617919921875e-05,3.897116184234619,0.025615828111767002,0.0,0.000128746032714,0.00019264221191400002,0.000191688537597,0.5092592592592591,0.509309799382716,5.054012345679012e-05
1024294493560,102429449356,0,0,20736949,1.0,"""[4.863739013671876e-05",5.245208740234376e-05,5.722045898437501e-05,6.198883056640625e-05,6.580352783203125e-05,7.05718994140625e-05,7.534027099609375e-05,7.915496826171875e-05,8.392333984375001e-05,9.536743164062501e-05," 0.00021362304687500003]""",0.0007171630859370001,7.343292236328125e-05,0.0,0.0,0.0,0.000267028808593,0.00019359588623000002,0.000191688537597,0.503703703703703,0.503819444444444,0.00011574074074
1024294493560,102429449356,0,0,20736949,1.0,"""[4.100799560546875e-05",4.482269287109376e-05,5.149841308593751e-05,5.722045898437501e-05,6.389617919921875e-05,6.961822509765625e-05,7.62939453125e-05,8.20159912109375e-05,8.964538574218751e-05,0.000112533569335," 0.00018882751464800002]""",0.00071907043457,6.389617919921875e-05,3.87572956085205,0.022819746285676002,0.0,0.00017261505126900002,0.00018882751464800002,0.00018787384033200002,0.507754629629629,0.5078703703703701,0.00011574074074
1024294493560,102429449356,0,0,20736949,1.0,"""[0",0.0,0.0,0.0,0.0,0.0,0.0,0.0,0.0,0.0," 0]""",0.0007839202880850001,0.00010490417480400001,3.78208303451538,0.015374337323009002,0.0,0.000247955322265,8.106231689453125e-05,8.0108642578125e-05,0.503368441358024,0.5033695987654321,1.157407407407407e-06
1024294493560,102429449356,0,0,20736949,1.0,"""[0",0.0,0.0,2.86102294921875e-06,6.67572021484375e-06,9.5367431640625e-06,1.2397766113281252e-05,1.621246337890625e-05,1.9073486328125e-05,1.9073486328125e-05," 1.9073486328125e-05]""",0.001638412475585,3.814697265625e-06,2.517737865447998,0.015930993482470002,0.0,0.00020217895507800002,8.106231689453125e-05,6.008148193359376e-05,0.503606481481481,0.503608410493827,1.929012345679012e-06
1024294493560,102429449356,0,0,20736949,1.0,"""[0",0.0,0.0,5.245208740234376e-05,7.05718994140625e-05,0.00019836425781200002,0.00032615661621000004,0.00034332275390600004,0.0005531311035150001,0.0005531311035150001," 0.0005531311035150001]""",0.000603675842285,0.000135421752929,2.680354595184326,0.019942196086049,0.0,0.00029563903808500004,0.00019454956054600002,0.000148773193359,0.500512731481481,0.5005146604938271,1.929012345679012e-06
1024294493560,102429449356,0,0,20736949,1.0,"""[0",0.0,0.0,0.0,0.00027275085449200004,0.00028610229492100005,0.000299453735351,0.00051212310791,0.00051212310791,0.00051212310791," 0.00051212310791]""",0.000688552856445,0.000186920166015,3.996426582336425,0.025589128956198002,0.0,0.000267028808593,0.000190734863281,0.00018978118896400002,0.50764699074074,0.5076481481481481,1.157407407407407e-06
1024294493560,102429449356,0,0,20736949,1.0,"""[0",0.0,0.0,0.0,0.00031661987304600005,0.000329971313476,0.00034332275390600004,0.00047683715820300005,0.00047683715820300005,0.00047683715820300005," 0.00047683715820300005]""",0.0005416870117180001,0.000130653381347,0.0,0.0,0.0,0.00022888183593700002,0.00019359588623000002,0.00019264221191400002,0.5050293209876541,0.5050308641975301,1.5432098765432092e-06
1024294493560,102429449356,0,0,20736949,1.0,"""[4.482269287109376e-05",5.626678466796876e-05,6.866455078125e-05,8.0108642578125e-05,9.632110595703126e-05,0.00011920928955000001,0.00016307830810500002,0.00025177001953100004,0.000370025634765,0.0007839202880850001," 0.005783081054687]""",0.005325317382812,0.000421524047851,0.0,0.0,0.0,0.00023555755615200003,0.00059700012207,0.000421524047851,0.508842592592592,0.508912037037037,6.944444444444444e-05
1024294493560,102429449356,0,0,20736949,1.0,"""[0",0.0,0.0,1.9073486328125e-06,3.814697265625e-06,5.7220458984375e-06,7.62939453125e-06,8.58306884765625e-06,1.0490417480468752e-05,1.0490417480468752e-05," 1.0490417480468752e-05]""",0.001070022583007,1.9073486328125e-06,3.550679683685302,0.023776365444064,0.0,0.00028610229492100005,5.435943603515626e-05,4.863739013671876e-05,0.508124228395061,0.5081261574074071,1.929012345679012e-06
1024294493560,102429449356,0,0,20736949,1.0,"""[0",0.0,0.0,5.245208740234376e-05,7.05718994140625e-05,0.00019836425781200002,0.00032615661621000004,0.00034332275390600004,0.000658988952636,0.000658988952636," 0.000658988952636]""",0.000658988952636,0.000284194946289,2.475669145584106,0.019147684797644,0.0,0.00020790100097600002,0.00019454956054600002,0.00013732910156200002,0.5012272376543211,0.5012287808641971,1.5432098765432092e-06
1024294493560,102429449356,0,0,20736949,1.0,"""[0.000340461730957",0.000340461730957,0.000340461730957,0.000340461730957,0.000340461730957,0.000433921813964,0.000528335571289,0.000528335571289,0.000528335571289,0.000528335571289," 0.000528335571289]""",0.000619888305664,0.00019264221191400002,3.568073749542236,0.01821663044393,0.0,0.000248908996582,0.00019359588623000002,0.00019359588623000002,0.504314429012345,0.504315586419753,1.157407407407407e-06
1024294493560,102429449356,0,0,20736949,1.0,"""[0",0.0,0.0,5.245208740234376e-05,7.05718994140625e-05,0.00019836425781200002,0.00032615661621000004,0.00034332275390600004,0.000567436218261,0.000567436218261," 0.000567436218261]""",0.000579833984375,0.00023555755615200003,3.502368688583374,0.017769681289792002,0.0,0.000257492065429,0.000195503234863,0.000195503234863,0.501465663580246,0.501466820987654,1.157407407407407e-06
1024294493560,102429449356,0,0,20736949,1.0,"""[7.43865966796875e-05",7.43865966796875e-05,7.43865966796875e-05,7.43865966796875e-05,0.00022888183593700002,0.00024223327636700001,0.000255584716796,0.0005035400390620001,0.0005035400390620001,0.0005035400390620001," 0.0005035400390620001]""",0.0005035400390620001,0.00018501281738200003,3.606446266174316,0.024530570954084,0.0,0.00031566619873000005,0.000191688537597,0.000191688537597,0.509072916666666,0.509074074074074,1.157407407407407e-06
1024294493560,102429449356,0,0,20736949,1.0,"""[0",0.0,0.0,0.0,0.0,0.0,0.0,0.0,0.0,0.0," 0]""",0.000646591186523,0.000205993652343,2.244422197341918,0.016585880890488,0.0,0.00020217895507800002,8.20159912109375e-05,8.20159912109375e-05,0.5021805555555551,0.502181327160493,7.716049382716048e-07
1024294493560,102429449356,0,0,20736949,1.0,"""[0",0.0,0.0,0.0,0.0,0.0,0.0,0.0,0.0,0.0," 0]""",0.0007839202880850001,0.00015163421630800001,3.504143238067627,0.016188170760869,0.0,0.000200271606445,8.0108642578125e-05,8.0108642578125e-05,0.503131172839506,0.5031319444444441,7.716049382716048e-07
1024294493560,102429449356,0,0,20736949,1.0,"""[4.673004150390626e-05",4.673004150390626e-05,4.673004150390626e-05,4.673004150390626e-05,0.00022888183593700002,0.00024223327636700001,0.000255584716796,0.000518798828125,0.000518798828125,0.000518798828125," 0.000518798828125]""",0.000532150268554,0.00018787384033200002,3.550631999969482,0.023398529738187002,0.0,0.000269889831542,0.000191688537597,0.000190734863281,0.507170524691358,0.5071716820987651,1.157407407407407e-06
1024294493560,102429449356,0,0,20736949,1.0,"""[0",0.0,0.0,2.86102294921875e-06,5.7220458984375e-06,7.62939453125e-06,1.0490417480468752e-05,1.3351440429687502e-05,1.621246337890625e-05,1.621246337890625e-05," 1.621246337890625e-05]""",0.001354217529296,2.86102294921875e-06,2.475669145584106,0.019147684797644,0.0,0.00020790100097600002,8.20159912109375e-05,7.05718994140625e-05,0.501229938271604,0.5012318672839501,1.929012345679012e-06
1024294493560,102429449356,0,0,20736949,1.0,"""[0",0.0,2.1934509277343753e-05,5.531311035156251e-05,6.580352783203125e-05,7.724761962890625e-05,0.00017642974853500002,0.00028610229492100005,0.00045585632324200004,0.0006027221679680001," 0.0006027221679680001]""",0.000650405883789,0.00021457672119100003,3.465157747268676,0.020901167765259,0.0,0.000246047973632,0.000196456909179,0.000149726867675,0.506221836419753,0.506223765432098,1.929012345679012e-06
1024294493560,102429449356,0,0,20736949,1.0,"""[0",7.152557373046875e-05,9.441375732421876e-05,0.00010871887207,0.000123977661132,0.00014305114746000002,0.000170707702636,0.000300407409667,0.000440597534179,0.00090217590332," 0.00677490234375]""",0.006706237792968001,0.00037670135498000005,0.0,0.0,0.0,0.000123977661132,0.000597953796386,0.0005350112915030001,0.500522762345679,0.500578703703703,5.594135802469137e-05
1024294493560,102429449356,0,0,20736949,1.0,"""[0",0.0,0.0,1.9073486328125e-06,4.76837158203125e-06,7.62939453125e-06,1.0490417480468752e-05,1.3351440429687502e-05,1.52587890625e-05,1.52587890625e-05," 1.52587890625e-05]""",0.001344680786132,3.814697265625e-06,3.504143238067627,0.016188170760869,0.0,0.000200271606445,8.0108642578125e-05,6.103515625e-05,0.5031319444444441,0.5031334876543211,1.5432098765432092e-06
1024294493560,102429449356,0,0,20736949,1.0,"""[4.959106445312501e-05",5.435943603515626e-05,5.817413330078126e-05,6.29425048828125e-05,6.67572021484375e-05,7.152557373046875e-05,7.534027099609375e-05,8.0108642578125e-05,8.392333984375001e-05,9.346008300781251e-05," 0.000298500061035]""",0.000584602355957,7.05718994140625e-05,0.0,0.0,0.0,0.00018978118896400002,0.00019359588623000002,0.000190734863281,0.504398148148148,0.504513888888888,0.00011574074074
1024294493560,102429449356,0,0,20736949,1.0,"""[5.149841308593751e-05",5.435943603515626e-05,5.912780761718751e-05,6.29425048828125e-05,6.67572021484375e-05,7.05718994140625e-05,7.43865966796875e-05,7.82012939453125e-05,8.20159912109375e-05,8.678436279296876e-05," 0.00013732910156200002]""",0.000266075134277,6.580352783203125e-05,0.0,0.0,0.0,0.000248908996582,0.000196456909179,0.00019359588623000002,0.50474537037037,0.5047905092592591,4.513888888888889e-05
1024294493560,102429449356,0,0,20736949,0.996666669845581,"""[5.722045898437501e-05",6.4849853515625e-05,7.343292236328125e-05,8.106231689453125e-05,9.155273437500001e-05,0.000109672546386,0.000128746032714,0.000175476074218,0.000258445739746,0.000402450561523," 0.003227233886718]""",0.0032310485839840003,0.00018882751464800002,0.0,0.0,0.0,0.00014781951904200002,0.0006027221679680001,0.00042819976806600005,0.5067129629629631,0.506828703703703,0.00011574074074
1024294493560,102429449356,0,0,20736949,1.0,"""[0",0.0,0.0,0.0,0.0,0.0,0.0,0.0,0.0,0.0,"0]""",0.0,0.0,2.847556829452514,0.013629211112856001,0.0,0.000253677368164,0.00019836425781200002,0.00019836425781200002,0.502893518518518,0.502893904320987,3.858024691358024e-07
1024294493560,102429449356,0,0,20736949,1.0,"""[4.291534423828126e-05",4.863739013671876e-05,5.435943603515626e-05,5.912780761718751e-05,6.4849853515625e-05,7.05718994140625e-05,7.534027099609375e-05,8.106231689453125e-05,8.583068847656251e-05,0.000114440917968," 0.0001802444458]""",0.0004911422729490001,6.67572021484375e-05,3.384289979934692,0.021716445684432,0.0,0.00023746490478500002,0.00018978118896400002,0.00018787384033200002,0.5050925925925921,0.505208333333333,0.00011574074074
1024294493560,102429449356,0,0,20736949,1.0,"""[4.577636718750001e-05",5.054473876953126e-05,5.531311035156251e-05,6.103515625e-05,6.580352783203125e-05,7.152557373046875e-05,7.724761962890625e-05,8.20159912109375e-05,8.773803710937501e-05,0.000116348266601," 0.0027732849121090003]""",0.002777099609375,8.106231689453125e-05,3.439899921417236,0.022957345470786,0.0,0.00021266937255800001,0.00059700012207,0.000205993652343,0.5053240740740741,0.505439814814814,0.00011574074074
1024294493560,102429449356,0,0,20736949,1.0,"""[4.863739013671876e-05",5.340576171875001e-05,5.722045898437501e-05,6.198883056640625e-05,6.67572021484375e-05,7.05718994140625e-05,7.534027099609375e-05,7.915496826171875e-05,8.392333984375001e-05,9.059906005859376e-05," 0.0008249282836910001]""",0.002159118652343,7.915496826171875e-05,3.458056211471557,0.020550059154629003,0.0,0.00023078918457,0.0005960464477530001,0.00018978118896400002,0.5055555555555551,0.505671296296296,0.00011574074074
1024294493560,102429449356,0,0,20736949,1.0,"""[5.245208740234376e-05",5.626678466796876e-05,6.103515625e-05,6.4849853515625e-05,6.961822509765625e-05,7.343292236328125e-05,7.82012939453125e-05,8.20159912109375e-05,8.678436279296876e-05,0.00012016296386700001," 0.000144958496093]""",0.00042343139648400003,7.915496826171875e-05,2.656970977783203,0.020489683374762,0.0,0.000267028808593,0.00019454956054600002,0.00019359588623000002,0.503819444444444,0.5038414351851851,2.199074074074074e-05
1024294493560,102429449356,0,0,20736949,1.0,"""[0",0.0,0.0,1.9073486328125e-06,4.76837158203125e-06,6.67572021484375e-06,8.58306884765625e-06,1.1444091796875002e-05,1.3351440429687502e-05,1.3351440429687502e-05," 1.3351440429687502e-05]""",0.0017013549804680002,2.86102294921875e-06,2.656970500946044,0.020489681512117,0.0,0.000267028808593,8.106231689453125e-05,5.626678466796876e-05,0.50384375,0.503845679012345,1.929012345679012e-06
1024294493560,102429449356,0,0,20736949,1.0,"""[4.863739013671876e-05",5.435943603515626e-05,6.103515625e-05,6.771087646484375e-05,7.43865966796875e-05,8.106231689453125e-05,8.773803710937501e-05,0.00011920928955000001,0.000164985656738,0.000348091125488," 0.006736755371093001]""",0.006729125976562,0.00019741058349600002,0.0,0.0,0.0,0.00021553039550700003,0.000664710998535,0.000311851501464,0.503138503086419,0.50324074074074,0.00010223765432000001
1024294493560,102429449356,0,0,20736949,1.0,"""[6.389617919921875e-05",6.389617919921875e-05,6.389617919921875e-05,6.389617919921875e-05,0.00040531158447200004,0.00041866302490200006,0.000431060791015,0.000603675842285,0.000603675842285,0.000603675842285," 0.000603675842285]""",0.000738143920898,0.00033378601074200004,2.847556829452514,0.013629211112856001,0.0,0.000253677368164,0.00019836425781200002,0.00019836425781200002,0.50289274691358,0.502893518518518,7.716049382716048e-07
1024294493560,102429449356,0,0,20736949,1.0,"""[4.959106445312501e-05",6.198883056640625e-05,7.43865966796875e-05,8.773803710937501e-05,0.000109672546386,0.00013160705566400002,0.000161170959472,0.00022315979003900002,0.000411987304687,0.0007972717285150001," 0.005989074707031]""",0.005989074707031,0.00035572052001900005,0.0,0.0,0.0,0.00013732910156200002,0.0005950927734370001,0.00042343139648400003,0.5000459104938271,0.5001157407407401,6.983024691358025e-05
1024294493560,102429449356,0,0,20736949,1.0,"""[0",0.0,0.0,1.9073486328125e-06,4.76837158203125e-06,7.62939453125e-06,1.0490417480468752e-05,1.3351440429687502e-05,1.52587890625e-05,1.52587890625e-05," 1.52587890625e-05]""",0.001136779785156,3.814697265625e-06,3.391078948974609,0.023742750287055,0.0,0.00014686584472600002,8.0108642578125e-05,5.912780761718751e-05,0.5088371913580241,0.5088387345679011,1.5432098765432092e-06
1024294493560,102429449356,0,0,20736949,1.0,"""[0",0.0,0.0,0.0,0.0,0.0,0.0,0.0,0.0,0.0," 0]""",0.0012264251708980001,0.000139236450195,3.384290218353271,0.021716447547078,0.0,0.00023746490478500002,8.0108642578125e-05,8.0108642578125e-05,0.505268904320987,0.5052716049382711,2.7006172839506168e-06
1024294493560,102429449356,0,0,20736949,1.0,"""[0",0.0,0.0,1.9073486328125e-06,4.76837158203125e-06,7.62939453125e-06,1.0490417480468752e-05,1.4305114746093752e-05,1.52587890625e-05,1.52587890625e-05," 1.52587890625e-05]""",0.001224517822265,3.814697265625e-06,3.741247653961181,0.023103971034288,0.0,0.00018119812011700001,8.0108642578125e-05,6.67572021484375e-05,0.50836149691358,0.508363040123456,1.5432098765432092e-06
1024294493560,102429449356,0,0,20736949,1.0,"""[0",5.054473876953126e-05,6.103515625e-05,7.05718994140625e-05,8.106231689453125e-05,9.727478027343751e-05,0.00012016296386700001,0.00015926361083900002,0.000288009643554,0.000580787658691," 0.006278991699218001]""",0.00628662109375,0.00031471252441400005,0.0,0.0,0.0,0.00022888183593700002,0.0005989074707030001,0.00041866302490200006,0.508366126543209,0.508449074074074,8.294753086419753e-05
1024294493560,102429449356,0,0,20736949,1.0,"""[0",0.0,0.0,0.0,0.0,0.0,0.0,0.0,0.0,0.0," 0]""",0.0,0.0,4.109105110168457,0.023043399676680003,0.0,0.00015926361083900002,8.20159912109375e-05,8.20159912109375e-05,0.500752700617283,0.500754629629629,1.929012345679012e-06
1024294493560,102429449356,0,0,20736949,1.0,"""[0",0.0,0.0,0.0,2.86102294921875e-06,8.58306884765625e-06,1.3351440429687502e-05,1.621246337890625e-05,1.621246337890625e-05,1.621246337890625e-05," 1.621246337890625e-05]""",0.001140594482421,5.7220458984375e-06,3.458056688308715,0.020550061017274003,0.0,0.00023078918457,8.0108642578125e-05,5.722045898437501e-05,0.50575,0.5057511574074071,1.157407407407407e-06
1024294493560,102429449356,0,0,20736949,1.0,"""[0",0.0,9.5367431640625e-07,2.86102294921875e-06,4.76837158203125e-06,6.67572021484375e-06,9.5367431640625e-06,1.1444091796875002e-05,1.3351440429687502e-05,1.4305114746093752e-05," 1.4305114746093752e-05]""",0.001129150390625,2.86102294921875e-06,3.606446266174316,0.024530570954084,0.0,0.00031566619873000005,8.0108642578125e-05,5.531311035156251e-05,0.509075231481481,0.5090775462962961,2.314814814814814e-06
1024294493560,102429449356,0,0,20736949,1.0,"""[0",0.0,0.0,0.0,0.0,0.0,0.0,0.0,0.0,0.0," 0]""",0.0007848739624020001,0.000123977661132,2.192968845367431,0.012832180596888001,0.0,0.000287055969238,8.20159912109375e-05,8.106231689453125e-05,0.5009899691358021,0.500992283950617,2.314814814814814e-06
1024294493560,102429449356,0,0,20736949,1.0,"""[4.577636718750001e-05",4.959106445312501e-05,5.435943603515626e-05,5.817413330078126e-05,6.29425048828125e-05,6.67572021484375e-05,7.152557373046875e-05,7.534027099609375e-05,8.0108642578125e-05,8.392333984375001e-05," 9.155273437500001e-05]""",0.000247955322265,6.103515625e-05,2.448394298553466,0.017703462392091,0.0,0.000205039978027,0.00019359588623000002,0.00019264221191400002,0.505902777777777,0.5059837962962961,8.101851851851852e-05
1024294493560,102429449356,0,0,20736949,1.0,"""[4.959106445312501e-05",5.340576171875001e-05,5.817413330078126e-05,6.198883056640625e-05,6.67572021484375e-05,7.05718994140625e-05,7.534027099609375e-05,7.915496826171875e-05,8.392333984375001e-05,9.155273437500001e-05," 0.000190734863281]""",0.000575065612792,6.866455078125e-05,2.824823856353759,0.018632069230079002,0.0,0.000175476074218,0.00019264221191400002,0.00018978118896400002,0.5001157407407401,0.500231481481481,0.00011574074074
1024294493560,102429449356,0,0,20736949,1.0,"""[4.768371582031251e-05",5.245208740234376e-05,5.626678466796876e-05,6.103515625e-05,6.580352783203125e-05,6.961822509765625e-05,7.43865966796875e-05,7.82012939453125e-05,8.296966552734376e-05,8.773803710937501e-05," 0.000285148620605]""",0.0006942749023430001,6.866455078125e-05,0.0,0.0,0.0,0.000248908996582,0.00019359588623000002,0.000190734863281,0.504629629629629,0.50474537037037,0.00011574074074
1024294493560,102429449356,0,0,20736949,1.0,"""[5.435943603515626e-05",5.817413330078126e-05,6.198883056640625e-05,6.4849853515625e-05,6.866455078125e-05,7.2479248046875e-05,7.62939453125e-05,8.0108642578125e-05,8.392333984375001e-05,8.678436279296876e-05," 0.00021076202392500003]""",0.0005836486816400001,7.2479248046875e-05,0.0,0.0,0.0,0.00020217895507800002,0.00019359588623000002,0.000191688537597,0.503472222222222,0.503587962962962,0.00011574074074
1024294493560,102429449356,0,0,20736949,1.0,"""[6.198883056640625e-05",6.4849853515625e-05,6.961822509765625e-05,7.343292236328125e-05,7.724761962890625e-05,8.106231689453125e-05,8.487701416015626e-05,9.918212890625001e-05,0.00013732910156200002,0.00015926361083900002," 0.00021076202392500003]""",0.0005531311035150001,9.536743164062501e-05,2.517737865447998,0.015930991619825002,0.0,0.00020217895507800002,0.00019359588623000002,0.00019359588623000002,0.503587962962962,0.503604552469135,1.6589506172839503e-05
1024294493560,102429449356,0,0,20736949,1.0,"""[4.863739013671876e-05",5.340576171875001e-05,5.912780761718751e-05,6.389617919921875e-05,6.866455078125e-05,7.43865966796875e-05,7.915496826171875e-05,8.392333984375001e-05,9.822845458984376e-05,0.000152587890625," 0.0033226013183590003]""",0.00333023071289,0.000114440917968,0.0,0.0,0.0,0.00023078918457,0.00059700012207,0.00023651123046800003,0.501736111111111,0.501851851851851,0.00011574074074
