UniqJobId,collection_id,instance_index,priority,machine_id,sample_rate,cpu_usage_distribution1,cpu_usage_distribution2,cpu_usage_distribution3,cpu_usage_distribution4,cpu_usage_distribution5,cpu_usage_distribution6,cpu_usage_distribution7,cpu_usage_distribution8,cpu_usage_distribution9,cpu_usage_distribution10,cpu_usage_distribution11,max_cpu,avg_cpu,cycles_per_instruction,memory_accesses_per_instruction,assigned_memory,page_cache_memory,max_memory,avg_memory,start_time,end_time,time_window
1029440721770,102944072177,0,0,1713257708,1.0,"""[0",0.0,0.0,0.0,0.0,0.0,0.0,0.0,0.0,0.0," 0]""",0.0,0.0,0.0,0.0,0.00033378601074200004,0.0,9.5367431640625e-07,9.5367431640625e-07,0.502181327160493,0.502181712962963,3.858024691358024e-07
1029440721770,102944072177,0,0,1713301981,1.0,"""[0",0.0,0.0,0.0,0.0,0.0,0.0,0.0,0.0,0.0," 0]""",0.0,0.0,0.0,0.0,0.00033378601074200004,0.0,1.9073486328125e-06,1.9073486328125e-06,0.505055555555555,0.505055941358024,3.858024691358024e-07
1029440721770,102944072177,0,0,198556190123,1.0,"""[0",0.0,0.0,0.0,0.0,6.67572021484375e-06,1.4305114746093752e-05,1.4305114746093752e-05,1.4305114746093752e-05,1.4305114746093752e-05," 1.4305114746093752e-05]""",0.0,0.0,0.0,0.0,0.00033378601074200004,0.0,9.5367431640625e-07,9.5367431640625e-07,0.500603395061728,0.5006041666666661,7.716049382716048e-07
1029440721770,102944072177,0,0,21378227,1.0,"""[9.5367431640625e-06",9.5367431640625e-06,7.915496826171875e-05,0.00016307830810500002,0.000642776489257,0.00090217590332,0.001251220703125,0.0016422271728510002,0.001857757568359,0.005645751953125001," 0.005645751953125001]""",0.0057373046875,0.0013580322265620002,0.0,0.0,0.00033378601074200004,4.386901855468751e-05,0.00024318695068300001,9.727478027343751e-05,0.5031875,0.5031909722222221,3.4722222222222215e-06
1029440721770,102944072177,0,0,198556190123,1.0,"""[0",0.0,0.0,0.0,0.0,0.0,0.0,0.0,0.0,0.0,"0]""",0.0,0.0,0.0,0.0,0.00033378601074200004,0.0,9.5367431640625e-07,9.5367431640625e-07,0.5093726851851851,0.509373070987654,3.858024691358024e-07
1029440721770,102944072177,0,0,22761125,1.0,"""[9.5367431640625e-07",9.5367431640625e-07,9.5367431640625e-07,9.5367431640625e-07,9.5367431640625e-07,9.5367431640625e-07,9.5367431640625e-07,9.5367431640625e-07,9.5367431640625e-07,9.5367431640625e-07," 9.5367431640625e-07]""",0.0,0.0,0.0,0.0,0.00033378601074200004,5.435943603515626e-05,6.67572021484375e-05,6.67572021484375e-05,0.5088838734567901,0.5088842592592591,3.858024691358024e-07
1029440721770,102944072177,0,0,198556190123,1.0,"""[0",0.0,0.0,0.0,0.0,0.0,0.0,0.0,0.0,0.0,"0]""",0.0,0.0,0.0,0.0,0.00033378601074200004,0.0,9.5367431640625e-07,9.5367431640625e-07,0.509377700617283,0.509378086419753,3.858024691358024e-07
1029440721770,102944072177,0,0,22761125,1.0,"""[0",0.0,0.0,0.0,0.0,8.964538574218751e-05,0.0001802444458,0.0001802444458,0.0001802444458,0.0001802444458," 0.0001802444458]""",0.00035667419433500004,0.00015735626220700002,0.0,0.0,0.00033378601074200004,1.9073486328125e-06,1.2397766113281252e-05,1.2397766113281252e-05,0.500319444444444,0.500320216049382,7.716049382716048e-07
1029440721770,102944072177,0,0,21394550,1.0,"""[0",0.0,0.0,0.0,0.0,0.0,0.0,0.0,0.0,0.0,"0]""",0.0,0.0,0.0,0.0,0.00033378601074200004,5.531311035156251e-05,6.580352783203125e-05,6.580352783203125e-05,0.504257330246913,0.5042577160493821,3.858024691358024e-07
1029440721770,102944072177,0,0,22761125,1.0,"""[3.814697265625e-05",3.814697265625e-05,3.814697265625e-05,3.814697265625e-05,3.814697265625e-05,8.583068847656251e-05,0.00013351440429600002,0.00013351440429600002,0.00013351440429600002,0.00013351440429600002," 0.00013351440429600002]""",0.003990173339843001,0.0018539428710930002,0.0,0.0,0.00033378601074200004,1.9073486328125e-06,6.103515625e-05,6.103515625e-05,0.500318672839506,0.500319444444444,7.716049382716048e-07
1029440721770,102944072177,0,0,2059626229,1.0,"""[0",0.0,0.0,0.0,0.0,0.0,0.0,0.0,0.0,0.0," 0]""",0.00023365020751900002,7.82012939453125e-05,0.0,0.0,0.00033378601074200004,5.435943603515626e-05,6.198883056640625e-05,6.103515625e-05,0.506320601851851,0.506321759259259,1.157407407407407e-06
1029440721770,102944072177,0,0,20143010143,1.0,"""[0",6.67572021484375e-06,1.71661376953125e-05,2.7656555175781253e-05,3.814697265625e-05,5.722045898437501e-05,8.487701416015626e-05,0.00016307830810500002,0.00034332275390600004,0.00210952758789," 0.006332397460937]""",0.006332397460937,0.000585556030273,0.0,0.0,0.00033378601074200004,5.817413330078126e-05,0.000205993652343,0.000126838684082,0.5064394290123451,0.5064513888888881,1.1959876543209873e-05
1029440721770,102944072177,0,0,21393415,1.0,"""[4.768371582031251e-05",4.768371582031251e-05,7.152557373046875e-05,0.00010585784912100001,0.000493049621582,0.000792503356933,0.0010910034179680002,0.0019645690917960003,0.0032768249511710003,0.0052490234375," 0.0052490234375]""",0.005073547363281,0.0016002655029290001,0.0,0.0,0.00033378601074200004,4.673004150390626e-05,0.00023746490478500002,0.000127792358398,0.503353395061728,0.503356481481481,3.0864197530864187e-06
1029440721770,102944072177,0,0,20143010143,1.0,"""[0",0.0,0.0,0.0,0.0,0.0,0.0,0.0,0.0,0.0," 0]""",0.0,0.0,0.0,0.0,0.00033378601074200004,0.0,9.5367431640625e-07,9.5367431640625e-07,0.506451774691358,0.506452160493827,3.858024691358024e-07
1029440721770,102944072177,0,0,21394550,1.0,"""[0",0.0,0.0,9.5367431640625e-07,1.9073486328125e-06,3.814697265625e-06,4.76837158203125e-06,6.67572021484375e-06,7.62939453125e-06,7.62939453125e-06," 7.62939453125e-06]""",0.0,0.0,0.0,0.0,0.00033378601074200004,0.0,9.5367431640625e-07,9.5367431640625e-07,0.5042561728395061,0.504257330246913,1.157407407407407e-06
1029440721770,102944072177,0,0,2059626229,1.0,"""[2.7656555175781253e-05",2.9563903808593753e-05,3.337860107421875e-05,3.719329833984375e-05,4.00543212890625e-05,4.386901855468751e-05,6.580352783203125e-05,8.678436279296876e-05,0.00022888183593700002,0.0019645690917960003," 0.0045166015625]""",0.004371643066406,0.0005025863647460001,0.0,0.0,0.00033378601074200004,5.245208740234376e-05,0.00019836425781200002,0.000113487243652,0.5063078703703701,0.506320601851851,1.273148148148148e-05
1029440721770,102944072177,0,0,1713257708,1.0,"""[0",0.0,0.0,0.0,0.0,0.0,0.0,0.0,0.0,0.0," 0]""",0.0,0.0,0.0,0.0,0.00033378601074200004,0.0,9.5367431640625e-07,9.5367431640625e-07,0.502181712962963,0.5021820987654321,3.858024691358024e-07
1029440721770,102944072177,0,0,21394550,1.0,"""[0",0.0,0.0,0.0,0.0,0.0,0.0,0.0,0.0,0.0," 0]""",0.00031280517578100004,0.00010395050048800001,0.0,0.0,0.00033378601074200004,5.817413330078126e-05,6.866455078125e-05,6.771087646484375e-05,0.500772376543209,0.5007735339506171,1.157407407407407e-06
1029440721770,102944072177,0,0,1578989065,1.0,"""[0",0.0,0.0,0.0,0.0,0.0,0.0,0.0,0.0,0.0," 0]""",0.000246047973632,8.0108642578125e-05,0.0,0.0,0.00033378601074200004,5.626678466796876e-05,6.580352783203125e-05,6.580352783203125e-05,0.5032457561728391,0.5032469135802461,1.157407407407407e-06
1029440721770,102944072177,0,0,1712866415,1.0,"""[5.531311035156251e-05",5.531311035156251e-05,0.00010585784912100001,0.00022411346435500002,0.000255584716796,0.001474380493164,0.002033233642578,0.002063751220703,0.003990173339843001,0.005722045898437," 0.005722045898437]""",0.005729675292968001,0.001903533935546,0.0,0.0,0.00033378601074200004,4.768371582031251e-05,0.00019454956054600002,0.00010299682617100001,0.5049972993827161,0.505,2.7006172839506168e-06
1029440721770,102944072177,0,0,20143010143,1.0,"""[0.006599426269531",0.006599426269531,0.006599426269531,0.006599426269531,0.006599426269531,0.006599426269531,0.006599426269531,0.006599426269531,0.006599426269531,0.006599426269531," 0.006599426269531]""",0.006980895996093001,0.006980895996093001,0.0,0.0,0.00033378601074200004,0.0,3.528594970703125e-05,3.528594970703125e-05,0.506452546296296,0.5064529320987651,3.858024691358024e-07
1029440721770,102944072177,0,0,1713141410,1.0,"""[0",0.0,0.0,0.0,0.0,0.0,0.0,0.0,0.0,0.0," 0]""",0.0,0.0,0.0,0.0,0.00033378601074200004,0.0,1.9073486328125e-06,1.9073486328125e-06,0.5043105709876541,0.504310956790123,3.858024691358024e-07
1029440721770,102944072177,0,0,198556190123,1.0,"""[0.0007104873657220001",0.0007104873657220001,0.002120971679687,0.0021476745605460003,0.002349853515625,0.003257751464843,0.004165649414062,0.004234313964843001,0.004264831542968001,0.00970458984375," 0.00970458984375]""",0.004234313964843001,0.00271987915039,0.0,0.0,0.00033378601074200004,4.386901855468751e-05,0.00019264221191400002,0.000124931335449,0.509373070987654,0.509375,1.929012345679012e-06
1029440721770,102944072177,0,0,198556190123,1.0,"""[0",0.0,0.0,4.76837158203125e-06,1.3351440429687502e-05,2.1934509277343753e-05,3.0517578125e-05,4.00543212890625e-05,0.00025463104248,0.00025463104248," 0.00025463104248]""",0.00051212310791,0.00014781951904200002,0.0,0.0,0.00033378601074200004,5.435943603515626e-05,6.771087646484375e-05,6.771087646484375e-05,0.509376543209876,0.509377700617283,1.157407407407407e-06
1029440721770,102944072177,0,0,22761125,1.0,"""[4.482269287109376e-05",4.482269287109376e-05,6.67572021484375e-05,0.000154495239257,0.000440597534179,0.0006380081176750001,0.0008144378662100001,0.0013427734375,0.0026206970214840003,0.004425048828125," 0.005279541015625]""",0.005271911621093001,0.0014324188232420001,0.0,0.0,0.00033378601074200004,4.768371582031251e-05,0.000257492065429,0.000170707702636,0.508878472222222,0.508881944444444,3.4722222222222215e-06
1029440721770,102944072177,0,0,1712866415,1.0,"""[0",0.0,0.0,0.0,0.0,0.0,0.0,0.0,0.0,0.0," 0]""",0.000321388244628,6.389617919921875e-05,0.0,0.0,0.00033378601074200004,5.626678466796876e-05,6.771087646484375e-05,6.771087646484375e-05,0.505,0.5050019290123451,1.929012345679012e-06
1029440721770,102944072177,0,0,1713141410,1.0,"""[0",0.0,0.0,0.0,0.0,0.0,0.0,0.0,0.0,0.0," 0]""",0.0,0.0,0.0,0.0,0.00033378601074200004,0.0,1.9073486328125e-06,1.9073486328125e-06,0.504310956790123,0.504311342592592,3.858024691358024e-07
1029440721770,102944072177,0,0,2059626229,1.0,"""[0",0.0,0.0,0.0,0.0,0.0,0.0,0.0,0.0,0.0,"0]""",0.0,0.0,0.0,0.0,0.00033378601074200004,5.626678466796876e-05,6.771087646484375e-05,6.771087646484375e-05,0.5025146604938271,0.5025150462962961,3.858024691358024e-07
1029440721770,102944072177,0,0,20143068970,1.0,"""[0",0.0,0.0,0.0,0.0,0.0,0.0,0.0,0.0,0.0," 0]""",0.0005216598510740001,9.346008300781251e-05,0.0,0.0,0.00033378601074200004,5.531311035156251e-05,6.961822509765625e-05,6.866455078125e-05,0.500489583333333,0.5004907407407401,1.157407407407407e-06
1029440721770,102944072177,0,0,20143068970,1.0,"""[5.531311035156251e-05",5.531311035156251e-05,8.773803710937501e-05,0.000154495239257,0.00019836425781200002,0.00024223327636700001,0.000440597534179,0.001474380493164,0.00314712524414,0.005142211914062," 0.006324768066406]""",0.006324768066406,0.00136375427246,0.0,0.0,0.00033378601074200004,4.863739013671876e-05,0.00019741058349600002,0.00014305114746000002,0.500485725308642,0.500489583333333,3.858024691358024e-06
1029440721770,102944072177,0,0,57549112366,1.0,"""[0",0.0,0.0,0.0,0.0,6.67572021484375e-06,1.2397766113281252e-05,1.2397766113281252e-05,1.2397766113281252e-05,1.2397766113281252e-05," 1.2397766113281252e-05]""",0.0,0.0,0.0,0.0,0.00033378601074200004,0.0,9.5367431640625e-07,9.5367431640625e-07,0.5058476080246911,0.505848379629629,7.716049382716048e-07
1029440721770,102944072177,0,0,1713257708,1.0,"""[1.9073486328125e-06",9.250640869140626e-05,0.000536918640136,0.0016422271728510002,0.0018672943115230001,0.002445220947265,0.0026664733886710003,0.0028038024902340003,0.003116607666015,0.003166198730468," 0.006393432617187]""",0.006401062011718001,0.002388000488281,0.0,0.0,0.00033378601074200004,5.054473876953126e-05,0.000205993652343,0.000135421752929,0.502176697530864,0.5021805555555551,3.858024691358024e-06
1029440721770,102944072177,0,0,1713257708,1.0,"""[0",0.0,0.0,0.0,0.0,0.0,0.0,0.0,0.0,0.0," 0]""",0.0005331039428710001,0.00017738342285100002,0.0,0.0,0.00033378601074200004,6.008148193359376e-05,7.05718994140625e-05,7.05718994140625e-05,0.5021805555555551,0.502181712962963,1.157407407407407e-06
1029440721770,102944072177,0,0,198556190123,1.0,"""[3.147125244140625e-05",4.863739013671876e-05,9.727478027343751e-05,0.000144958496093,0.00023746490478500002,0.00028610229492100005,0.000422477722167,0.001659393310546,0.003009796142578,0.0030364990234370004," 0.005332946777343001]""",0.005332946777343001,0.0012741088867180002,0.0,0.0,0.00033378601074200004,4.863739013671876e-05,0.000205993652343,0.000123023986816,0.503807484567901,0.503811728395061,4.243827160493826e-06
1029440721770,102944072177,0,0,2059626229,1.0,"""[0",0.0,0.0,0.0,0.0,0.0,0.0,0.0,0.0,0.0," 0]""",0.0,0.0,0.0,0.0,0.00033378601074200004,0.0,9.5367431640625e-07,9.5367431640625e-07,0.506320987654321,0.5063213734567901,3.858024691358024e-07
1029440721770,102944072177,0,0,22761125,1.0,"""[8.58306884765625e-06",1.3351440429687502e-05,2.002716064453125e-05,2.6702880859375003e-05,3.337860107421875e-05,4.00543212890625e-05,5.912780761718751e-05,0.00010585784912100001,0.0010662078857420001,0.0018310546875," 0.0035820007324210003]""",0.0035820007324210003,0.00045108795166,0.0,0.0,0.00033378601074200004,5.912780761718751e-05,0.00026416778564400005,0.000130653381347,0.500303626543209,0.5003167438271601,1.3117283950617281e-05
1029440721770,102944072177,0,0,22761125,1.0,"""[0",0.0,0.0,0.0,0.0,0.0,0.0,0.0,0.0,0.0," 0]""",0.00022792816162100002,4.577636718750001e-05,0.0,0.0,0.00033378601074200004,6.4849853515625e-05,7.152557373046875e-05,7.152557373046875e-05,0.5003167438271601,0.500318672839506,1.929012345679012e-06
1029440721770,102944072177,0,0,2059474546,1.0,"""[0",0.0,0.0,0.0,0.0,0.0,0.0,0.0,0.0,0.0," 0]""",0.0,0.0,0.0,0.0,0.00033378601074200004,0.0,9.5367431640625e-07,9.5367431640625e-07,0.5047191358024691,0.504719521604938,3.858024691358024e-07
1029440721770,102944072177,0,0,21394550,1.0,"""[0",0.0,0.0,0.0,0.0,0.0,0.0,0.0,0.0,0.0," 0]""",0.0,0.0,0.0,0.0,0.00033378601074200004,0.0,9.5367431640625e-07,9.5367431640625e-07,0.500772762345679,0.5007735339506171,7.716049382716048e-07
1029440721770,102944072177,0,0,21365709,1.0,"""[0",0.0,0.0,0.0,0.0,0.0,0.0,0.0,0.0,0.0," 0]""",0.0,0.0,0.0,0.0,0.00033378601074200004,5.531311035156251e-05,6.771087646484375e-05,6.771087646484375e-05,0.501565972222222,0.5015663580246911,3.858024691358024e-07
1029440721770,102944072177,0,0,198556190123,1.0,"""[0",0.0,0.0,0.0,0.0,0.0,0.0,0.0,0.0,0.0," 0]""",0.0,0.0,0.0,0.0,0.00033378601074200004,0.0,9.5367431640625e-07,9.5367431640625e-07,0.50381211419753,0.5038125,3.858024691358024e-07
1029440721770,102944072177,0,0,21393415,1.0,"""[0",0.0,0.0,0.0,0.0,0.0,0.0,0.0,0.0,0.0," 0]""",0.0,0.0,0.0,0.0,0.00033378601074200004,0.0,9.5367431640625e-07,9.5367431640625e-07,0.5033530092592591,0.503353395061728,3.858024691358024e-07
1029440721770,102944072177,0,0,21394550,1.0,"""[8.58306884765625e-06",8.58306884765625e-06,8.58306884765625e-06,8.58306884765625e-06,8.58306884765625e-06,8.58306884765625e-06,8.58306884765625e-06,8.58306884765625e-06,8.58306884765625e-06,8.58306884765625e-06," 8.58306884765625e-06]""",0.0,0.0,0.0,0.0,0.00033378601074200004,0.0,1.9073486328125e-06,1.9073486328125e-06,0.504251157407407,0.5042515432098761,3.858024691358024e-07
1029440721770,102944072177,0,0,1578989065,1.0,"""[8.58306884765625e-06",8.58306884765625e-06,8.58306884765625e-06,8.58306884765625e-06,8.58306884765625e-06,8.58306884765625e-06,8.58306884765625e-06,8.58306884765625e-06,8.58306884765625e-06,8.58306884765625e-06," 8.58306884765625e-06]""",0.0,0.0,0.0,0.0,0.00033378601074200004,0.0,9.5367431640625e-07,9.5367431640625e-07,0.503243441358024,0.503243827160493,3.858024691358024e-07
1029440721770,102944072177,0,0,21378227,1.0,"""[0",0.0,0.0,7.62939453125e-06,1.4305114746093752e-05,2.1934509277343753e-05,2.9563903808593753e-05,3.62396240234375e-05,0.00012016296386700001,0.000195503234863," 0.000195503234863]""",0.000249862670898,4.863739013671876e-05,0.0,0.0,0.00033378601074200004,7.534027099609375e-05,8.678436279296876e-05,8.678436279296876e-05,0.5031909722222221,0.5031925154320981,1.5432098765432092e-06
1029440721770,102944072177,0,0,20143068970,1.0,"""[1.0490417480468752e-05",1.0490417480468752e-05,1.0490417480468752e-05,1.0490417480468752e-05,1.0490417480468752e-05,1.0490417480468752e-05,1.0490417480468752e-05,1.0490417480468752e-05,1.0490417480468752e-05,1.0490417480468752e-05," 1.0490417480468752e-05]""",0.0,0.0,0.0,0.0,0.00033378601074200004,0.0,9.5367431640625e-07,9.5367431640625e-07,0.5044209104938271,0.5044212962962961,3.858024691358024e-07
1029440721770,102944072177,0,0,20143068970,1.0,"""[0",0.0,0.0,0.0,0.0,0.0,0.0,0.0,0.0,0.0,"0]""",0.0,0.0,0.0,0.0,0.00033378601074200004,0.0,9.5367431640625e-07,9.5367431640625e-07,0.5004907407407401,0.500491126543209,3.858024691358024e-07
1029440721770,102944072177,0,0,21205045,1.0,"""[0",0.0,0.0,0.0,0.0,0.0,0.0,0.0,0.0,0.0," 0]""",0.0,0.0,0.0,0.0,0.00033378601074200004,0.0,9.5367431640625e-07,9.5367431640625e-07,0.50607137345679,0.5060733024691351,1.929012345679012e-06
1029440721770,102944072177,0,0,198556190123,1.0,"""[0",0.0,0.0,0.0,0.0,0.0,0.0,0.0,0.0,0.0,"0]""",0.0,0.0,0.0,0.0,0.00033378601074200004,5.435943603515626e-05,6.67572021484375e-05,6.67572021484375e-05,0.509377700617283,0.509378086419753,3.858024691358024e-07
1029440721770,102944072177,0,0,21394550,1.0,"""[4.100799560546875e-05",4.577636718750001e-05,7.05718994140625e-05,0.00013828277587800002,0.00016307830810500002,0.00019836425781200002,0.000555038452148,0.000647544860839,0.0019283294677730001,0.0029449462890620004," 0.005096435546875]""",0.005088806152343001,0.001169204711914,0.0,0.0,0.00033378601074200004,4.959106445312501e-05,0.00026130676269500003,0.00016784667968700002,0.5042515432098761,0.504255401234567,3.858024691358024e-06
1029440721770,102944072177,0,0,21393415,1.0,"""[0",0.0,0.0,0.0,0.0,0.0,0.0,0.0,0.0,0.0," 0]""",0.00019741058349600002,9.918212890625001e-05,0.0,0.0,0.00033378601074200004,0.0,5.7220458984375e-06,5.7220458984375e-06,0.509320987654321,0.509321759259259,7.716049382716048e-07
1029440721770,102944072177,0,0,21365709,1.0,"""[0",0.0,0.0,0.0,0.0,0.0,0.0,0.0,0.0,0.0," 0]""",0.000201225280761,6.67572021484375e-05,0.0,0.0,0.00033378601074200004,5.531311035156251e-05,6.866455078125e-05,6.866455078125e-05,0.5015648148148141,0.501565972222222,1.157407407407407e-06
1029440721770,102944072177,0,0,20143010143,1.0,"""[5.245208740234376e-05",5.245208740234376e-05,5.245208740234376e-05,6.008148193359376e-05,7.43865966796875e-05,0.000154495239257,0.00023746490478500002,0.000255584716796,0.00030326843261700004,0.00030326843261700004," 0.00030326843261700004]""",0.001483917236328,0.00010299682617100001,0.0,0.0,0.00033378601074200004,1.9073486328125e-06,0.00013828277587800002,0.000106811523437,0.5064529320987651,0.5064544753086421,1.5432098765432092e-06
1029440721770,102944072177,0,0,21394550,1.0,"""[0",0.0,0.0,0.0,0.0,0.0,0.0,0.0,0.0,0.0,"0]""",0.0,0.0,0.0,0.0,0.00033378601074200004,0.0,9.5367431640625e-07,9.5367431640625e-07,0.504257330246913,0.5042577160493821,3.858024691358024e-07
1029440721770,102944072177,0,0,21393415,1.0,"""[0",0.0,0.0,0.0,0.0,0.0,0.0,0.0,0.0,0.0,"0]""",0.0,0.0,0.0,0.0,0.0,0.0,9.5367431640625e-07,9.5367431640625e-07,0.503358024691358,0.503358410493827,3.858024691358024e-07
1029440721770,102944072177,0,0,21365709,1.0,"""[0",0.0,0.0,0.0,0.0,0.0,0.0,0.0,0.0,0.0," 0]""",0.0,0.0,0.0,0.0,0.00033378601074200004,0.0,9.5367431640625e-07,9.5367431640625e-07,0.501565972222222,0.5015663580246911,3.858024691358024e-07
1029440721770,102944072177,0,0,1713301981,1.0,"""[0",0.0,0.0,0.0,0.0,0.0,0.0,0.0,0.0,0.0,"0]""",0.0,0.0,0.0,0.0,0.00033378601074200004,5.531311035156251e-05,6.771087646484375e-05,6.771087646484375e-05,0.505055941358024,0.5050563271604931,3.858024691358024e-07
1029440721770,102944072177,0,0,62156450,1.0,"""[0",2.86102294921875e-06,1.4305114746093752e-05,2.5749206542968753e-05,3.719329833984375e-05,0.000154495239257,0.000255584716796,0.00128173828125,0.0015583038330070002,0.003639221191406," 0.00677490234375]""",0.006752014160156,0.001115798950195,0.0,0.0,0.00033378601074200004,4.959106445312501e-05,0.00021553039550700003,0.000123977661132,0.507163194444444,0.507168209876543,5.015432098765432e-06
1029440721770,102944072177,0,0,1578989065,1.0,"""[3.147125244140625e-05",3.147125244140625e-05,0.00018501281738200003,0.00021171569824200001,0.000370025634765,0.001079559326171,0.001787185668945,0.0022544860839840003,0.002281188964843,0.005020141601562," 0.005020141601562]""",0.0050048828125,0.0018901824951170001,0.0,0.0,0.00033378601074200004,4.863739013671876e-05,0.00021171569824200001,9.059906005859376e-05,0.503243827160493,0.5032457561728391,1.929012345679012e-06
1029440721770,102944072177,0,0,57549112366,1.0,"""[3.0517578125e-05",3.337860107421875e-05,4.00543212890625e-05,7.43865966796875e-05,0.00010204315185500001,0.00011920928955000001,0.00013828277587800002,0.000165939331054,0.00132942199707,0.0037040710449210003," 0.005073547363281]""",0.005081176757812,0.000538825988769,0.0,0.0,0.00033378601074200004,5.054473876953126e-05,0.00022029876708900002,0.00011920928955000001,0.505839891975308,0.505846836419753,6.944444444444443e-06
1029440721770,102944072177,0,0,21365709,1.0,"""[0",0.0,6.580352783203125e-05,0.000154495239257,0.00019836425781200002,0.00024223327636700001,0.00041866302490200006,0.001298904418945,0.0030174255371090003,0.004325866699218001," 0.004646301269531]""",0.004646301269531,0.001300811767578,0.0,0.0,0.00033378601074200004,4.577636718750001e-05,0.00023078918457,0.000125885009765,0.501561342592592,0.5015648148148141,3.4722222222222215e-06
1029440721770,102944072177,0,0,20143068970,1.0,"""[0",0.0,0.0,0.0,0.0,0.0,0.0,0.0,0.0,0.0," 0]""",0.000288963317871,0.000144958496093,0.0,0.0,0.00033378601074200004,5.531311035156251e-05,6.771087646484375e-05,6.771087646484375e-05,0.5044259259259251,0.504426697530864,7.716049382716048e-07
1029440721770,102944072177,0,0,2059474546,1.0,"""[0",0.0,0.0,0.0,0.0,0.0,0.0,0.0,0.0,0.0," 0]""",0.0,0.0,0.0,0.0,0.00033378601074200004,0.0,9.5367431640625e-07,9.5367431640625e-07,0.504719521604938,0.504719907407407,3.858024691358024e-07
1029440721770,102944072177,0,0,21393415,1.0,"""[0",0.0,0.0,0.0,0.0,0.0,0.0,0.0,0.0,0.0,"0]""",0.0,0.0,0.0,0.0,0.00033378601074200004,0.0,9.5367431640625e-07,9.5367431640625e-07,0.5093213734567901,0.509321759259259,3.858024691358024e-07
1029440721770,102944072177,0,0,21393415,1.0,"""[7.62939453125e-06",1.1444091796875002e-05,1.71661376953125e-05,2.1934509277343753e-05,2.7656555175781253e-05,3.24249267578125e-05,3.814697265625e-05,4.291534423828126e-05,6.198883056640625e-05,8.487701416015626e-05," 0.003803253173828]""",0.00372314453125,0.00019741058349600002,0.0,0.0,0.00033378601074200004,5.435943603515626e-05,0.000255584716796,0.00012016296386700001,0.5092276234567901,0.5092592592592591,3.16358024691358e-05
1029440721770,102944072177,0,0,2059474546,1.0,"""[6.67572021484375e-06",6.67572021484375e-06,6.67572021484375e-06,6.67572021484375e-06,6.67572021484375e-06,6.67572021484375e-06,6.67572021484375e-06,6.67572021484375e-06,6.67572021484375e-06,6.67572021484375e-06," 6.67572021484375e-06]""",0.0,0.0,0.0,0.0,0.00033378601074200004,0.0,9.5367431640625e-07,9.5367431640625e-07,0.50471412037037,0.5047145061728391,3.858024691358024e-07
1029440721770,102944072177,0,0,22761125,1.0,"""[1.1444091796875002e-05",1.1444091796875002e-05,1.1444091796875002e-05,1.1444091796875002e-05,1.1444091796875002e-05,1.1444091796875002e-05,1.1444091796875002e-05,1.1444091796875002e-05,1.1444091796875002e-05,1.1444091796875002e-05," 1.1444091796875002e-05]""",0.0,0.0,0.0,0.0,0.00033378601074200004,0.0,9.5367431640625e-07,9.5367431640625e-07,0.5088780864197531,0.508878472222222,3.858024691358024e-07
1029440721770,102944072177,0,0,21393415,1.0,"""[1.9073486328125e-06",6.67572021484375e-06,1.1444091796875002e-05,1.71661376953125e-05,2.1934509277343753e-05,2.7656555175781253e-05,3.24249267578125e-05,3.814697265625e-05,4.291534423828126e-05,7.534027099609375e-05," 0.005790710449218001]""",0.005790710449218001,0.000149726867675,0.0,0.0,0.00033378601074200004,0.0,0.00016307830810500002,6.29425048828125e-05,0.5092758487654321,0.509320987654321,4.513888888888889e-05
1029440721770,102944072177,0,0,21365709,1.0,"""[1.4305114746093752e-05",1.4305114746093752e-05,1.4305114746093752e-05,1.4305114746093752e-05,1.4305114746093752e-05,1.4305114746093752e-05,1.4305114746093752e-05,1.4305114746093752e-05,1.4305114746093752e-05,1.4305114746093752e-05," 1.4305114746093752e-05]""",0.0,0.0,0.0,0.0,0.00033378601074200004,0.0,9.5367431640625e-07,9.5367431640625e-07,0.501560956790123,0.501561342592592,3.858024691358024e-07
1029440721770,102944072177,0,0,1713257708,1.0,"""[9.5367431640625e-07",9.5367431640625e-07,9.5367431640625e-07,9.5367431640625e-07,9.5367431640625e-07,9.5367431640625e-07,9.5367431640625e-07,9.5367431640625e-07,9.5367431640625e-07,9.5367431640625e-07," 9.5367431640625e-07]""",0.0,0.0,0.0,0.0,0.00033378601074200004,6.008148193359376e-05,6.961822509765625e-05,6.961822509765625e-05,0.502181712962963,0.5021820987654321,3.858024691358024e-07
1029440721770,102944072177,0,0,21393415,1.0,"""[4.768371582031251e-05",4.768371582031251e-05,4.768371582031251e-05,4.768371582031251e-05,4.768371582031251e-05,4.768371582031251e-05,4.768371582031251e-05,4.768371582031251e-05,4.768371582031251e-05,4.768371582031251e-05," 4.768371582031251e-05]""",0.00032901763916,4.577636718750001e-05,0.0,0.0,0.00033378601074200004,5.912780761718751e-05,0.000123977661132,0.000123977661132,0.503356481481481,0.503357253086419,7.716049382716048e-07
1029440721770,102944072177,0,0,198556190123,1.0,"""[8.583068847656251e-05",8.583068847656251e-05,8.583068847656251e-05,8.583068847656251e-05,0.00018501281738200003,0.00019836425781200002,0.00021171569824200001,0.005104064941406,0.005104064941406,0.005104064941406," 0.005104064941406]""",0.00970458984375,0.00372314453125,0.0,0.0,0.00033378601074200004,5.435943603515626e-05,0.00021457672119100003,0.00016307830810500002,0.509375,0.509376543209876,1.5432098765432092e-06
1029440721770,102944072177,0,0,1713301981,1.0,"""[0",0.0,0.0,0.0,0.0,0.0,0.0,0.0,0.0,0.0," 0]""",0.00023651123046800003,0.000107765197753,0.0,0.0,0.00033378601074200004,5.531311035156251e-05,6.961822509765625e-05,6.961822509765625e-05,0.5050551697530861,0.505055941358024,7.716049382716048e-07
1029440721770,102944072177,0,0,57549112366,1.0,"""[0",0.0,0.0,0.0,0.0,0.0,0.0,0.0,0.0,0.0," 0]""",0.00017261505126900002,4.291534423828126e-05,0.0,0.0,0.00033378601074200004,5.626678466796876e-05,6.4849853515625e-05,6.4849853515625e-05,0.505846836419753,0.505848379629629,1.5432098765432092e-06
1029440721770,102944072177,0,0,198556190123,1.0,"""[0",0.0,0.0,0.0,0.0,0.0,0.0,0.0,0.0,0.0,"0]""",0.0,0.0,0.0,0.0,0.00033378601074200004,5.722045898437501e-05,6.866455078125e-05,6.866455078125e-05,0.50381211419753,0.5038125,3.858024691358024e-07
1029440721770,102944072177,0,0,2059626229,1.0,"""[0.00012016296386700001",0.00012016296386700001,0.00012016296386700001,0.00012016296386700001,0.002166748046875,0.0021781921386710003,0.0021934509277340003,0.006240844726562,0.006240844726562,0.006240844726562," 0.006240844726562]""",0.006507873535156,0.0029296875,0.0,0.0,0.00033378601074200004,0.0,0.000134468078613,0.000115394592285,0.506321759259259,0.5063229166666661,1.157407407407407e-06
1029440721770,102944072177,0,0,20143068970,1.0,"""[0",0.0,0.0,0.0,0.0,0.0,0.0,0.0,0.0,0.0," 0]""",0.0,0.0,0.0,0.0,0.00033378601074200004,0.0,9.5367431640625e-07,9.5367431640625e-07,0.500489969135802,0.5004907407407401,7.716049382716048e-07
1029440721770,102944072177,0,0,2059626229,1.0,"""[5.149841308593751e-05",5.149841308593751e-05,5.149841308593751e-05,5.912780761718751e-05,7.343292236328125e-05,0.00017642974853500002,0.000281333923339,0.000299453735351,0.0017013549804680002,0.0017013549804680002," 0.0017013549804680002]""",0.0017032623291010002,0.00045394897460900003,0.0,0.0,0.00033378601074200004,9.5367431640625e-07,0.000154495239257,0.000153541564941,0.5063229166666661,0.5063244598765431,1.5432098765432092e-06
1029440721770,102944072177,0,0,21393415,1.0,"""[0",0.0,0.0,0.0,0.0,0.0,0.0,0.0,0.0,0.0," 0]""",0.00032520294189400005,0.00010871887207,0.0,0.0,0.00033378601074200004,5.531311035156251e-05,5.912780761718751e-05,5.912780761718751e-05,0.509275077160493,0.509276234567901,1.157407407407407e-06
1029440721770,102944072177,0,0,198556190123,1.0,"""[0",0.0,0.0,0.0,1.9073486328125e-06,3.814697265625e-06,6.67572021484375e-06,7.62939453125e-06,7.62939453125e-06,7.62939453125e-06," 7.62939453125e-06]""",0.0,0.0,0.0,0.0,0.00033378601074200004,0.0,9.5367431640625e-07,9.5367431640625e-07,0.509376929012345,0.509377700617283,7.716049382716048e-07
1029440721770,102944072177,0,0,2059626229,1.0,"""[0",0.0,0.0,0.0,0.0,0.0,0.0,0.0,0.0,0.0,"0]""",0.0,0.0,0.0,0.0,0.00033378601074200004,0.0,9.5367431640625e-07,9.5367431640625e-07,0.5025146604938271,0.5025150462962961,3.858024691358024e-07
1029440721770,102944072177,0,0,198556190123,1.0,"""[0",0.0,0.0,0.0,0.0,0.0,0.0,0.0,0.0,0.0," 0]""",0.00020217895507800002,6.771087646484375e-05,0.0,0.0,0.00033378601074200004,5.435943603515626e-05,6.389617919921875e-05,6.389617919921875e-05,0.500603009259259,0.5006041666666661,1.157407407407407e-06
1029440721770,102944072177,0,0,20143010143,1.0,"""[0",0.0,0.0,0.0,0.0,0.0,0.0,0.0,9.5367431640625e-07,9.5367431640625e-07," 9.5367431640625e-07]""",0.00026416778564400005,3.814697265625e-05,0.0,0.0,0.00033378601074200004,1.9073486328125e-06,9.5367431640625e-06,8.58306884765625e-06,0.5064544753086421,0.506457175925925,2.7006172839506168e-06
1029440721770,102944072177,0,0,20143068970,1.0,"""[0",1.3351440429687502e-05,5.722045898437501e-05,8.583068847656251e-05,0.00014114379882800002,0.00028610229492100005,0.00047588348388600003,0.001941680908203,0.002349853515625,0.0035514831542960003," 0.005935668945312]""",0.005935668945312,0.001277923583984,0.0,0.0,0.00033378601074200004,5.054473876953126e-05,0.000195503234863,0.00013828277587800002,0.5044212962962961,0.5044259259259251,4.629629629629629e-06
1029440721770,102944072177,0,0,21205045,1.0,"""[0",0.0,0.0,0.0,0.0,0.0,0.0,0.0,0.0,0.0," 0]""",0.00019264221191400002,3.24249267578125e-05,0.0,0.0,0.00033378601074200004,5.626678466796876e-05,6.771087646484375e-05,6.67572021484375e-05,0.506070987654321,0.5060733024691351,2.314814814814814e-06
1029440721770,102944072177,0,0,21205045,1.0,"""[3.337860107421875e-05",3.337860107421875e-05,0.00016689300537100002,0.000191688537597,0.00021171569824200001,0.00024223327636700001,0.0010299682617180002,0.002082824707031,0.003837585449218,0.004241943359375," 0.004241943359375]""",0.004280090332031,0.001459121704101,0.0,0.0,0.00033378601074200004,4.863739013671876e-05,0.000221252441406,0.000123023986816,0.506067901234567,0.506070987654321,3.0864197530864187e-06
1029440721770,102944072177,0,0,22761125,1.0,"""[0",0.0,0.0,0.0,0.0,0.0,0.0,0.0,0.0,0.0," 0]""",0.0,0.0,0.0,0.0,0.00033378601074200004,0.0,9.5367431640625e-07,9.5367431640625e-07,0.5088838734567901,0.5088842592592591,3.858024691358024e-07
1029440721770,102944072177,0,0,22761125,1.0,"""[0",0.0,0.0,0.0,0.0,0.0,0.0,0.0,0.0,0.0,"0]""",0.0,0.0,0.0,0.0,0.00033378601074200004,0.0,9.5367431640625e-07,9.5367431640625e-07,0.5003032407407401,0.500303626543209,3.858024691358024e-07
1029440721770,102944072177,0,0,21393415,1.0,"""[0",0.0,0.0,0.0,0.0,3.910064697265625e-05,7.82012939453125e-05,7.82012939453125e-05,7.82012939453125e-05,7.82012939453125e-05," 7.82012939453125e-05]""",0.00018310546875,6.103515625e-05,0.0,0.0,0.00033378601074200004,5.912780761718751e-05,7.05718994140625e-05,7.05718994140625e-05,0.503357253086419,0.503358410493827,1.157407407407407e-06
1029440721770,102944072177,0,0,22761125,1.0,"""[0",0.0,0.0,0.0,0.0,0.0,0.0,0.0,0.0,0.0," 0]""",0.0,0.0,0.0,0.0,0.00033378601074200004,0.0,9.5367431640625e-07,9.5367431640625e-07,0.5088827160493821,0.5088838734567901,1.157407407407407e-06
1029440721770,102944072177,0,0,20143068970,1.0,"""[0",0.0,0.0,0.0,0.0,0.0,0.0,0.0,0.0,0.0,"0]""",0.0,0.0,0.0,0.0,0.00033378601074200004,5.531311035156251e-05,6.771087646484375e-05,6.771087646484375e-05,0.5004907407407401,0.500491126543209,3.858024691358024e-07
1029440721770,102944072177,0,0,21393415,1.0,"""[0",0.0,0.0,0.0,0.0,0.0,0.0,0.0,0.0,0.0," 0]""",0.0,0.0,0.0,0.0,0.00033378601074200004,0.0,9.5367431640625e-07,9.5367431640625e-07,0.509275462962963,0.5092758487654321,3.858024691358024e-07
1029440721770,102944072177,0,0,21365709,1.0,"""[0",0.0,0.0,0.0,0.0,0.0,0.0,0.0,0.0,0.0," 0]""",0.0,0.0,0.0,0.0,0.00033378601074200004,0.0,9.5367431640625e-07,9.5367431640625e-07,0.501565586419753,0.501565972222222,3.858024691358024e-07
1029440721770,102944072177,0,0,1578989065,1.0,"""[0",0.0,0.0,0.0,0.0,0.0,0.0,0.0,0.0,0.0," 0]""",0.0,0.0,0.0,0.0,0.00033378601074200004,0.0,9.5367431640625e-07,9.5367431640625e-07,0.503246141975308,0.5032469135802461,7.716049382716048e-07
1029440721770,102944072177,0,0,62156450,1.0,"""[0",0.0,0.0,0.0,0.0,0.0,9.5367431640625e-07,9.5367431640625e-07,9.5367431640625e-07,9.5367431640625e-07," 9.5367431640625e-07]""",0.0,0.0,0.0,0.0,0.00033378601074200004,5.722045898437501e-05,6.580352783203125e-05,6.4849853515625e-05,0.507169753086419,0.507170524691358,7.716049382716048e-07
1029440721770,102944072177,0,0,1712866415,1.0,"""[0",0.0,0.0,0.0,0.0,0.0,0.0,0.0,0.0,0.0," 0]""",0.0,0.0,0.0,0.0,0.00033378601074200004,0.0,9.5367431640625e-07,9.5367431640625e-07,0.5050003858024691,0.5050019290123451,1.5432098765432092e-06
1029440721770,102944072177,0,0,21394550,1.0,"""[0",0.0,0.0,0.0,0.0,0.0,0.0,0.0,0.0,0.0," 0]""",0.00020408630371000002,3.24249267578125e-05,0.0,0.0,0.00033378601074200004,5.531311035156251e-05,6.67572021484375e-05,6.67572021484375e-05,0.504255401234567,0.504257330246913,1.929012345679012e-06
1029440721770,102944072177,0,0,2059474546,1.0,"""[0",0.0,0.0,0.0,0.0,0.0,0.0,0.0,0.0,0.0," 0]""",0.0,0.0,0.0,0.0,0.00033378601074200004,5.722045898437501e-05,6.67572021484375e-05,6.67572021484375e-05,0.504719521604938,0.504719907407407,3.858024691358024e-07
1029440721770,102944072177,0,0,21393415,1.0,"""[0",0.0,0.0,0.0,0.0,0.0,0.0,0.0,0.0,0.0," 0]""",9.5367431640625e-06,4.76837158203125e-06,0.0,0.0,0.00033378601074200004,0.0,9.5367431640625e-07,9.5367431640625e-07,0.503358410493827,0.5033591820987651,7.716049382716048e-07
1029440721770,102944072177,0,0,198556190123,1.0,"""[0",0.0,3.528594970703125e-05,0.00011920928955000001,0.00020217895507800002,0.00024223327636700001,0.0016460418701170001,0.0019950866699210003,0.0037498474121090003,0.004493713378906," 0.004493713378906]""",0.004493713378906,0.001537322998046,0.0,0.0,0.00033378601074200004,4.482269287109376e-05,0.00018787384033200002,9.346008300781251e-05,0.500599922839506,0.500603009259259,3.0864197530864187e-06
1029440721770,102944072177,0,0,2059626229,1.0,"""[0.000281333923339",0.000281333923339,0.000281333923339,0.000281333923339,0.000281333923339,0.000281333923339,0.000281333923339,0.000281333923339,0.000281333923339,0.000281333923339," 0.000281333923339]""",0.0,0.0,0.0,0.0,0.00033378601074200004,0.0,9.5367431640625e-07,9.5367431640625e-07,0.5063213734567901,0.506321759259259,3.858024691358024e-07
1029440721770,102944072177,0,0,21394550,1.0,"""[0",0.0,0.0,0.0,0.0,0.0,0.0,0.0,0.0,0.0,"0]""",0.0,0.0,0.0,0.0,0.00033378601074200004,0.0,9.5367431640625e-07,9.5367431640625e-07,0.5007692901234561,0.500769675925925,3.858024691358024e-07
1029440721770,102944072177,0,0,21393415,1.0,"""[2.7656555175781253e-05",2.9563903808593753e-05,3.24249267578125e-05,3.4332275390625e-05,3.719329833984375e-05,3.910064697265625e-05,4.196166992187501e-05,4.386901855468751e-05,7.343292236328125e-05,0.00011730194091700002," 0.000335693359375]""",0.000161170959472,5.054473876953126e-05,0.0,0.0,0.00033378601074200004,5.531311035156251e-05,0.00011825561523400002,0.00011825561523400002,0.5092592592592591,0.509275077160493,1.58179012345679e-05
