UniqJobId,collection_id,instance_index,priority,machine_id,sample_rate,cpu_usage_distribution1,cpu_usage_distribution2,cpu_usage_distribution3,cpu_usage_distribution4,cpu_usage_distribution5,cpu_usage_distribution6,cpu_usage_distribution7,cpu_usage_distribution8,cpu_usage_distribution9,cpu_usage_distribution10,cpu_usage_distribution11,max_cpu,avg_cpu,cycles_per_instruction,memory_accesses_per_instruction,assigned_memory,page_cache_memory,max_memory,avg_memory,start_time,end_time,time_window
1029440721730,102944072173,0,0,21378227,1.0,"""[9.5367431640625e-07",9.5367431640625e-07,9.5367431640625e-07,9.5367431640625e-07,9.5367431640625e-07,9.5367431640625e-07,9.5367431640625e-07,9.5367431640625e-07,9.5367431640625e-07,9.5367431640625e-07," 9.5367431640625e-07]""",0.0,0.0,3.490710973739624,0.016395203769207,0.00059700012207,0.00017738342285100002,3.337860107421875e-05,3.337860107421875e-05,0.507527391975308,0.507527777777777,3.858024691358024e-07
1029440721730,102944072173,0,0,21378227,1.0,"""[4.386901855468751e-05",4.863739013671876e-05,5.340576171875001e-05,5.817413330078126e-05,6.29425048828125e-05,6.771087646484375e-05,7.2479248046875e-05,7.724761962890625e-05,8.106231689453125e-05,8.583068847656251e-05," 0.00018882751464800002]""",0.00018882751464800002,6.008148193359376e-05,3.004283428192138,0.011794693768024,0.00059700012207,0.00015735626220700002,0.000422477722167,0.00028610229492100005,0.508449074074074,0.5085648148148141,0.00011574074074
1029440721730,102944072173,0,0,21378227,1.0,"""[4.673004150390626e-05",5.149841308593751e-05,5.626678466796876e-05,6.103515625e-05,6.580352783203125e-05,6.961822509765625e-05,7.43865966796875e-05,7.915496826171875e-05,8.392333984375001e-05,9.346008300781251e-05," 0.00016784667968700002]""",0.00019931793212800002,6.580352783203125e-05,3.31339955329895,0.013283277861773002,0.00059700012207,1.0490417480468752e-05,0.000274658203125,0.00027179718017500003,0.507060185185185,0.5071759259259261,0.00011574074074
1029440721730,102944072173,0,0,21378227,1.0,"""[4.577636718750001e-05",5.054473876953126e-05,5.531311035156251e-05,5.912780761718751e-05,6.389617919921875e-05,6.866455078125e-05,7.343292236328125e-05,7.724761962890625e-05,8.20159912109375e-05,8.678436279296876e-05," 0.00045013427734300006]""",0.00044918060302700006,6.4849853515625e-05,3.490711212158203,0.016395205631852,0.00059700012207,0.000155448913574,0.000274658203125,0.00027084350585900003,0.5074074074074071,0.507523148148148,0.00011574074074
1029440721730,102944072173,0,0,21378227,1.0,"""[0",0.0,0.0,0.0,0.0,2.86102294921875e-06,5.7220458984375e-06,5.7220458984375e-06,5.7220458984375e-06,5.7220458984375e-06," 5.7220458984375e-06]""",0.0,0.0,0.0,0.0,0.00059700012207,0.0,1.9073486328125e-06,1.9073486328125e-06,0.508091820987654,0.508092206790123,3.858024691358024e-07
1029440721730,102944072173,0,0,21378227,1.0,"""[0",0.0,0.0,0.0,0.0,0.0,0.0,0.0,0.0,0.0," 0]""",0.000462532043457,7.915496826171875e-05,3.50460934638977,0.013840078376233002,0.00059700012207,2.9563903808593753e-05,3.4332275390625e-05,3.337860107421875e-05,0.508373456790123,0.508375,1.5432098765432092e-06
1029440721730,102944072173,0,0,21378227,1.0,"""[3.910064697265625e-05",4.768371582031251e-05,5.340576171875001e-05,5.817413330078126e-05,6.389617919921875e-05,6.866455078125e-05,7.43865966796875e-05,7.915496826171875e-05,8.487701416015626e-05,0.00012111663818300001," 0.003833770751953]""",0.003833770751953,0.00014114379882800002,0.0,0.0,0.00059700012207,0.000152587890625,0.000422477722167,0.00040531158447200004,0.507244984567901,0.507291666666666,4.668209876543209e-05
1029440721730,102944072173,0,0,21378227,1.0,"""[4.00543212890625e-05",4.768371582031251e-05,5.245208740234376e-05,5.817413330078126e-05,6.29425048828125e-05,6.771087646484375e-05,7.2479248046875e-05,7.724761962890625e-05,8.296966552734376e-05,8.773803710937501e-05," 0.004631042480468001]""",0.004623413085937,0.00024318695068300001,3.160825490951538,0.013511002063751,0.00059700012207,0.000170707702636,0.000341415405273,0.000267028808593,0.5069444444444441,0.506962191358024,1.774691358024691e-05
1029440721730,102944072173,0,0,21378227,1.0,"""[5.054473876953126e-05",5.435943603515626e-05,5.912780761718751e-05,6.389617919921875e-05,6.866455078125e-05,7.343292236328125e-05,7.724761962890625e-05,8.20159912109375e-05,8.678436279296876e-05,0.000114440917968," 0.006454467773437]""",0.006446838378906,0.000123977661132,3.313399314880371,0.013283276930451001,0.00059700012207,1.1444091796875002e-05,0.000340461730957,0.00027370452880800004,0.5071759259259261,0.507243827160493,6.790123456790123e-05
1029440721730,102944072173,0,0,21378227,1.0,"""[4.00543212890625e-05",4.673004150390626e-05,5.149841308593751e-05,5.626678466796876e-05,6.103515625e-05,6.580352783203125e-05,7.05718994140625e-05,7.534027099609375e-05,8.106231689453125e-05,8.583068847656251e-05," 0.00014591217041000002]""",0.00014591217041000002,5.817413330078126e-05,3.048592805862426,0.013942049816250001,0.00059700012207,7.62939453125e-06,0.00027370452880800004,0.00027179718017500003,0.5076388888888881,0.507754629629629,0.00011574074074
1029440721730,102944072173,0,0,21378227,1.0,"""[0",0.0,0.0,0.0,0.0,0.0,0.0,0.0,0.0,0.0,"0]""",0.0,0.0,3.392482042312622,0.013543184846639002,0.00059700012207,5.817413330078126e-05,2.6702880859375003e-05,2.6702880859375003e-05,0.509505401234567,0.5095057870370371,3.858024691358024e-07
1029440721730,102944072173,0,0,21378227,1.0,"""[0",0.0,0.0,0.0,0.0,0.0,0.0,0.0,0.0,0.0," 0]""",0.0,0.0,0.0,0.0,0.00059700012207,0.0,9.5367431640625e-07,9.5367431640625e-07,0.5095042438271601,0.5095046296296291,3.858024691358024e-07
1029440721730,102944072173,0,0,21378227,1.0,"""[0",0.0,0.0,0.0,0.0,0.0,0.0,0.0,0.0,0.0," 0]""",0.0,0.0,0.0,0.0,0.00059700012207,0.0,9.5367431640625e-07,9.5367431640625e-07,0.5078086419753081,0.507809027777777,3.858024691358024e-07
1029440721730,102944072173,0,0,21378227,1.0,"""[4.482269287109376e-05",4.959106445312501e-05,5.435943603515626e-05,5.912780761718751e-05,6.389617919921875e-05,6.866455078125e-05,7.343292236328125e-05,7.82012939453125e-05,8.296966552734376e-05,8.773803710937501e-05," 0.00024223327636700001]""",0.000245094299316,6.866455078125e-05,3.975196599960327,0.014549874700605002,0.00059700012207,0.000154495239257,0.000360488891601,0.000299453735351,0.5078703703703701,0.507986111111111,0.00011574074074
1029440721730,102944072173,0,0,21378227,1.0,"""[4.00543212890625e-05",4.673004150390626e-05,5.149841308593751e-05,5.626678466796876e-05,6.198883056640625e-05,6.67572021484375e-05,7.152557373046875e-05,7.62939453125e-05,8.106231689453125e-05,8.678436279296876e-05," 0.00014114379882800002]""",0.00014114379882800002,5.817413330078126e-05,3.230693340301513,0.009570795111358001,0.00059700012207,3.147125244140625e-05,0.000307083129882,0.00029182434082000003,0.508680555555555,0.5087962962962961,0.00011574074074
1029440721730,102944072173,0,0,21378227,1.0,"""[0",0.0,0.0,0.0,0.0,0.0,0.0,0.0,0.0,0.0,"0]""",0.0,0.0,0.0,0.0,0.00059700012207,0.0,1.9073486328125e-06,1.9073486328125e-06,0.508092206790123,0.508092592592592,3.858024691358024e-07
1029440721730,102944072173,0,0,21378227,1.0,"""[0",0.0,0.0,0.0,0.0,0.0,0.0,0.0,0.0,0.0," 0]""",0.0,0.0,0.0,0.0,0.00059700012207,0.0,9.5367431640625e-07,9.5367431640625e-07,0.508939429012345,0.508939814814814,3.858024691358024e-07
1029440721730,102944072173,0,0,21378227,1.0,"""[2.9563903808593753e-05",4.482269287109376e-05,5.054473876953126e-05,5.531311035156251e-05,6.103515625e-05,6.67572021484375e-05,7.152557373046875e-05,7.724761962890625e-05,8.20159912109375e-05,8.773803710937501e-05," 0.005058288574218001]""",0.005058288574218001,8.678436279296876e-05,0.0,0.0,0.00059700012207,7.62939453125e-06,0.000275611877441,0.000269889831542,0.507527391975308,0.5076388888888881,0.00011149691358000001
1029440721730,102944072173,0,0,21378227,1.0,"""[0",0.0,0.0,0.0,0.0,0.0,0.0,0.0,0.0,0.0," 0]""",0.0,0.0,3.230693340301513,0.009570794180035001,0.00059700012207,5.340576171875001e-05,3.147125244140625e-05,3.147125244140625e-05,0.508939814814814,0.5089402006172841,3.858024691358024e-07
1029440721730,102944072173,0,0,21378227,1.0,"""[0",2.2888183593750003e-05,4.577636718750001e-05,5.435943603515626e-05,6.198883056640625e-05,6.961822509765625e-05,7.82012939453125e-05,8.583068847656251e-05,0.000112533569335,0.00021362304687500003," 0.002937316894531]""",0.002933502197265,0.00020885467529200002,0.0,0.0,0.00059700012207,3.0517578125e-05,0.000307083129882,0.000288009643554,0.5086570216049381,0.508680555555555,2.353395061728394e-05
1029440721730,102944072173,0,0,21378227,1.0,"""[4.386901855468751e-05",4.863739013671876e-05,5.340576171875001e-05,5.817413330078126e-05,6.29425048828125e-05,6.771087646484375e-05,7.2479248046875e-05,7.724761962890625e-05,8.20159912109375e-05,8.678436279296876e-05," 0.00023078918457]""",0.000318527221679,6.389617919921875e-05,0.0,0.0,0.00059700012207,7.62939453125e-06,0.000281333923339,0.00027847290039,0.5081018518518511,0.508217592592592,0.00011574074074
1029440721730,102944072173,0,0,21378227,1.0,"""[4.673004150390626e-05",5.054473876953126e-05,5.531311035156251e-05,6.008148193359376e-05,6.4849853515625e-05,6.866455078125e-05,7.343292236328125e-05,7.82012939453125e-05,8.296966552734376e-05,8.773803710937501e-05," 0.004600524902343001]""",0.004600524902343001,0.000153541564941,3.50460934638977,0.013840078376233002,0.00059700012207,8.58306884765625e-06,0.00034618377685500005,0.000279426574707,0.5083333333333331,0.508373456790123,4.012345679012345e-05
1029440721730,102944072173,0,0,21378227,1.0,"""[3.62396240234375e-05",4.291534423828126e-05,4.863739013671876e-05,5.435943603515626e-05,6.008148193359376e-05,6.4849853515625e-05,7.05718994140625e-05,7.62939453125e-05,8.106231689453125e-05,8.678436279296876e-05," 0.00016880035400300002]""",0.00016880035400300002,5.817413330078126e-05,0.0,0.0,0.00059700012207,0.00016784667968700002,0.00043869018554600005,0.000320434570312,0.5067129629629631,0.506828703703703,0.00011574074074
1029440721730,102944072173,0,0,21378227,1.0,"""[4.100799560546875e-05",4.768371582031251e-05,5.245208740234376e-05,5.722045898437501e-05,6.198883056640625e-05,6.67572021484375e-05,7.152557373046875e-05,7.62939453125e-05,8.106231689453125e-05,8.583068847656251e-05," 0.00043678283691400005]""",0.000433921813964,6.008148193359376e-05,3.392482042312622,0.013543184846639002,0.00059700012207,3.62396240234375e-05,0.00027179718017500003,0.00026798248291,0.509375,0.5094907407407401,0.00011574074074
1029440721730,102944072173,0,0,21378227,1.0,"""[0",0.0,0.0,0.0,0.0,0.0,0.0,0.0,0.0,0.0," 0]""",0.0,0.0,0.0,0.0,0.00059700012207,0.0,9.5367431640625e-07,9.5367431640625e-07,0.5072442129629631,0.507244598765432,3.858024691358024e-07
1029440721730,102944072173,0,0,21378227,1.0,"""[0",0.0,0.0,0.0,0.0,8.773803710937501e-05,0.000174522399902,0.000174522399902,0.000174522399902,0.000174522399902," 0.000174522399902]""",0.00020790100097600002,0.000125885009765,3.160825490951538,0.013511002063751,0.00059700012207,0.00018978118896400002,3.62396240234375e-05,3.528594970703125e-05,0.506962191358024,0.5069629629629631,7.716049382716048e-07
1029440721730,102944072173,0,0,21378227,1.0,"""[0",0.0,0.0,0.0,0.0,0.0,0.0,0.0,0.0,0.0,"0]""",0.0,0.0,0.0,0.0,0.00059700012207,0.0,1.9073486328125e-06,1.9073486328125e-06,0.5075270061728391,0.507527391975308,3.858024691358024e-07
1029440721730,102944072173,0,0,21378227,1.0,"""[0",0.0,0.0,0.0,0.0,0.0,0.0,0.0,0.0,0.0," 0]""",0.000246047973632,6.103515625e-05,3.392482042312622,0.013543184846639002,0.00059700012207,5.817413330078126e-05,2.8610229492187503e-05,2.8610229492187503e-05,0.509503858024691,0.509505401234567,1.5432098765432092e-06
1029440721730,102944072173,0,0,21378227,1.0,"""[3.910064697265625e-05",4.768371582031251e-05,5.340576171875001e-05,5.817413330078126e-05,6.389617919921875e-05,6.961822509765625e-05,7.43865966796875e-05,8.0108642578125e-05,8.583068847656251e-05,0.00020694732666000002," 0.005508422851562]""",0.005508422851562,0.000306129455566,3.392482042312622,0.013543184846639002,0.00059700012207,4.00543212890625e-05,0.00029277801513600003,0.00025463104248,0.5094907407407401,0.509503858024691,1.3117283950617281e-05
1029440721730,102944072173,0,0,21378227,1.0,"""[0",0.0,0.0,0.0,0.0,0.0,0.0,0.0,0.0,0.0," 0]""",0.0,0.0,0.0,0.0,0.00059700012207,0.0,9.5367431640625e-07,9.5367431640625e-07,0.507244598765432,0.507244984567901,3.858024691358024e-07
1029440721730,102944072173,0,0,21378227,1.0,"""[0",4.768371582031251e-05,5.245208740234376e-05,5.722045898437501e-05,6.198883056640625e-05,6.67572021484375e-05,7.05718994140625e-05,7.534027099609375e-05,8.0108642578125e-05,8.487701416015626e-05," 0.006683349609375001]""",0.006675720214843001,9.727478027343751e-05,3.004283189773559,0.011794693768024,0.00059700012207,0.00015830993652300002,0.000299453735351,0.000274658203125,0.5085648148148141,0.5086558641975301,9.104938271604938e-05
1029440721730,102944072173,0,0,21378227,1.0,"""[0",0.0,0.0,0.0,0.0,4.76837158203125e-06,1.0490417480468752e-05,1.0490417480468752e-05,1.0490417480468752e-05,1.0490417480468752e-05," 1.0490417480468752e-05]""",0.0,0.0,0.0,0.0,0.00059700012207,0.0,1.9073486328125e-06,1.9073486328125e-06,0.50752662037037,0.5075270061728391,3.858024691358024e-07
1029440721730,102944072173,0,0,21378227,1.0,"""[0",0.0,0.0,0.0,0.0,0.0,0.0,0.0,0.0,0.0," 0]""",0.00019836425781200002,4.959106445312501e-05,3.048592805862426,0.013942049816250001,0.00059700012207,2.9563903808593753e-05,2.8610229492187503e-05,2.8610229492187503e-05,0.50780787037037,0.507809413580246,1.5432098765432092e-06
1029440721730,102944072173,0,0,21378227,1.0,"""[4.482269287109376e-05",4.863739013671876e-05,5.340576171875001e-05,5.817413330078126e-05,6.29425048828125e-05,6.771087646484375e-05,7.2479248046875e-05,7.724761962890625e-05,8.20159912109375e-05,8.678436279296876e-05," 0.000433921813964]""",0.000433921813964,6.103515625e-05,3.504609584808349,0.013840077444911001,0.00059700012207,7.62939453125e-06,0.000279426574707,0.000277519226074,0.508217592592592,0.5083333333333331,0.00011574074074
1029440721730,102944072173,0,0,21378227,1.0,"""[3.719329833984375e-05",4.482269287109376e-05,4.959106445312501e-05,5.531311035156251e-05,6.008148193359376e-05,6.580352783203125e-05,7.152557373046875e-05,7.62939453125e-05,8.20159912109375e-05,8.678436279296876e-05," 0.00043773651123000005]""",0.00043869018554600005,6.103515625e-05,3.160825490951538,0.013511002063751,0.00059700012207,0.00016784667968700002,0.000276565551757,0.00027370452880800004,0.506828703703703,0.5069444444444441,0.00011574074074
1029440721730,102944072173,0,0,21378227,1.0,"""[4.00543212890625e-05",4.673004150390626e-05,5.149841308593751e-05,5.626678466796876e-05,6.103515625e-05,6.580352783203125e-05,7.152557373046875e-05,7.62939453125e-05,8.106231689453125e-05,8.583068847656251e-05," 0.000513076782226]""",0.000513076782226,5.626678466796876e-05,3.230693340301513,0.009570794180035001,0.00059700012207,3.147125244140625e-05,0.000281333923339,0.000280380249023,0.5087962962962961,0.508912037037037,0.00011574074074
1029440721730,102944072173,0,0,21378227,1.0,"""[5.626678466796876e-05",5.626678466796876e-05,6.29425048828125e-05,7.343292236328125e-05,8.487701416015626e-05,0.000109672546386,0.0018138885498040001,0.0018444061279290001,0.002227783203125,0.005165100097656," 0.005165100097656]""",0.005157470703125,0.001192092895507,3.490710973739624,0.016395203769207,0.00059700012207,0.00017166137695300002,0.00033950805664,0.000250816345214,0.507523148148148,0.507526234567901,3.0864197530864187e-06
1029440721730,102944072173,0,0,21378227,1.0,"""[0",0.0,0.0,0.0,0.0,0.0,0.0,0.0,0.0,0.0," 0]""",0.0,0.0,0.0,0.0,0.00059700012207,0.0,9.5367431640625e-07,9.5367431640625e-07,0.5069625771604931,0.5069629629629631,3.858024691358024e-07
1029440721730,102944072173,0,0,21378227,1.0,"""[0",1.621246337890625e-05,3.24249267578125e-05,4.577636718750001e-05,5.340576171875001e-05,6.008148193359376e-05,6.67572021484375e-05,7.343292236328125e-05,8.0108642578125e-05,8.773803710937501e-05," 0.002151489257812]""",0.0021476745605460003,8.487701416015626e-05,0.0,0.0,0.00059700012207,0.00013351440429600002,0.000403404235839,0.000371932983398,0.508939814814814,0.5090277777777771,8.796296296296296e-05
1029440721730,102944072173,0,0,21378227,1.0,"""[0",0.0,0.0,0.0,0.0,0.0,0.0,0.0,0.0,0.0," 0]""",0.0,0.0,0.0,0.0,0.00059700012207,0.0,1.9073486328125e-06,1.9073486328125e-06,0.509222222222222,0.509222608024691,3.858024691358024e-07
1029440721730,102944072173,0,0,21378227,1.0,"""[0",0.0,0.0,0.0,0.0,0.0,0.0,0.0,0.0,0.0,"0]""",0.0,0.0,3.975196361541748,0.014549874700605002,0.00059700012207,0.00017642974853500002,2.9563903808593753e-05,2.9563903808593753e-05,0.50809336419753,0.50809375,3.858024691358024e-07
1029440721730,102944072173,0,0,21378227,1.0,"""[3.24249267578125e-05",3.814697265625e-05,4.386901855468751e-05,5.149841308593751e-05,5.912780761718751e-05,6.580352783203125e-05,7.343292236328125e-05,8.106231689453125e-05,8.773803710937501e-05,0.00014114379882800002," 0.002998352050781]""",0.002998352050781,0.000152587890625,0.0,0.0,0.00059700012207,3.528594970703125e-05,0.000300407409667,0.00028610229492100005,0.509222608024691,0.5092592592592591,3.6651234567901234e-05
1029440721730,102944072173,0,0,21378227,1.0,"""[3.719329833984375e-05",3.814697265625e-05,4.00543212890625e-05,4.196166992187501e-05,4.291534423828126e-05,4.768371582031251e-05,5.626678466796876e-05,6.4849853515625e-05,7.2479248046875e-05,8.106231689453125e-05," 0.000152587890625]""",0.00015830993652300002,4.768371582031251e-05,0.0,0.0,0.00059700012207,0.000135421752929,0.000285148620605,0.00027179718017500003,0.5090277777777771,0.509143518518518,0.00011574074074
1029440721730,102944072173,0,0,21378227,1.0,"""[4.673004150390626e-05",5.149841308593751e-05,5.531311035156251e-05,6.008148193359376e-05,6.4849853515625e-05,6.866455078125e-05,7.343292236328125e-05,7.82012939453125e-05,8.20159912109375e-05,8.678436279296876e-05," 0.000280380249023]""",0.000280380249023,6.389617919921875e-05,0.0,0.0,0.00059700012207,0.000155448913574,0.00042343139648400003,0.000306129455566,0.507291666666666,0.5074074074074071,0.00011574074074
1029440721730,102944072173,0,0,21378227,1.0,"""[3.4332275390625e-05",3.910064697265625e-05,4.482269287109376e-05,5.149841308593751e-05,5.817413330078126e-05,6.4849853515625e-05,7.2479248046875e-05,7.915496826171875e-05,8.583068847656251e-05,0.00019836425781200002," 0.0018692016601560002]""",0.0018672943115230001,0.00014781951904200002,0.0,0.0,0.00059700012207,0.00016212463378900002,0.00043487548828100004,0.000411033630371,0.506680169753086,0.5067129629629631,3.279320987654322e-05
1029440721730,102944072173,0,0,21378227,1.0,"""[0",0.0,0.0,0.0,0.0,0.0,0.0,0.0,0.0,0.0," 0]""",0.0,0.0,0.0,0.0,0.00059700012207,0.0,9.5367431640625e-07,9.5367431640625e-07,0.5083742283950611,0.50837461419753,3.858024691358024e-07
1029440721730,102944072173,0,0,21378227,1.0,"""[9.5367431640625e-07",9.5367431640625e-07,9.5367431640625e-07,9.5367431640625e-07,9.5367431640625e-07,9.5367431640625e-07,9.5367431640625e-07,9.5367431640625e-07,9.5367431640625e-07,9.5367431640625e-07," 9.5367431640625e-07]""",0.0,0.0,3.313399314880371,0.013283276930451001,0.00059700012207,3.24249267578125e-05,3.147125244140625e-05,3.147125244140625e-05,0.507244984567901,0.50724537037037,3.858024691358024e-07
1029440721730,102944072173,0,0,21378227,1.0,"""[3.4332275390625e-05",4.768371582031251e-05,5.245208740234376e-05,5.817413330078126e-05,6.29425048828125e-05,6.771087646484375e-05,7.2479248046875e-05,7.724761962890625e-05,8.296966552734376e-05,8.773803710937501e-05," 0.005599975585937]""",0.005599975585937,9.536743164062501e-05,3.975196361541748,0.014549874700605002,0.00059700012207,0.000154495239257,0.00035476684570300005,0.000281333923339,0.507986111111111,0.5080914351851851,0.00010532407407400001
1029440721730,102944072173,0,0,21378227,1.0,"""[2.7656555175781253e-05",3.528594970703125e-05,4.386901855468751e-05,4.959106445312501e-05,5.626678466796876e-05,6.198883056640625e-05,6.771087646484375e-05,7.43865966796875e-05,8.0108642578125e-05,8.678436279296876e-05," 0.003593444824218]""",0.0035972595214840003,0.00016784667968700002,3.230693340301513,0.009570794180035001,0.00059700012207,3.337860107421875e-05,0.000349998474121,0.00027275085449200004,0.508912037037037,0.5089386574074071,2.6620370370370375e-05
1029440721730,102944072173,0,0,21378227,1.0,"""[0",4.386901855468751e-05,4.959106445312501e-05,5.435943603515626e-05,6.008148193359376e-05,6.4849853515625e-05,6.961822509765625e-05,7.534027099609375e-05,8.0108642578125e-05,8.487701416015626e-05," 0.005844116210937]""",0.005844116210937,0.000123023986816,3.048592805862426,0.013942049816250001,0.00059700012207,8.58306884765625e-06,0.000296592712402,0.00027084350585900003,0.507754629629629,0.50780787037037,5.324074074074075e-05
