UniqJobId,collection_id,instance_index,priority,machine_id,sample_rate,cpu_usage_distribution1,cpu_usage_distribution2,cpu_usage_distribution3,cpu_usage_distribution4,cpu_usage_distribution5,cpu_usage_distribution6,cpu_usage_distribution7,cpu_usage_distribution8,cpu_usage_distribution9,cpu_usage_distribution10,cpu_usage_distribution11,max_cpu,avg_cpu,cycles_per_instruction,memory_accesses_per_instruction,assigned_memory,page_cache_memory,max_memory,avg_memory,start_time,end_time,time_window
1057544337510,105754433751,0,0,1575664044,1.0,"""[1.9073486328125e-06",1.9073486328125e-06,1.9073486328125e-06,1.9073486328125e-06,1.9073486328125e-06,1.9073486328125e-06,1.9073486328125e-06,1.9073486328125e-06,1.9073486328125e-06,1.9073486328125e-06," 1.9073486328125e-06]""",0.0,0.0,0.0,0.0,0.00103759765625,0.00029563903808500004,0.000308036804199,0.000308036804199,0.505573302469135,0.5055736882716051,3.858024691358024e-07
1057544337510,105754433751,0,0,21393415,1.0,"""[0",0.0,0.0,0.0,0.0,0.0,0.0,0.0,0.0,0.0," 0]""",0.00021839141845700002,0.00010871887207,0.0,0.0,0.00103759765625,0.000296592712402,0.00030517578125,0.00030517578125,0.5093742283950611,0.509375,7.716049382716048e-07
1057544337510,105754433751,0,0,21393415,1.0,"""[0",0.0,0.0,0.0,0.0,0.0,0.0,0.0,0.0,0.0," 0]""",0.00023078918457,7.724761962890625e-05,0.0,0.0,0.00103759765625,0.000298500061035,0.000308036804199,0.000308036804199,0.5032484567901231,0.50324961419753,1.157407407407407e-06
1057544337510,105754433751,0,0,19875845169,1.0,"""[0",0.0,0.0,0.0,0.0,0.0,0.0,0.0,0.0,0.0," 0]""",0.0,0.0,0.0,0.0,0.00103759765625,0.0,9.5367431640625e-07,9.5367431640625e-07,0.50133912037037,0.5013395061728391,3.858024691358024e-07
1057544337510,105754433751,0,0,19875845169,1.0,"""[4.577636718750001e-05",0.000123023986816,0.000160217285156,0.00020885467529200002,0.000247001647949,0.000351905822753,0.000590324401855,0.00091552734375,0.0011978149414060002,0.0030632019042960003," 0.00811767578125]""",0.008102416992187,0.001062393188476,0.0,0.0,0.00103759765625,0.00026512145996000004,0.00079345703125,0.000652313232421,0.5013213734567901,0.501338348765432,1.6975308641975302e-05
1057544337510,105754433751,0,0,19875845169,1.0,"""[0",0.0,0.0,0.0,0.0,0.0,9.5367431640625e-07,9.5367431640625e-07,9.5367431640625e-07,9.5367431640625e-07," 9.5367431640625e-07]""",0.0013179779052730001,3.0517578125e-05,0.0,0.0,0.00103759765625,1.9073486328125e-06,1.0490417480468752e-05,9.5367431640625e-06,0.501341435185185,0.50134375,2.314814814814814e-06
1057544337510,105754433751,0,0,1575664044,1.0,"""[0",0.0,0.0,0.0,0.0,9.5367431640625e-07,9.5367431640625e-07,9.5367431640625e-07,9.5367431640625e-07,9.5367431640625e-07," 9.5367431640625e-07]""",0.0,0.0,0.0,0.0,0.00103759765625,2.86102294921875e-06,1.0490417480468752e-05,1.0490417480468752e-05,0.505574845679012,0.505576388888888,1.5432098765432092e-06
1057544337510,105754433751,0,0,20967707,1.0,"""[0",0.0,0.0,0.0,0.0,9.5367431640625e-07,9.5367431640625e-07,1.9073486328125e-06,1.9073486328125e-06,1.9073486328125e-06," 1.9073486328125e-06]""",0.0,0.0,0.0,0.0,0.00103759765625,4.76837158203125e-06,1.1444091796875002e-05,1.1444091796875002e-05,0.500778549382716,0.5007797067901231,1.157407407407407e-06
1057544337510,105754433751,0,0,21378227,1.0,"""[0",0.0,0.0,0.0,0.0,9.5367431640625e-07,9.5367431640625e-07,9.5367431640625e-07,9.5367431640625e-07,9.5367431640625e-07," 9.5367431640625e-07]""",0.00040435791015600004,3.24249267578125e-05,0.0,0.0,0.00103759765625,3.814697265625e-06,1.2397766113281252e-05,1.2397766113281252e-05,0.5045165895061721,0.504518518518518,1.929012345679012e-06
1057544337510,105754433751,0,0,21394550,1.0,"""[0",0.0,3.814697265625e-06,9.5367431640625e-06,1.621246337890625e-05,2.1934509277343753e-05,2.8610229492187503e-05,3.4332275390625e-05,4.00543212890625e-05,0.001819610595703," 0.001819610595703]""",0.0023612976074210003,0.00033760070800700005,0.0,0.0,0.00103759765625,1.9073486328125e-06,1.0490417480468752e-05,1.0490417480468752e-05,0.5066300154320981,0.5066327160493821,2.7006172839506168e-06
1057544337510,105754433751,0,0,198556190123,1.0,"""[0",0.0,0.0,0.0,9.5367431640625e-07,9.5367431640625e-07,9.5367431640625e-07,1.9073486328125e-06,1.9073486328125e-06,1.9073486328125e-06," 1.9073486328125e-06]""",0.0,0.0,0.0,0.0,0.00103759765625,7.62939453125e-06,1.71661376953125e-05,1.71661376953125e-05,0.5003530092592591,0.500354938271604,1.929012345679012e-06
1057544337510,105754433751,0,0,19875185082,1.0,"""[6.67572021484375e-06",6.67572021484375e-06,6.67572021484375e-06,6.67572021484375e-06,6.67572021484375e-06,6.67572021484375e-06,6.67572021484375e-06,6.67572021484375e-06,6.67572021484375e-06,6.67572021484375e-06," 6.67572021484375e-06]""",0.0,0.0,0.0,0.0,0.00103759765625,0.0,9.5367431640625e-07,9.5367431640625e-07,0.505131558641975,0.5051319444444441,3.858024691358024e-07
1057544337510,105754433751,0,0,198556190123,1.0,"""[8.58306884765625e-06",0.0001220703125,0.000155448913574,0.00018787384033200002,0.00023746490478500002,0.00037384033203100004,0.000585556030273,0.0008735656738280001,0.0010910034179680002,0.002506256103515," 0.005134582519531]""",0.005142211914062,0.0009012222290030001,0.0,0.0,0.00103759765625,0.000255584716796,0.0007905960083000001,0.000653266906738,0.5003317901234561,0.500347222222222,1.5432098765432103e-05
1057544337510,105754433751,0,0,1578989065,1.0,"""[7.62939453125e-06",7.62939453125e-06,7.62939453125e-06,7.62939453125e-06,7.62939453125e-06,7.62939453125e-06,7.62939453125e-06,7.62939453125e-06,7.62939453125e-06,7.62939453125e-06," 7.62939453125e-06]""",0.0,0.0,0.0,0.0,0.00103759765625,0.0,9.5367431640625e-07,9.5367431640625e-07,0.5028796296296291,0.502880015432098,3.858024691358024e-07
1057544337510,105754433751,0,0,21375455,1.0,"""[0",0.0,0.0,0.0,0.0,0.0,0.0,0.0,0.0,0.0,"0]""",0.0,0.0,0.0,0.0,0.00103759765625,0.0,9.5367431640625e-07,9.5367431640625e-07,0.5018125,0.5018128858024691,3.858024691358024e-07
1057544337510,105754433751,0,0,21375455,1.0,"""[0",0.0,0.0,0.0,0.0,0.0,0.0,0.0,0.0,0.0," 0]""",0.0,0.0,0.0,0.0,0.00103759765625,0.0,9.5367431640625e-07,9.5367431640625e-07,0.5018310185185181,0.501831404320987,3.858024691358024e-07
1057544337510,105754433751,0,0,21393415,1.0,"""[0",0.0,0.0,0.0,0.0,0.0,0.0,0.0,0.0,0.0," 0]""",0.0,0.0,0.0,0.0,0.00103759765625,0.000296592712402,0.00030422210693300004,0.00030422210693300004,0.509375,0.5093757716049381,7.716049382716048e-07
1057544337510,105754433751,0,0,21393415,1.0,"""[0.001760482788085",0.001760482788085,0.001760482788085,0.001760482788085,0.001760482788085,0.004936218261718001,0.00811767578125,0.00811767578125,0.00811767578125,0.00811767578125," 0.00811767578125]""",0.001760482788085,0.000880241394042,0.0,0.0,0.00103759765625,0.0,0.00022315979003900002,0.000112533569335,0.503249228395061,0.5032500000000001,7.716049382716048e-07
1057544337510,105754433751,0,0,21305997,1.0,"""[3.24249267578125e-05",9.536743164062501e-05,0.00011920928955000001,0.000148773193359,0.00020217895507800002,0.000258445739746,0.000348091125488,0.0009288787841790001,0.001338958740234,0.001968383789062," 0.004508972167968001]""",0.004508972167968001,0.0007705688476560001,0.0,0.0,0.00103759765625,0.00026798248291,0.0008268356323240001,0.000696182250976,0.5054135802469131,0.505429783950617,1.62037037037037e-05
1057544337510,105754433751,0,0,21375455,1.0,"""[0",0.0,0.0,0.0,0.0,0.0,0.0,0.0,0.0,0.0," 0]""",0.0,0.0,0.0,0.0,0.00103759765625,0.0,9.5367431640625e-07,9.5367431640625e-07,0.501830632716049,0.5018310185185181,3.858024691358024e-07
1057544337510,105754433751,0,0,22761125,1.0,"""[0",0.0,0.0,0.0,0.0,0.0,0.0,0.0,0.0,0.0," 0]""",0.00030136108398400003,7.534027099609375e-05,0.0,0.0,0.00103759765625,6.67572021484375e-06,1.2397766113281252e-05,1.2397766113281252e-05,0.507497299382716,0.507498842592592,1.5432098765432092e-06
1057544337510,105754433751,0,0,62156450,1.0,"""[0",0.0,0.0,0.0,0.0,6.67572021484375e-06,1.4305114746093752e-05,1.4305114746093752e-05,1.4305114746093752e-05,1.4305114746093752e-05," 1.4305114746093752e-05]""",0.0,0.0,0.0,0.0,0.00103759765625,0.0,9.5367431640625e-07,9.5367431640625e-07,0.50866049382716,0.508660879629629,3.858024691358024e-07
1057544337510,105754433751,0,0,21305997,1.0,"""[3.62396240234375e-05",0.000205039978027,0.000260353088378,0.000482559204101,0.0005989074707030001,0.000737190246582,0.00102424621582,0.0011749267578120002,0.00130271911621,0.001489639282226," 0.004714965820312]""",0.006309509277343001,0.000884056091308,0.0,0.0,0.00103759765625,0.00026226043701100003,0.0008277893066400001,0.000647544860839,0.502161651234567,0.502185956790123,2.430555555555555e-05
1057544337510,105754433751,0,0,21305997,1.0,"""[0.00126838684082",0.00126838684082,0.00126838684082,0.00126838684082,0.001638412475585,0.001651763916015,0.001665115356445,0.003913879394531,0.003913879394531,0.003913879394531," 0.003913879394531]""",0.005607604980468001,0.0037269592285150005,0.0,0.0,0.00103759765625,1.9073486328125e-06,0.000460624694824,0.00030326843261700004,0.5054317129629631,0.50543287037037,1.157407407407407e-06
1057544337510,105754433751,0,0,1578989065,1.0,"""[0",0.0,0.0,0.0,0.0,0.0,0.0,0.0,0.0,0.0,"0]""",0.0,0.0,0.0,0.0,0.00103759765625,0.0,9.5367431640625e-07,9.5367431640625e-07,0.502897376543209,0.5028977623456791,3.858024691358024e-07
1057544337510,105754433751,0,0,21394550,1.0,"""[0",0.0,0.0,0.0,0.0,0.0,0.0,0.0,0.0,0.0," 0]""",0.0,0.0,0.0,0.0,0.00103759765625,0.0,9.5367431640625e-07,9.5367431640625e-07,0.506628086419753,0.5066284722222221,3.858024691358024e-07
1057544337510,105754433751,0,0,21378227,1.0,"""[0",0.0,0.0,0.0,0.0,0.0,0.0,0.0,0.0,0.0," 0]""",0.00027370452880800004,6.866455078125e-05,0.0,0.0,0.00103759765625,0.000296592712402,0.000308990478515,0.000308036804199,0.504512345679012,0.504513888888888,1.5432098765432092e-06
1057544337510,105754433751,0,0,21378227,1.0,"""[0.00142478942871",0.00142478942871,0.00142478942871,0.00142478942871,0.00142478942871,0.00142478942871,0.00142478942871,0.00142478942871,0.00142478942871,0.00142478942871," 0.00142478942871]""",0.0,0.0,0.0,0.0,0.00103759765625,0.0,9.5367431640625e-07,9.5367431640625e-07,0.5045135030864191,0.504513888888888,3.858024691358024e-07
1057544337510,105754433751,0,0,20967707,1.0,"""[4.196166992187501e-05",0.000139236450195,0.00016307830810500002,0.00019741058349600002,0.000267028808593,0.00036334991455000003,0.000519752502441,0.0009288787841790001,0.0014266967773430002,0.0024528503417960003," 0.005485534667968001]""",0.005485534667968001,0.0008869171142570001,0.0,0.0,0.00103759765625,0.00026416778564400005,0.000787734985351,0.000650405883789,0.500757716049382,0.500774691358024,1.6975308641975302e-05
1057544337510,105754433751,0,0,21305997,1.0,"""[0",0.0,0.0,0.0,0.0,0.0,0.0,0.0,0.0,0.0,"0]""",0.0,0.0,0.0,0.0,0.00103759765625,0.0,9.5367431640625e-07,9.5367431640625e-07,0.5021867283950611,0.50218711419753,3.858024691358024e-07
1057544337510,105754433751,0,0,21393415,1.0,"""[8.773803710937501e-05",0.00010204315185500001,0.000127792358398,0.00023365020751900002,0.00031661987304600005,0.0005836486816400001,0.000651359558105,0.001369476318359,0.0018672943115230001,0.002277374267578," 0.004928588867187]""",0.004913330078125,0.000995635986328,0.0,0.0,0.00103759765625,0.00023937225341700002,0.00081729888916,0.0005884170532220001,0.503231481481481,0.50324074074074,9.259259259259259e-06
1057544337510,105754433751,0,0,21305997,1.0,"""[0",0.0,0.0,0.0,0.0,0.0,0.0,0.0,0.0,0.0,"0]""",0.0,0.0,0.0,0.0,0.00103759765625,0.000299453735351,0.000309944152832,0.000309944152832,0.5021867283950611,0.50218711419753,3.858024691358024e-07
1057544337510,105754433751,0,0,62156450,1.0,"""[2.9563903808593753e-05",3.337860107421875e-05,3.719329833984375e-05,4.100799560546875e-05,5.149841308593751e-05,7.43865966796875e-05,0.00013351440429600002,0.000175476074218,0.00046634674072200004,0.001026153564453," 0.0033073425292960003]""",0.003318786621093,0.000358581542968,0.0,0.0,0.00103759765625,0.000288963317871,0.000833511352539,0.0005025863647460001,0.5086195987654321,0.508659722222222,4.012345679012345e-05
1057544337510,105754433751,0,0,1578989065,1.0,"""[0",0.0,0.0,0.0,0.0,0.0,0.0,0.0,0.0,0.0," 0]""",0.0,0.0,0.0,0.0,0.00103759765625,0.0,9.5367431640625e-07,9.5367431640625e-07,0.50289699074074,0.502897376543209,3.858024691358024e-07
1057544337510,105754433751,0,0,22761125,1.0,"""[0.0008859634399410001",0.0008859634399410001,0.0008859634399410001,0.0008859634399410001,0.001110076904296,0.001123428344726,0.001136779785156,0.0023765563964840003,0.0023765563964840003,0.0023765563964840003," 0.0023765563964840003]""",0.002368927001953,0.001834869384765,0.0,0.0,0.00103759765625,7.62939453125e-05,0.000164985656738,0.000110626220703,0.507498842592592,0.5075000000000001,1.157407407407407e-06
1057544337510,105754433751,0,0,22761125,1.0,"""[0",0.0,0.0,0.0,0.0,0.0,0.0,0.0,0.0,0.0," 0]""",0.000276565551757,5.531311035156251e-05,0.0,0.0,0.00103759765625,0.00029468536376900005,0.00030136108398400003,0.00030136108398400003,0.507458333333333,0.5074602623456791,1.929012345679012e-06
1057544337510,105754433751,0,0,21378227,1.0,"""[5.722045898437501e-05",5.722045898437501e-05,5.722045898437501e-05,5.722045898437501e-05,0.003620147705078,0.0036315917968750004,0.0036468505859370004,0.006622314453125001,0.006622314453125001,0.006622314453125001," 0.006622314453125001]""",0.006629943847656,0.0038871765136710003,0.0,0.0,0.00103759765625,2.86102294921875e-06,0.00042533874511700004,0.00028324127197200004,0.504513888888888,0.5045150462962961,1.157407407407407e-06
1057544337510,105754433751,0,0,21378227,1.0,"""[5.817413330078126e-05",5.817413330078126e-05,5.817413330078126e-05,5.817413330078126e-05,0.001901626586914,0.0019149780273430002,0.0019283294677730001,0.00518798828125,0.00518798828125,0.00518798828125," 0.00518798828125]""",0.005165100097656,0.0023765563964840003,0.0,0.0,0.00103759765625,2.86102294921875e-06,0.000412940979003,0.000411987304687,0.5045150462962961,0.5045162037037031,1.157407407407407e-06
1057544337510,105754433751,0,0,20967707,1.0,"""[0",0.0,0.0,0.0,0.0,6.67572021484375e-06,1.4305114746093752e-05,1.4305114746093752e-05,1.4305114746093752e-05,1.4305114746093752e-05," 1.4305114746093752e-05]""",0.0,0.0,0.0,0.0,0.00103759765625,0.0,9.5367431640625e-07,9.5367431640625e-07,0.500775462962962,0.500775848765432,3.858024691358024e-07
1057544337510,105754433751,0,0,21393415,1.0,"""[1.3351440429687502e-05",1.9073486328125e-05,2.4795532226562503e-05,3.147125244140625e-05,3.719329833984375e-05,4.291534423828126e-05,0.00010204315185500001,0.00015068054199200001,0.00021743774414,0.00099754333496," 0.004684448242187]""",0.004684448242187,0.000349044799804,0.0,0.0,0.00103759765625,0.000279426574707,0.0008211135864250001,0.0005025863647460001,0.509337191358024,0.5093742283950611,3.7037037037037037e-05
1057544337510,105754433751,0,0,21378227,1.0,"""[0.000164985656738",0.000164985656738,0.000164985656738,0.000164985656738,0.000164985656738,0.000164985656738,0.000164985656738,0.000164985656738,0.000164985656738,0.000164985656738," 0.000164985656738]""",0.001123428344726,5.912780761718751e-05,0.0,0.0,0.00103759765625,3.814697265625e-06,1.3351440429687502e-05,1.3351440429687502e-05,0.5045162037037031,0.5045165895061721,3.858024691358024e-07
1057544337510,105754433751,0,0,22761125,1.0,"""[0",0.0,0.0,0.0,0.0,1.0490417480468752e-05,2.002716064453125e-05,2.002716064453125e-05,2.002716064453125e-05,2.002716064453125e-05," 2.002716064453125e-05]""",0.0,0.0,0.0,0.0,0.00103759765625,0.0,9.5367431640625e-07,9.5367431640625e-07,0.5074587191358021,0.5074591049382711,3.858024691358024e-07
1057544337510,105754433751,0,0,21375455,1.0,"""[0",0.0,0.0,0.0,0.0,0.0,0.0,0.0,0.0,0.0," 0]""",0.000250816345214,0.000124931335449,0.0,0.0,0.00103759765625,0.00030326843261700004,0.00031280517578100004,0.00031280517578100004,0.50183024691358,0.5018310185185181,7.716049382716048e-07
1057544337510,105754433751,0,0,21305997,1.0,"""[0",0.0,0.0,0.0,0.0,5.7220458984375e-06,1.0490417480468752e-05,1.0490417480468752e-05,1.0490417480468752e-05,1.0490417480468752e-05," 1.0490417480468752e-05]""",0.0,0.0,0.0,0.0,0.00103759765625,0.0,9.5367431640625e-07,9.5367431640625e-07,0.5021863425925921,0.5021867283950611,3.858024691358024e-07
1057544337510,105754433751,0,0,198556190123,1.0,"""[5.817413330078126e-05",5.817413330078126e-05,0.00011730194091700002,0.00019836425781200002,0.0029258728027340003,0.00567626953125,0.005851745605468001,0.006034851074218001,0.006324768066406,0.006576538085937," 0.006576538085937]""",0.006576538085937,0.0033874511718750004,0.0,0.0,0.00103759765625,9.5367431640625e-07,0.00041961669921800006,0.00031471252441400005,0.500350308641975,0.500351851851851,1.5432098765432092e-06
1057544337510,105754433751,0,0,1575664044,1.0,"""[0.002265930175781",0.002265930175781,0.002265930175781,0.002265930175781,0.002265930175781,0.002265930175781,0.002265930175781,0.002265930175781,0.002265930175781,0.002265930175781," 0.002265930175781]""",0.0,0.0,0.0,0.0,0.00103759765625,0.0,9.5367431640625e-07,9.5367431640625e-07,0.505573302469135,0.5055736882716051,3.858024691358024e-07
1057544337510,105754433751,0,0,19875185082,1.0,"""[0",0.0,0.0,0.0,0.0,0.0,9.5367431640625e-07,9.5367431640625e-07,9.5367431640625e-07,9.5367431640625e-07," 9.5367431640625e-07]""",0.000680923461914,2.0980834960937503e-05,0.0,0.0,0.00103759765625,1.1444091796875002e-05,1.9073486328125e-05,1.811981201171875e-05,0.505152391975308,0.5051547067901231,2.314814814814814e-06
1057544337510,105754433751,0,0,21378227,1.0,"""[4.577636718750001e-05",0.00010013580322200001,0.00013637542724600002,0.000161170959472,0.00019359588623000002,0.00023460388183500002,0.00032615661621000004,0.0009593963623040001,0.0015945434570310002,0.002273559570312," 0.006095886230468001]""",0.006088256835937,0.0008459091186520001,0.0,0.0,0.00103759765625,0.000269889831542,0.000818252563476,0.0006790161132810001,0.504495756172839,0.504512345679012,1.6589506172839503e-05
1057544337510,105754433751,0,0,21393415,1.0,"""[4.386901855468751e-05",4.386901855468751e-05,4.386901855468751e-05,4.386901855468751e-05,4.386901855468751e-05,0.00010204315185500001,0.000161170959472,0.000161170959472,0.000161170959472,0.000161170959472," 0.000161170959472]""",0.0081787109375,0.004112243652343001,0.0,0.0,0.00103759765625,9.5367431640625e-07,0.00040531158447200004,0.00040531158447200004,0.5032500000000001,0.503250771604938,7.716049382716048e-07
1057544337510,105754433751,0,0,21393415,1.0,"""[0",0.0,0.0,0.0,0.0,0.0,0.0,0.0,0.0,0.0," 0]""",0.0,0.0,0.0,0.0,0.00103759765625,0.0,9.5367431640625e-07,9.5367431640625e-07,0.5032488425925921,0.503249228395061,3.858024691358024e-07
1057544337510,105754433751,0,0,21378227,1.0,"""[0",0.0,0.0,0.0,0.0,0.0,0.0,0.0,0.0,0.0," 0]""",0.0,0.0,0.0,0.0,0.00103759765625,0.000296592712402,0.000308036804199,0.000308036804199,0.504513888888888,0.5045150462962961,1.157407407407407e-06
1057544337510,105754433751,0,0,19875845169,1.0,"""[1.9073486328125e-06",1.9073486328125e-06,1.9073486328125e-06,1.9073486328125e-06,1.9073486328125e-06,1.9073486328125e-06,1.9073486328125e-06,1.9073486328125e-06,1.9073486328125e-06,1.9073486328125e-06," 1.9073486328125e-06]""",0.0,0.0,0.0,0.0,0.00103759765625,0.000296592712402,0.00030517578125,0.00030517578125,0.5013395061728391,0.501339891975308,3.858024691358024e-07
1057544337510,105754433751,0,0,21305997,1.0,"""[0",0.0,0.0,7.62939453125e-06,1.4305114746093752e-05,2.1934509277343753e-05,2.9563903808593753e-05,3.62396240234375e-05,0.000110626220703,0.00017642974853500002," 0.00017642974853500002]""",0.00018501281738200003,5.054473876953126e-05,0.0,0.0,0.00103759765625,0.00029563903808500004,0.000307083129882,0.000307083129882,0.505429783950617,0.5054317129629631,1.929012345679012e-06
1057544337510,105754433751,0,0,62156450,1.0,"""[0",0.0,0.0,0.0,0.0,0.0,0.0,0.0,0.0,0.0," 0]""",0.0,0.0,0.0,0.0,0.00103759765625,0.0,9.5367431640625e-07,9.5367431640625e-07,0.508660879629629,0.508661265432098,3.858024691358024e-07
1057544337510,105754433751,0,0,21375455,1.0,"""[9.5367431640625e-06",7.724761962890625e-05,0.00010585784912100001,0.000125885009765,0.00014686584472600002,0.00016880035400300002,0.000249862670898,0.000726699829101,0.001056671142578,0.0016174316406250002," 0.004539489746093001]""",0.0045166015625,0.000615119934082,0.0,0.0,0.00103759765625,0.000268936157226,0.0008201599121090001,0.0006628036499020001,0.5018128858024691,0.50183024691358,1.7361111111111114e-05
1057544337510,105754433751,0,0,21305997,1.0,"""[0",0.0,0.0,0.0,0.0,0.0,0.0,0.0,0.0,0.0,"0]""",0.0,0.0,0.0,0.0,0.00103759765625,0.0,9.5367431640625e-07,9.5367431640625e-07,0.505430555555555,0.505430941358024,3.858024691358024e-07
1057544337510,105754433751,0,0,20967707,1.0,"""[0.00225830078125",0.00225830078125,0.00225830078125,0.00225830078125,0.00225830078125,0.00225830078125,0.00225830078125,0.00225830078125,0.00225830078125,0.00225830078125," 0.00225830078125]""",0.0,0.0,0.0,0.0,0.00103759765625,0.0,9.5367431640625e-07,9.5367431640625e-07,0.500775848765432,0.500776234567901,3.858024691358024e-07
1057544337510,105754433751,0,0,1575664044,1.0,"""[0",0.0,0.0,0.0,0.0,0.0,0.0,0.0,0.0,0.0," 0]""",0.0,0.0,0.0,0.0,0.00103759765625,0.0,9.5367431640625e-07,9.5367431640625e-07,0.5055725308641971,0.505572916666666,3.858024691358024e-07
1057544337510,105754433751,0,0,21394550,1.0,"""[0",0.0,0.0,0.0,0.0,0.0,0.0,0.0,0.0,0.0," 0]""",0.00027179718017500003,7.2479248046875e-05,0.0,0.0,0.00103759765625,0.00029563903808500004,0.00036334991455000003,0.00032615661621000004,0.506627314814814,0.5066284722222221,1.157407407407407e-06
1057544337510,105754433751,0,0,21394550,1.0,"""[9.5367431640625e-07",9.5367431640625e-07,9.5367431640625e-07,9.5367431640625e-07,9.5367431640625e-07,9.5367431640625e-07,9.5367431640625e-07,9.5367431640625e-07,9.5367431640625e-07,9.5367431640625e-07," 9.5367431640625e-07]""",0.0,0.0,0.0,0.0,0.00103759765625,0.00029563903808500004,0.000306129455566,0.000306129455566,0.5066284722222221,0.506628858024691,3.858024691358024e-07
1057544337510,105754433751,0,0,1713257708,1.0,"""[0",0.0,0.0,0.0,0.0,0.0,0.0,0.0,0.0,0.0," 0]""",0.0,0.0,0.0,0.0,0.00103759765625,0.0,9.5367431640625e-07,9.5367431640625e-07,0.500845679012345,0.5008460648148141,3.858024691358024e-07
1057544337510,105754433751,0,0,21378227,1.0,"""[0",0.0,0.0,0.0,0.0,0.0,0.0,0.0,0.0,0.0,"0]""",0.0,0.0,0.0,0.0,0.00103759765625,0.0,9.5367431640625e-07,9.5367431640625e-07,0.504512731481481,0.50451311728395,3.858024691358024e-07
1057544337510,105754433751,0,0,19875845169,1.0,"""[0",0.0,0.0,0.0,0.0,0.0,0.0,0.0,0.0,0.0," 0]""",0.000361442565917,0.00010013580322200001,0.0,0.0,0.00103759765625,0.000296592712402,0.000306129455566,0.00030517578125,0.501338348765432,0.5013395061728391,1.157407407407407e-06
1057544337510,105754433751,0,0,21393415,1.0,"""[0",0.0,0.0,0.0,0.0,0.0,0.0,0.0,0.0,0.0," 0]""",0.0,0.0,0.0,0.0,0.00103759765625,0.000298500061035,0.000307083129882,0.000307083129882,0.50324961419753,0.5032500000000001,3.858024691358024e-07
1057544337510,105754433751,0,0,21393415,1.0,"""[0",0.0,0.0,0.0,0.0,0.0,0.0,0.0,0.0,0.0,"0]""",0.0,0.0,0.0,0.0,0.00103759765625,0.0,9.5367431640625e-07,9.5367431640625e-07,0.509375,0.509375385802469,3.858024691358024e-07
1057544337510,105754433751,0,0,1575664044,1.0,"""[7.05718994140625e-05",0.000144958496093,0.00016212463378900002,0.00018405914306600003,0.00022411346435500002,0.000357627868652,0.00047588348388600003,0.0011043548583980001,0.001998901367187,0.002349853515625," 0.004478454589843001]""",0.004478454589843001,0.0009126663208000001,0.0,0.0,0.00103759765625,0.000267028808593,0.000823020935058,0.0006914138793940001,0.5055555555555551,0.505572145061728,1.6589506172839503e-05
1057544337510,105754433751,0,0,1713257708,1.0,"""[0",0.0,0.0,0.0,0.0,0.0,0.0,0.0,0.0,0.0,"0]""",0.000205993652343,0.000205993652343,0.0,0.0,0.00103759765625,0.000296592712402,0.000308036804199,0.000308036804199,0.500845679012345,0.5008460648148141,3.858024691358024e-07
1057544337510,105754433751,0,0,21305997,1.0,"""[9.5367431640625e-07",9.5367431640625e-07,9.5367431640625e-07,9.5367431640625e-07,9.5367431640625e-07,9.5367431640625e-07,9.5367431640625e-07,9.5367431640625e-07,9.5367431640625e-07,9.5367431640625e-07," 9.5367431640625e-07]""",0.0,0.0,0.0,0.0,0.00103759765625,0.00029563903808500004,0.000307083129882,0.000307083129882,0.5054317129629631,0.505432098765432,3.858024691358024e-07
1057544337510,105754433751,0,0,22761125,1.0,"""[0",0.0,0.0,8.58306884765625e-06,2.6702880859375003e-05,8.773803710937501e-05,0.000149726867675,0.00016689300537100002,0.001176834106445,0.001176834106445," 0.001176834106445]""",0.001176834106445,0.000822067260742,0.0,0.0,0.00103759765625,0.00016307830810500002,0.00021457672119100003,0.00021362304687500003,0.5075000000000001,0.5075011574074071,1.157407407407407e-06
1057544337510,105754433751,0,0,21375455,1.0,"""[1.9073486328125e-06",1.9073486328125e-06,1.9073486328125e-06,1.9073486328125e-06,1.9073486328125e-06,1.9073486328125e-06,1.9073486328125e-06,1.9073486328125e-06,1.9073486328125e-06,1.9073486328125e-06," 1.9073486328125e-06]""",3.814697265625e-06,1.9073486328125e-06,0.0,0.0,0.00103759765625,0.00030326843261700004,0.000311851501464,0.000311851501464,0.5018310185185181,0.501831404320987,3.858024691358024e-07
1057544337510,105754433751,0,0,21305997,1.0,"""[1.52587890625e-05",1.52587890625e-05,1.52587890625e-05,1.52587890625e-05,1.52587890625e-05,1.52587890625e-05,1.52587890625e-05,1.52587890625e-05,1.52587890625e-05,1.52587890625e-05," 1.52587890625e-05]""",0.0,0.0,0.0,0.0,0.00103759765625,0.0,9.5367431640625e-07,9.5367431640625e-07,0.502161265432098,0.502161651234567,3.858024691358024e-07
1057544337510,105754433751,0,0,21393415,1.0,"""[0",0.0,0.0,0.0,0.0,0.0,0.0,0.0,0.0,0.0,"0]""",0.0016117095947260002,0.0016117095947260002,0.0,0.0,0.00103759765625,0.0,7.534027099609375e-05,7.534027099609375e-05,0.5093757716049381,0.509376157407407,3.858024691358024e-07
1057544337510,105754433751,0,0,21305997,1.0,"""[0",0.0,0.0,0.0,0.0,0.0,0.0,0.0,0.0,0.0," 0]""",0.0015277862548820002,0.00126838684082,0.0,0.0,0.00103759765625,1.9073486328125e-06,9.5367431640625e-06,9.5367431640625e-06,0.50543287037037,0.5054332561728391,3.858024691358024e-07
1057544337510,105754433751,0,0,198556190123,1.0,"""[0",0.0,0.0,0.0,0.0,0.0,0.0,0.0,0.0,0.0," 0]""",0.0,0.0,0.0,0.0,0.00103759765625,0.0,9.5367431640625e-07,9.5367431640625e-07,0.500349537037037,0.5003499228395061,3.858024691358024e-07
1057544337510,105754433751,0,0,19875185082,1.0,"""[0",0.0,0.0,0.0,0.0,0.0,0.0,0.0,0.0,0.0," 0]""",0.0,0.0,0.0,0.0,0.00103759765625,0.0,9.5367431640625e-07,9.5367431640625e-07,0.505149305555555,0.505149691358024,3.858024691358024e-07
1057544337510,105754433751,0,0,21394550,1.0,"""[0.000883102416992",0.000883102416992,0.000883102416992,0.000883102416992,0.000883102416992,0.003944396972656,0.007011413574218001,0.007011413574218001,0.007011413574218001,0.007011413574218001," 0.007011413574218001]""",0.0008859634399410001,0.000442504882812,0.0,0.0,0.00103759765625,0.0,7.343292236328125e-05,3.719329833984375e-05,0.5066284722222221,0.50662924382716,7.716049382716048e-07
1057544337510,105754433751,0,0,1578989065,1.0,"""[0",0.0,0.0,0.0,0.0,0.0,0.0,0.0,0.0,0.0," 0]""",0.000165939331054,8.296966552734376e-05,0.0,0.0,0.00103759765625,0.000296592712402,0.00030422210693300004,0.00030422210693300004,0.502896604938271,0.502897376543209,7.716049382716048e-07
1057544337510,105754433751,0,0,1575664044,1.0,"""[0",0.0,0.0,0.0,8.58306884765625e-06,2.1934509277343753e-05,3.528594970703125e-05,0.000299453735351,0.000299453735351,0.000299453735351," 0.000299453735351]""",0.000378608703613,0.000123977661132,0.0,0.0,0.00103759765625,0.00029563903808500004,0.000308036804199,0.000308036804199,0.505572145061728,0.505573302469135,1.157407407407407e-06
1057544337510,105754433751,0,0,21378227,1.0,"""[0",0.0,0.0,0.0,0.0,0.0,0.0,0.0,0.0,0.0," 0]""",0.0,0.0,0.0,0.0,0.00103759765625,0.0,9.5367431640625e-07,9.5367431640625e-07,0.50451311728395,0.5045135030864191,3.858024691358024e-07
1057544337510,105754433751,0,0,1578989065,1.0,"""[4.482269287109376e-05",4.482269287109376e-05,7.05718994140625e-05,0.00010585784912100001,0.000135421752929,0.00014686584472600002,0.00015830993652300002,0.000170707702636,0.00019359588623000002,0.00320816040039," 0.00320816040039]""",0.0035057067871090003,0.000529289245605,0.0,0.0,0.00103759765625,0.00029563903808500004,0.0008087158203120001,0.0006380081176750001,0.502893518518518,0.502896604938271,3.0864197530864187e-06
1057544337510,105754433751,0,0,21393415,1.0,"""[0",0.0,0.0,0.0,0.0,9.5367431640625e-07,9.5367431640625e-07,9.5367431640625e-07,9.5367431640625e-07,9.5367431640625e-07," 9.5367431640625e-07]""",0.0,0.0,0.0,0.0,0.00103759765625,2.2888183593750003e-05,3.0517578125e-05,3.0517578125e-05,0.503252314814814,0.503253472222222,1.157407407407407e-06
1057544337510,105754433751,0,0,21305997,1.0,"""[0",0.0,0.0,0.0,0.0,0.0,9.5367431640625e-07,9.5367431640625e-07,9.5367431640625e-07,9.5367431640625e-07," 9.5367431640625e-07]""",0.000382423400878,0.0,0.0,0.0,0.00103759765625,1.9073486328125e-06,8.58306884765625e-06,8.58306884765625e-06,0.5054332561728391,0.505434413580246,1.157407407407407e-06
1057544337510,105754433751,0,0,198556190123,1.0,"""[0",0.0,0.0,0.0,0.004104614257812,0.004119873046875,0.004127502441406,0.006423950195312,0.006423950195312,0.006423950195312," 0.006423950195312]""",0.010543823242187,0.005592346191406,0.0,0.0,0.00103759765625,5.7220458984375e-06,0.0004959106445310001,0.00046539306640600004,0.500351851851851,0.5003530092592591,1.157407407407407e-06
1057544337510,105754433751,0,0,19875185082,1.0,"""[0.0038719177246090003",0.0038719177246090003,0.0038719177246090003,0.0038719177246090003,0.0038719177246090003,0.0038719177246090003,0.0038719177246090003,0.0038719177246090003,0.0038719177246090003,0.0038719177246090003," 0.0038719177246090003]""",0.004158020019531,0.0038719177246090003,0.0,0.0,0.00103759765625,9.5367431640625e-07,0.000473022460937,0.000473022460937,0.5051504629629631,0.505150848765432,3.858024691358024e-07
1057544337510,105754433751,0,0,21378227,1.0,"""[0",0.0,0.0,0.0,0.0,0.0,0.0,0.0,0.0,0.0," 0]""",0.0,0.0,0.0,0.0,0.00103759765625,0.000296592712402,0.000307083129882,0.000307083129882,0.5045150462962961,0.504515432098765,3.858024691358024e-07
1057544337510,105754433751,0,0,21393415,1.0,"""[0",0.0,0.0,0.0,0.0,0.0,0.0,0.0,0.0,0.0," 0]""",0.0,0.0,0.0,0.0,0.00103759765625,0.0,9.5367431640625e-07,9.5367431640625e-07,0.50937461419753,0.509375,3.858024691358024e-07
1057544337510,105754433751,0,0,1713257708,1.0,"""[0",0.0,0.0,0.0,0.0,0.0,0.0,0.0,0.0,0.0,"0]""",0.0,0.0,0.0,0.0,0.00103759765625,0.0,9.5367431640625e-07,9.5367431640625e-07,0.5008279320987651,0.500828317901234,3.858024691358024e-07
1057544337510,105754433751,0,0,22761125,1.0,"""[2.7656555175781253e-05",3.147125244140625e-05,3.528594970703125e-05,3.910064697265625e-05,4.291534423828126e-05,6.771087646484375e-05,0.00010108947753900001,0.00013160705566400002,0.000281333923339,0.0014476776123040001," 0.005790710449218001]""",0.005790710449218001,0.00038528442382800005,0.0,0.0,0.00103759765625,0.00028324127197200004,0.0008153915405270001,0.000489234924316,0.50741936728395,0.507458333333333,3.896604938271604e-05
1057544337510,105754433751,0,0,198556190123,1.0,"""[0",0.0,0.0,0.0,0.0,0.0,0.0,0.0,0.0,0.0," 0]""",0.00029468536376900005,7.343292236328125e-05,0.0,0.0,0.00103759765625,0.000296592712402,0.000306129455566,0.00030517578125,0.500348765432098,0.500350308641975,1.5432098765432092e-06
1057544337510,105754433751,0,0,22761125,1.0,"""[3.24249267578125e-05",3.62396240234375e-05,4.00543212890625e-05,4.291534423828126e-05,5.626678466796876e-05,7.152557373046875e-05,8.678436279296876e-05,0.00014781951904200002,0.00023746490478500002,0.00084114074707," 0.007431030273437]""",0.007431030273437,0.000371932983398,0.0,0.0,0.00103759765625,6.67572021484375e-06,0.0005273818969720001,0.00022029876708900002,0.5074591049382711,0.507497299382716,3.8194444444444444e-05
1057544337510,105754433751,0,0,20967707,1.0,"""[0.006103515625",0.006103515625,0.006103515625,0.006103515625,0.006103515625,0.006950378417968001,0.007797241210937,0.007797241210937,0.007797241210937,0.007797241210937," 0.007797241210937]""",0.007789611816406,0.005027770996093001,0.0,0.0,0.00103759765625,1.9073486328125e-06,0.000330924987792,0.00017356872558500002,0.500776234567901,0.500777006172839,7.716049382716048e-07
1057544337510,105754433751,0,0,19875185082,1.0,"""[0.0004959106445310001",0.0004959106445310001,0.0004959106445310001,0.0004959106445310001,0.0004959106445310001,0.0035400390625,0.006584167480468001,0.006584167480468001,0.006584167480468001,0.006584167480468001," 0.006584167480468001]""",0.007041931152343001,0.0035209655761710003,0.0,0.0,0.00103759765625,0.0,4.100799560546875e-05,2.0980834960937503e-05,0.505149691358024,0.5051504629629631,7.716049382716048e-07
1057544337510,105754433751,0,0,19875185082,1.0,"""[0",0.000114440917968,0.00014591217041000002,0.00016689300537100002,0.00019931793212800002,0.000249862670898,0.000590324401855,0.000920295715332,0.001285552978515,0.0018310546875," 0.004478454589843001]""",0.004486083984375,0.0007658004760740001,0.0,0.0,0.00103759765625,0.000258445739746,0.0008363723754880001,0.0006933212280270001,0.5051319444444441,0.505148533950617,1.6589506172839503e-05
1057544337510,105754433751,0,0,19875185082,1.0,"""[3.910064697265625e-05",3.910064697265625e-05,3.910064697265625e-05,9.727478027343751e-05,0.000114440917968,0.0011444091796870002,0.002174377441406,0.0021934509277340003,0.003360748291015,0.003360748291015," 0.003360748291015]""",0.003364562988281,0.001399993896484,0.0,0.0,0.00103759765625,1.0490417480468752e-05,0.000441551208496,0.000320434570312,0.505150848765432,0.505152391975308,1.5432098765432092e-06
1057544337510,105754433751,0,0,62156450,1.0,"""[0",0.0,0.0,0.0,0.0,0.0,0.0,0.0,0.0,0.0," 0]""",0.000266075134277,8.869171142578126e-05,0.0,0.0,0.00103759765625,0.000297546386718,0.00030517578125,0.00030422210693300004,0.508659722222222,0.508660879629629,1.157407407407407e-06
1057544337510,105754433751,0,0,1575664044,1.0,"""[0",0.0,0.0,0.0,0.0,0.0,0.0,0.0,0.0,0.0,"0]""",0.0,0.0,0.0,0.0,0.00103759765625,0.0,9.5367431640625e-07,9.5367431640625e-07,0.505572916666666,0.505573302469135,3.858024691358024e-07
1057544337510,105754433751,0,0,21393415,1.0,"""[0",0.0,0.0,0.0,0.0,0.0,0.0,0.0,0.0,0.0,"0]""",0.0,0.0,0.0,0.0,0.00103759765625,0.000296592712402,0.00030422210693300004,0.00030422210693300004,0.5093757716049381,0.509376157407407,3.858024691358024e-07
