UniqJobId,collection_id,instance_index,priority,machine_id,sample_rate,cpu_usage_distribution1,cpu_usage_distribution2,cpu_usage_distribution3,cpu_usage_distribution4,cpu_usage_distribution5,cpu_usage_distribution6,cpu_usage_distribution7,cpu_usage_distribution8,cpu_usage_distribution9,cpu_usage_distribution10,cpu_usage_distribution11,max_cpu,avg_cpu,cycles_per_instruction,memory_accesses_per_instruction,assigned_memory,page_cache_memory,max_memory,avg_memory,start_time,end_time,time_window
1068851861870,106885186187,0,0,21305997,1.0,"""[0",0.0,0.0,0.0,0.0,0.0,0.0,0.0,0.0,0.0," 0]""",0.0007820129394530001,4.863739013671876e-05,0.0,0.0,0.003715515136718,0.0005722045898430001,0.0005884170532220001,0.0005874633789060001,0.506667052469135,0.506668595679012,1.5432098765432092e-06
1068851861870,106885186187,0,0,92147865285,1.0,"""[0",0.0,0.0,0.0,0.0,0.0,0.0,0.0,0.0,0.0," 0]""",0.0,0.0,0.0,0.0,0.003715515136718,0.0,1.9073486328125e-06,1.9073486328125e-06,0.502978780864197,0.502980324074074,1.5432098765432092e-06
1068851861870,106885186187,0,0,92147865285,1.0,"""[0",0.0,0.0,4.76837158203125e-06,1.3351440429687502e-05,2.1934509277343753e-05,3.0517578125e-05,4.00543212890625e-05,0.00023841857910100002,0.00023841857910100002," 0.00023841857910100002]""",0.00042724609375,7.152557373046875e-05,0.0,0.0,0.003715515136718,0.0005712509155270001,0.0005874633789060001,0.000586509704589,0.5029780092592591,0.502980324074074,2.314814814814814e-06
1068851861870,106885186187,0,0,21305997,1.0,"""[0",0.0,0.0,0.0,2.86102294921875e-06,7.62939453125e-06,1.2397766113281252e-05,1.52587890625e-05,1.52587890625e-05,1.52587890625e-05," 1.52587890625e-05]""",0.0,0.0,0.0,0.0,0.003715515136718,0.0,1.9073486328125e-06,1.9073486328125e-06,0.506667438271605,0.506668595679012,1.157407407407407e-06
1068851861870,106885186187,0,0,39175913234,1.0,"""[2.5749206542968753e-05",0.00019836425781200002,0.00037384033203100004,0.000514030456542,0.000682830810546,0.0009241104125970001,0.001430511474609,0.00314712524414,0.004798889160156,0.006668090820312," 0.007888793945312]""",0.00787353515625,0.00225830078125,0.0,0.0,0.003715515136718,0.00038433074951100003,0.001565933227539,0.000712394714355,0.505916280864197,0.50592399691358,7.71604938271605e-06
1068851861870,106885186187,0,0,1578989065,1.0,"""[3.719329833984375e-05",0.00010108947753900001,0.00020217895507800002,0.00043582916259700004,0.000536918640136,0.000682830810546,0.00091552734375,0.003482818603515,0.004440307617187,0.006317138671875001," 0.007179260253906]""",0.007179260253906,0.002120971679687,0.0,0.0,0.003715515136718,0.00035285949707000003,0.0015010833740230001,0.0006313323974600001,0.5061697530864191,0.50617824074074,8.487654320987653e-06
1068851861870,106885186187,0,0,21400972,1.0,"""[3.528594970703125e-05",0.00020694732666000002,0.000501632690429,0.0008382797241210001,0.0008764266967770001,0.001079559326171,0.00177001953125,0.001976013183593,0.005332946777343001,0.005577087402343001," 0.008636474609375]""",0.008621215820312,0.00225830078125,0.0,0.0,0.003715515136718,0.000360488891601,0.001567840576171,0.000714302062988,0.5048506944444441,0.5048568672839501,6.172839506172839e-06
1068851861870,106885186187,0,0,21400972,1.0,"""[0",0.0,0.0,0.0,0.0,0.0,0.0,0.0,0.0,0.0," 0]""",0.00047111511230400006,5.340576171875001e-05,0.0,0.0,0.003715515136718,0.00057315826416,0.0005836486816400001,0.0005836486816400001,0.5048568672839501,0.5048584104938271,1.5432098765432092e-06
1068851861870,106885186187,0,0,40486423651,1.0,"""[9.5367431640625e-07",9.5367431640625e-07,9.5367431640625e-07,9.5367431640625e-07,9.5367431640625e-07,9.5367431640625e-07,9.5367431640625e-07,9.5367431640625e-07,9.5367431640625e-07,9.5367431640625e-07," 9.5367431640625e-07]""",0.0,0.0,0.0,0.0,0.003715515136718,0.000578880310058,0.000586509704589,0.000586509704589,0.5081670524691351,0.508167438271604,3.858024691358024e-07
1068851861870,106885186187,0,0,22806947,1.0,"""[0",0.0,0.0,0.0,0.0,1.1444091796875002e-05,2.2888183593750003e-05,2.2888183593750003e-05,2.2888183593750003e-05,2.2888183593750003e-05," 2.2888183593750003e-05]""",0.0,0.0,0.0,0.0,0.003715515136718,0.0,9.5367431640625e-07,9.5367431640625e-07,0.5077341820987651,0.5077345679012341,3.858024691358024e-07
1068851861870,106885186187,0,0,1578052391,1.0,"""[0",0.00021171569824200001,0.00036525726318300004,0.00045776367187500005,0.0007524490356440001,0.0008363723754880001,0.001443862915039,0.0027122497558590003,0.005668640136718001,0.0078125," 0.009185791015625]""",0.009185791015625,0.002586364746093,0.0,0.0,0.003715515136718,0.00037384033203100004,0.0015316009521480001,0.000811576843261,0.502157407407407,0.502167824074074,1.0416666666666661e-05
1068851861870,106885186187,0,0,21218149,1.0,"""[0",0.0,0.0,0.0,0.0,0.0,0.0,0.0,0.0,0.0,"0]""",0.0,0.0,0.0,0.0,0.003715515136718,0.0005722045898430001,0.000585556030273,0.000585556030273,0.5050489969135801,0.505049382716049,3.858024691358024e-07
1068851861870,106885186187,0,0,1713257708,1.0,"""[2.6702880859375003e-05",0.00011920928955000001,0.000370025634765,0.00044441223144500003,0.000651359558105,0.00090217590332,0.0011978149414060002,0.0023307800292960003,0.0052490234375,0.007965087890625," 0.012435913085937]""",0.012435913085937,0.002674102783203,0.0,0.0,0.003715515136718,0.00040531158447200004,0.0015487670898430002,0.0008134841918940001,0.5093410493827161,0.509351080246913,1.003086419753086e-05
1068851861870,106885186187,0,0,1715004957,1.0,"""[0",7.05718994140625e-05,0.000361442565917,0.000555038452148,0.0008449554443350001,0.001033782958984,0.0012588500976560002,0.004859924316406,0.005439758300781,0.0074462890625," 0.008010864257812]""",0.008010864257812,0.0027580261230460003,0.0,0.0,0.003715515136718,0.000360488891601,0.00148582458496,0.000819206237792,0.50178125,0.501790895061728,9.645061728395062e-06
1068851861870,106885186187,0,0,1578989065,1.0,"""[0",0.0,0.0,0.0,0.0,0.0,0.0,0.0,0.0,0.0," 0]""",0.0,0.0,0.0,0.0,0.003715515136718,0.0,1.9073486328125e-06,1.9073486328125e-06,0.506178626543209,0.506181327160493,2.7006172839506168e-06
1068851861870,106885186187,0,0,22806947,1.0,"""[0",0.0,0.0,0.0,0.0,0.0,0.0,0.0,0.0,0.0,"0]""",0.0,0.0,0.0,0.0,0.003715515136718,0.0005722045898430001,0.0005826950073240001,0.0005826950073240001,0.5077341820987651,0.5077345679012341,3.858024691358024e-07
1068851861870,106885186187,0,0,198556190123,1.0,"""[9.5367431640625e-06",9.5367431640625e-06,9.5367431640625e-06,9.5367431640625e-06,9.5367431640625e-06,9.5367431640625e-06,9.5367431640625e-06,9.5367431640625e-06,9.5367431640625e-06,9.5367431640625e-06," 9.5367431640625e-06]""",0.0,0.0,0.0,0.0,0.003715515136718,0.0,9.5367431640625e-07,9.5367431640625e-07,0.501529320987654,0.501529706790123,3.858024691358024e-07
1068851861870,106885186187,0,0,383868866699,1.0,"""[0",0.0,0.0,0.0,0.0,0.0,0.0,0.0,0.0,0.0," 0]""",0.0,0.0,0.0,0.0,0.003715515136718,0.0,1.9073486328125e-06,1.9073486328125e-06,0.504737654320987,0.504738425925925,7.716049382716048e-07
1068851861870,106885186187,0,0,1713257708,1.0,"""[0",0.0,0.0,0.0,0.0,0.0,0.0,0.0,0.0,0.0," 0]""",0.000195503234863,3.910064697265625e-05,0.0,0.0,0.003715515136718,0.000591278076171,0.000604629516601,0.000603675842285,0.5006736111111111,0.500675540123456,1.929012345679012e-06
1068851861870,106885186187,0,0,198556190123,1.0,"""[3.4332275390625e-05",0.000154495239257,0.00039577484130800004,0.000506401062011,0.000726699829101,0.0009899139404290001,0.002090454101562,0.005767822265625001,0.007003784179687,0.00799560546875," 0.009109497070312]""",0.009109497070312,0.002998352050781,0.0,0.0,0.003715515136718,0.00035285949707000003,0.0014953613281250002,0.0007944107055660001,0.501529706790123,0.5015393518518511,9.645061728395062e-06
1068851861870,106885186187,0,0,1713257708,1.0,"""[0",0.0,0.0,0.0,0.0,0.0,0.0,0.0,0.0,0.0,"0]""",0.0,0.0,0.0,0.0,0.003715515136718,0.0005712509155270001,0.0005836486816400001,0.0005836486816400001,0.5093518518518511,0.509352237654321,3.858024691358024e-07
1068851861870,106885186187,0,0,39175913234,1.0,"""[0",0.0,0.0,0.0,0.0,0.0,0.0,0.0,0.0,0.0,"0]""",0.0,0.0,0.0,0.0,0.003715515136718,0.00057315826416,0.000581741333007,0.000581741333007,0.5059251543209871,0.505925540123456,3.858024691358024e-07
1068851861870,106885186187,0,0,21218149,1.0,"""[8.487701416015626e-05",0.00021171569824200001,0.00035667419433500004,0.00047588348388600003,0.000519752502441,0.0006599426269530001,0.0019645690917960003,0.0022087097167960003,0.002632141113281,0.007843017578125," 0.009521484375]""",0.009521484375,0.0021171569824210003,0.0,0.0,0.003715515136718,0.000381469726562,0.001577377319335,0.0008096694946280001,0.5050370370370371,0.505047067901234,1.003086419753086e-05
1068851861870,106885186187,0,0,1713257708,1.0,"""[2.0980834960937503e-05",0.00011920928955000001,0.00032615661621000004,0.0006189346313470001,0.0008096694946280001,0.001123428344726,0.0019454956054680002,0.002811431884765,0.00445556640625,0.005577087402343001," 0.007980346679687]""",0.007919311523437,0.002216339111328,0.0,0.0,0.003715515136718,0.000409126281738,0.0014934539794920001,0.0008201599121090001,0.5006631944444441,0.5006736111111111,1.0416666666666661e-05
1068851861870,106885186187,0,0,1713257708,1.0,"""[0",0.0,0.0,0.0,0.0,0.0,0.0,0.0,0.0,0.0," 0]""",0.000201225280761,0.00010108947753900001,0.0,0.0,0.003715515136718,0.0005712509155270001,0.000584602355957,0.000584602355957,0.509351080246913,0.5093518518518511,7.716049382716048e-07
1068851861870,106885186187,0,0,2059626229,1.0,"""[0",0.0,0.0,0.0,0.0,0.0,0.0,0.0,0.0,0.0," 0]""",0.000289916992187,9.632110595703126e-05,0.0,0.0,0.003715515136718,0.0005722045898430001,0.0005636215209960001,0.0005636215209960001,0.504116126543209,0.5041172839506171,1.157407407407407e-06
1068851861870,106885186187,0,0,1578989065,1.0,"""[0",0.0,0.0,0.0,0.0,0.0,0.0,0.0,0.0,0.0," 0]""",0.0,0.0,0.0,0.0,0.003715515136718,0.0,9.5367431640625e-07,9.5367431640625e-07,0.506181327160493,0.5061820987654321,7.716049382716048e-07
1068851861870,106885186187,0,0,383868866699,1.0,"""[0",0.0,0.0,0.0,0.0,0.0,0.0,0.0,0.0,0.0," 0]""",0.00019264221191400002,6.389617919921875e-05,0.0,0.0,0.003715515136718,0.0005760192871090001,0.000585556030273,0.000585556030273,0.5047372685185181,0.504738425925925,1.157407407407407e-06
1068851861870,106885186187,0,0,21400972,1.0,"""[0",0.0,0.0,0.0,0.0,4.76837158203125e-06,9.5367431640625e-06,9.5367431640625e-06,9.5367431640625e-06,9.5367431640625e-06," 9.5367431640625e-06]""",0.0,0.0,0.0,0.0,0.003715515136718,0.0,9.5367431640625e-07,9.5367431640625e-07,0.504857638888888,0.5048584104938271,7.716049382716048e-07
1068851861870,106885186187,0,0,1715004957,1.0,"""[0",0.0,0.0,0.0,1.9073486328125e-06,3.814697265625e-06,5.7220458984375e-06,7.62939453125e-06,7.62939453125e-06,7.62939453125e-06," 7.62939453125e-06]""",0.0,0.0,0.0,0.0,0.003715515136718,0.0,1.9073486328125e-06,1.9073486328125e-06,0.5017916666666661,0.501792438271604,7.716049382716048e-07
1068851861870,106885186187,0,0,2059626229,1.0,"""[2.2888183593750003e-05",0.00021171569824200001,0.000409126281738,0.00047111511230400006,0.0009765625,0.001123428344726,0.001840591430664,0.002887725830078,0.006019592285156,0.00787353515625," 0.008575439453125]""",0.008575439453125,0.002784729003906,0.0,0.0,0.003715515136718,0.00037574768066400005,0.001522064208984,0.0008554458618160001,0.504105324074074,0.504116126543209,1.080246913580246e-05
1068851861870,106885186187,0,0,1715004957,1.0,"""[0",0.0,0.0,0.0,0.0,0.0,0.0,0.0,0.0,0.0," 0]""",0.00026512145996000004,5.340576171875001e-05,0.0,0.0,0.003715515136718,0.000574111938476,0.0005874633789060001,0.0005874633789060001,0.501790895061728,0.501792438271604,1.5432098765432092e-06
1068851861870,106885186187,0,0,21218149,1.0,"""[0",0.0,0.0,0.0,0.0,0.0,0.0,0.0,0.0,0.0," 0]""",0.00039863586425700005,3.719329833984375e-05,0.0,0.0,0.003715515136718,0.0005722045898430001,0.0005874633789060001,0.000586509704589,0.505047067901234,0.5050489969135801,1.929012345679012e-06
1068851861870,106885186187,0,0,22806947,1.0,"""[0",0.0,0.0,0.0,0.0,0.0,0.0,0.0,0.0,0.0," 0]""",0.000319480895996,0.00015926361083900002,0.0,0.0,0.003715515136718,0.0005722045898430001,0.0005826950073240001,0.0005826950073240001,0.507733410493827,0.5077341820987651,7.716049382716048e-07
1068851861870,106885186187,0,0,39175913234,1.0,"""[0",0.0,0.0,0.0,0.0,0.0,0.0,0.0,0.0,0.0,"0]""",0.0,0.0,0.0,0.0,0.003715515136718,0.0,1.9073486328125e-06,1.9073486328125e-06,0.5059251543209871,0.505925540123456,3.858024691358024e-07
1068851861870,106885186187,0,0,22806947,1.0,"""[0",0.0,0.0,0.0,0.0,0.0,0.0,0.0,0.0,0.0,"0]""",1.2397766113281252e-05,1.2397766113281252e-05,0.0,0.0,0.003715515136718,0.0,9.5367431640625e-07,9.5367431640625e-07,0.507724922839506,0.5077253086419751,3.858024691358024e-07
1068851861870,106885186187,0,0,92147865285,1.0,"""[5.245208740234376e-05",7.724761962890625e-05,0.000590324401855,0.0009727478027340001,0.0010299682617180002,0.0015621185302730001,0.0030479431152340003,0.003166198730468,0.005424499511718001,0.006103515625," 0.006233215332031]""",0.006233215332031,0.002571105957031,0.0,0.0,0.003715515136718,0.00034332275390600004,0.0015182495117180002,0.0007410049438470001,0.502971450617284,0.5029780092592591,6.558641975308642e-06
1068851861870,106885186187,0,0,1578052391,1.0,"""[0",0.0,0.0,0.0,0.0,0.0,0.0,0.0,0.0,0.0," 0]""",0.000226974487304,4.577636718750001e-05,0.0,0.0,0.003715515136718,0.0005760192871090001,0.000590324401855,0.000589370727539,0.502167824074074,0.5021697530864191,1.929012345679012e-06
1068851861870,106885186187,0,0,1578989065,1.0,"""[0",0.0,0.0,0.0,0.0,0.0,0.0,0.0,0.0,0.0," 0]""",0.00018787384033200002,2.3841857910156253e-05,0.0,0.0,0.003715515136718,0.00057315826416,0.000580787658691,0.000579833984375,0.50617824074074,0.506181327160493,3.0864197530864187e-06
1068851861870,106885186187,0,0,1713257708,1.0,"""[0",0.0,0.0,9.5367431640625e-07,3.814697265625e-06,5.7220458984375e-06,8.58306884765625e-06,1.0490417480468752e-05,1.1444091796875002e-05,1.1444091796875002e-05," 1.1444091796875002e-05]""",0.0,0.0,0.0,0.0,0.003715515136718,0.0,1.9073486328125e-06,1.9073486328125e-06,0.50067399691358,0.500675540123456,1.5432098765432092e-06
1068851861870,106885186187,0,0,2059626229,1.0,"""[0",0.0,0.0,0.0,0.0,0.0,0.0,0.0,0.0,0.0," 0]""",0.0,0.0,0.0,0.0,0.003715515136718,0.0,9.5367431640625e-07,9.5367431640625e-07,0.504116512345679,0.5041172839506171,7.716049382716048e-07
1068851861870,106885186187,0,0,22806947,1.0,"""[0",0.0,0.0,0.0,0.0,5.7220458984375e-06,1.2397766113281252e-05,1.2397766113281252e-05,1.2397766113281252e-05,1.2397766113281252e-05," 1.2397766113281252e-05]""",0.0,0.0,0.0,0.0,0.003715515136718,0.0,9.5367431640625e-07,9.5367431640625e-07,0.507724537037037,0.507724922839506,3.858024691358024e-07
1068851861870,106885186187,0,0,21305997,1.0,"""[0.00019454956054600002",0.00031661987304600005,0.00045776367187500005,0.0006256103515620001,0.0006570816040030001,0.0009469985961910001,0.0015945434570310002,0.0028800964355460003,0.003944396972656,0.007499694824218001," 0.009017944335937]""",0.009017944335937,0.00229263305664,0.0,0.0,0.003715515136718,0.00039577484130800004,0.0016117095947260002,0.000894546508789,0.5066585648148141,0.506667052469135,8.487654320987653e-06
1068851861870,106885186187,0,0,40486423651,1.0,"""[0",0.0,0.0,0.0,0.0,9.5367431640625e-07,1.9073486328125e-06,1.9073486328125e-06,1.9073486328125e-06,1.9073486328125e-06," 1.9073486328125e-06]""",5.7220458984375e-06,2.86102294921875e-06,0.0,0.0,0.003715515136718,0.0,1.9073486328125e-06,1.9073486328125e-06,0.508166280864197,0.5081670524691351,7.716049382716048e-07
1068851861870,106885186187,0,0,21218149,1.0,"""[0",0.0,0.0,9.5367431640625e-07,1.9073486328125e-06,2.86102294921875e-06,2.86102294921875e-06,3.814697265625e-06,4.76837158203125e-06,4.76837158203125e-06," 4.76837158203125e-06]""",0.0,0.0,0.0,0.0,0.003715515136718,0.0,1.9073486328125e-06,1.9073486328125e-06,0.5050474537037031,0.5050489969135801,1.5432098765432092e-06
1068851861870,106885186187,0,0,1578052391,1.0,"""[0",0.0,0.0,0.0,0.0,0.0,0.0,0.0,0.0,0.0," 0]""",0.0,0.0,0.0,0.0,0.003715515136718,0.0,1.9073486328125e-06,1.9073486328125e-06,0.5021685956790121,0.5021697530864191,1.157407407407407e-06
1068851861870,106885186187,0,0,39175913234,1.0,"""[0",0.0,0.0,0.0,0.0,0.0,0.0,0.0,0.0,0.0," 0]""",0.0,0.0,0.0,0.0,0.003715515136718,0.0,1.9073486328125e-06,1.9073486328125e-06,0.5059247685185181,0.5059251543209871,3.858024691358024e-07
1068851861870,106885186187,0,0,1713257708,1.0,"""[7.62939453125e-06",7.62939453125e-06,7.62939453125e-06,7.62939453125e-06,7.62939453125e-06,7.62939453125e-06,7.62939453125e-06,7.62939453125e-06,7.62939453125e-06,7.62939453125e-06," 7.62939453125e-06]""",0.0,0.0,0.0,0.0,0.003715515136718,0.0,9.5367431640625e-07,9.5367431640625e-07,0.5093518518518511,0.509352237654321,3.858024691358024e-07
1068851861870,106885186187,0,0,40486423651,1.0,"""[0",0.0,0.0,0.0,0.0,0.0,0.0,0.0,0.0,0.0," 0]""",0.0,0.0,0.0,0.0,0.003715515136718,0.0,9.5367431640625e-07,9.5367431640625e-07,0.5081670524691351,0.508167438271604,3.858024691358024e-07
