UniqJobId,collection_id,instance_index,priority,machine_id,sample_rate,cpu_usage_distribution1,cpu_usage_distribution2,cpu_usage_distribution3,cpu_usage_distribution4,cpu_usage_distribution5,cpu_usage_distribution6,cpu_usage_distribution7,cpu_usage_distribution8,cpu_usage_distribution9,cpu_usage_distribution10,cpu_usage_distribution11,max_cpu,avg_cpu,cycles_per_instruction,memory_accesses_per_instruction,assigned_memory,page_cache_memory,max_memory,avg_memory,start_time,end_time,time_window
1073521730109,107352173010,9,0,383934576827,1.0,"""[0",0.0,0.0,0.0,0.0,0.0,0.0,0.0,0.0,0.0,"0]""",0.0,0.0,0.0,0.0,0.000216484069824,0.0,3.814697265625e-06,3.814697265625e-06,0.500757330246913,0.500757716049382,3.858024691358024e-07
1073521730109,107352173010,9,0,2960890395,1.0,"""[0",2.86102294921875e-06,5.7220458984375e-06,9.5367431640625e-06,1.2397766113281252e-05,1.52587890625e-05,1.9073486328125e-05,2.1934509277343753e-05,2.4795532226562503e-05,2.8610229492187503e-05," 3.147125244140625e-05]""",3.147125244140625e-05,2.002716064453125e-05,0.0,0.0,0.000216484069824,0.0,4.76837158203125e-06,3.814697265625e-06,0.501851851851851,0.501913966049382,6.211419753086419e-05
1073521730109,107352173010,9,0,383934576827,1.0,"""[0",3.814697265625e-06,8.58306884765625e-06,1.3351440429687502e-05,1.71661376953125e-05,2.1934509277343753e-05,2.6702880859375003e-05,3.0517578125e-05,3.528594970703125e-05,4.00543212890625e-05," 5.054473876953126e-05]""",0.0009298324584960001,2.2888183593750003e-05,0.0,0.0,0.000216484069824,0.0,5.7220458984375e-06,4.76837158203125e-06,0.500643132716049,0.500694444444444,5.1311728395061725e-05
1073521730109,107352173010,9,0,2960890395,1.0,"""[0",0.0,0.0,0.0,0.0,0.0,0.0,0.0,0.0,0.0,"0]""",0.0,0.0,0.0,0.0,0.000216484069824,0.0,1.9073486328125e-06,1.9073486328125e-06,0.50191512345679,0.501915509259259,3.858024691358024e-07
1073521730109,107352173010,9,0,372979234427,1.0,"""[0",0.0,0.0,0.0,0.0,0.0,0.0,0.0,0.0,0.0," 0]""",0.0,0.0,0.0,0.0,0.000216484069824,0.0,3.814697265625e-06,3.814697265625e-06,0.5035362654320981,0.503537037037037,7.716049382716048e-07
1073521730109,107352173010,9,0,383934576827,1.0,"""[0",0.0,0.0,0.0,0.0,0.0,0.0,0.0,0.0,0.0," 0]""",5.7220458984375e-06,2.86102294921875e-06,0.0,0.0,0.000216484069824,0.0,3.814697265625e-06,3.814697265625e-06,0.500756558641975,0.500757330246913,7.716049382716048e-07
1073521730109,107352173010,9,0,2960890395,1.0,"""[1.3351440429687502e-05",1.621246337890625e-05,1.9073486328125e-05,2.1934509277343753e-05,2.5749206542968753e-05,2.8610229492187503e-05,3.147125244140625e-05,3.4332275390625e-05,3.814697265625e-05,4.100799560546875e-05," 0.000568389892578]""",0.000568389892578,2.5749206542968753e-05,0.0,0.0,0.000216484069824,0.0,5.7220458984375e-06,3.814697265625e-06,0.501800540123456,0.501851851851851,5.1311728395061725e-05
1073521730109,107352173010,9,0,383934576827,1.0,"""[0",3.814697265625e-06,7.62939453125e-06,1.1444091796875002e-05,1.52587890625e-05,1.9073486328125e-05,2.2888183593750003e-05,2.6702880859375003e-05,3.0517578125e-05,3.4332275390625e-05," 3.814697265625e-05]""",3.814697265625e-05,2.1934509277343753e-05,0.0,0.0,0.000216484069824,0.0,5.7220458984375e-06,4.76837158203125e-06,0.500694444444444,0.500756558641975,6.211419753086419e-05
1073521730109,107352173010,9,0,372979234427,1.0,"""[7.62939453125e-06",1.0490417480468752e-05,1.4305114746093752e-05,1.811981201171875e-05,2.1934509277343753e-05,2.5749206542968753e-05,2.9563903808593753e-05,3.337860107421875e-05,3.719329833984375e-05,4.100799560546875e-05," 0.0011348724365230001]""",0.0009403228759760001,2.8610229492187503e-05,0.0,0.0,0.000216484069824,0.0,5.7220458984375e-06,4.76837158203125e-06,0.5034209104938271,0.503472222222222,5.1311728395061725e-05
