UniqJobId,collection_id,instance_index,priority,machine_id,sample_rate,cpu_usage_distribution1,cpu_usage_distribution2,cpu_usage_distribution3,cpu_usage_distribution4,cpu_usage_distribution5,cpu_usage_distribution6,cpu_usage_distribution7,cpu_usage_distribution8,cpu_usage_distribution9,cpu_usage_distribution10,cpu_usage_distribution11,max_cpu,avg_cpu,cycles_per_instruction,memory_accesses_per_instruction,assigned_memory,page_cache_memory,max_memory,avg_memory,start_time,end_time,time_window
1073521730105,107352173010,5,0,1375389034,1.0,"""[1.1444091796875002e-05",1.4305114746093752e-05,1.71661376953125e-05,2.0980834960937503e-05,2.3841857910156253e-05,2.7656555175781253e-05,3.0517578125e-05,3.4332275390625e-05,3.719329833984375e-05,4.100799560546875e-05," 0.000706672668457]""",0.0006742477416990001,2.5749206542968753e-05,0.0,0.0,0.000216484069824,0.0,4.76837158203125e-06,3.814697265625e-06,0.5023784722222221,0.502430555555555,5.208333333333334e-05
1073521730105,107352173010,5,0,72046836315,1.0,"""[1.2397766113281252e-05",1.621246337890625e-05,1.9073486328125e-05,2.1934509277343753e-05,2.4795532226562503e-05,2.8610229492187503e-05,3.147125244140625e-05,3.4332275390625e-05,3.814697265625e-05,4.100799560546875e-05," 0.0006017684936520001]""",0.000528335571289,2.4795532226562503e-05,0.0,0.0,0.000216484069824,0.0,5.7220458984375e-06,3.814697265625e-06,0.508049768518518,0.5081018518518511,5.208333333333334e-05
1073521730105,107352173010,5,0,2447734416,1.0,"""[9.5367431640625e-07",9.5367431640625e-07,9.5367431640625e-07,9.5367431640625e-07,9.5367431640625e-07,9.5367431640625e-07,9.5367431640625e-07,9.5367431640625e-07,9.5367431640625e-07,9.5367431640625e-07," 9.5367431640625e-07]""",9.5367431640625e-07,9.5367431640625e-07,0.0,0.0,0.000216484069824,0.0,1.9073486328125e-06,1.9073486328125e-06,0.50353549382716,0.5035358796296291,3.858024691358024e-07
1073521730105,107352173010,5,0,72042116465,1.0,"""[0",2.86102294921875e-06,5.7220458984375e-06,8.58306884765625e-06,1.1444091796875002e-05,1.4305114746093752e-05,1.71661376953125e-05,2.002716064453125e-05,2.2888183593750003e-05,2.5749206542968753e-05," 2.8610229492187503e-05]""",2.5749206542968753e-05,1.811981201171875e-05,0.0,0.0,0.000216484069824,0.0,4.76837158203125e-06,4.76837158203125e-06,0.500231481481481,0.500293595679012,6.211419753086419e-05
1073521730105,107352173010,5,0,1375389034,1.0,"""[0",0.0,0.0,0.0,0.0,0.0,0.0,0.0,0.0,0.0," 0]""",0.0,0.0,0.0,0.0,0.000216484069824,0.0,3.814697265625e-06,3.814697265625e-06,0.5024938271604931,0.502494212962962,3.858024691358024e-07
1073521730105,107352173010,5,0,21561852,1.0,"""[1.3351440429687502e-05",1.621246337890625e-05,2.002716064453125e-05,2.2888183593750003e-05,2.5749206542968753e-05,2.8610229492187503e-05,3.147125244140625e-05,3.528594970703125e-05,3.814697265625e-05,4.100799560546875e-05," 0.0006141662597650001]""",0.000611305236816,2.6702880859375003e-05,0.0,0.0,0.000216484069824,0.0,6.67572021484375e-06,3.814697265625e-06,0.5045787037037031,0.504629629629629,5.092592592592592e-05
1073521730105,107352173010,5,0,1375389034,1.0,"""[0",3.814697265625e-06,8.58306884765625e-06,1.3351440429687502e-05,1.811981201171875e-05,2.1934509277343753e-05,2.6702880859375003e-05,3.147125244140625e-05,3.62396240234375e-05,4.00543212890625e-05," 5.435943603515626e-05]""",8.869171142578126e-05,2.5749206542968753e-05,0.0,0.0,0.000216484069824,0.0,5.7220458984375e-06,5.7220458984375e-06,0.502430555555555,0.5024922839506171,6.172839506172841e-05
1073521730105,107352173010,5,0,21561852,1.0,"""[0",2.86102294921875e-06,6.67572021484375e-06,1.0490417480468752e-05,1.3351440429687502e-05,1.71661376953125e-05,2.0980834960937503e-05,2.3841857910156253e-05,2.7656555175781253e-05,3.147125244140625e-05," 3.4332275390625e-05]""",3.4332275390625e-05,2.1934509277343753e-05,0.0,0.0,0.000216484069824,0.0,5.7220458984375e-06,4.76837158203125e-06,0.504629629629629,0.5046917438271601,6.211419753086419e-05
1073521730105,107352173010,5,0,72042116465,1.0,"""[0",0.0,0.0,0.0,0.0,0.0,0.0,0.0,0.0,0.0," 0]""",9.5367431640625e-07,9.5367431640625e-07,0.0,0.0,0.000216484069824,0.0,2.86102294921875e-06,2.86102294921875e-06,0.500293595679012,0.50029436728395,7.716049382716048e-07
1073521730105,107352173010,5,0,2447734416,1.0,"""[0",3.814697265625e-06,7.62939453125e-06,1.1444091796875002e-05,1.52587890625e-05,1.9073486328125e-05,2.2888183593750003e-05,2.6702880859375003e-05,3.0517578125e-05,3.4332275390625e-05," 3.814697265625e-05]""",5.245208740234376e-05,2.1934509277343753e-05,0.0,0.0,0.000216484069824,0.0,2.86102294921875e-06,2.86102294921875e-06,0.503472222222222,0.5035343364197531,6.211419753086419e-05
1073521730105,107352173010,5,0,72042116465,1.0,"""[1.2397766113281252e-05",1.52587890625e-05,1.811981201171875e-05,2.1934509277343753e-05,2.4795532226562503e-05,2.7656555175781253e-05,3.147125244140625e-05,3.4332275390625e-05,3.814697265625e-05,4.100799560546875e-05," 0.000669479370117]""",0.000544548034667,2.3841857910156253e-05,0.0,0.0,0.000216484069824,0.0,5.7220458984375e-06,3.814697265625e-06,0.5001805555555551,0.500231481481481,5.092592592592592e-05
1073521730105,107352173010,5,0,23744787857,1.0,"""[0",4.76837158203125e-06,8.58306884765625e-06,1.3351440429687502e-05,1.811981201171875e-05,2.2888183593750003e-05,2.7656555175781253e-05,3.24249267578125e-05,3.719329833984375e-05,4.196166992187501e-05," 0.000835418701171]""",0.0006332397460930001,2.5749206542968753e-05,0.0,0.0,0.000216484069824,0.0,5.7220458984375e-06,4.76837158203125e-06,0.501801311728395,0.501851851851851,5.054012345679012e-05
1073521730105,107352173010,5,0,72046836315,1.0,"""[0",2.86102294921875e-06,6.67572021484375e-06,1.0490417480468752e-05,1.3351440429687502e-05,1.71661376953125e-05,2.0980834960937503e-05,2.4795532226562503e-05,2.7656555175781253e-05,3.147125244140625e-05," 3.4332275390625e-05]""",4.959106445312501e-05,2.002716064453125e-05,0.0,0.0,0.000216484069824,0.0,4.76837158203125e-06,3.814697265625e-06,0.5081018518518511,0.5081639660493821,6.211419753086419e-05
1073521730105,107352173010,5,0,1375389034,1.0,"""[0",0.0,0.0,0.0,0.0,0.0,0.0,0.0,0.0,0.0," 0]""",4.76837158203125e-06,9.5367431640625e-07,0.0,0.0,0.000216484069824,0.0,4.76837158203125e-06,4.76837158203125e-06,0.5024922839506171,0.5024938271604931,1.5432098765432092e-06
1073521730105,107352173010,5,0,21561852,1.0,"""[0",0.0,0.0,0.0,0.0,0.0,0.0,0.0,0.0,0.0,"0]""",0.0,0.0,0.0,0.0,0.000216484069824,0.0,1.9073486328125e-06,1.9073486328125e-06,0.504692515432098,0.504692901234567,3.858024691358024e-07
1073521730105,107352173010,5,0,72042116465,1.0,"""[9.5367431640625e-07",9.5367431640625e-07,9.5367431640625e-07,9.5367431640625e-07,9.5367431640625e-07,9.5367431640625e-07,9.5367431640625e-07,9.5367431640625e-07,9.5367431640625e-07,9.5367431640625e-07," 9.5367431640625e-07]""",0.0,0.0,0.0,0.0,0.000216484069824,0.0,2.86102294921875e-06,2.86102294921875e-06,0.50029436728395,0.500294753086419,3.858024691358024e-07
1073521730105,107352173010,5,0,72046836315,1.0,"""[9.5367431640625e-07",9.5367431640625e-07,9.5367431640625e-07,9.5367431640625e-07,9.5367431640625e-07,9.5367431640625e-07,9.5367431640625e-07,9.5367431640625e-07,9.5367431640625e-07,9.5367431640625e-07," 9.5367431640625e-07]""",0.0,0.0,0.0,0.0,0.000216484069824,0.0,2.86102294921875e-06,2.86102294921875e-06,0.508165895061728,0.508166666666666,7.716049382716048e-07
1073521730105,107352173010,5,0,2447734416,1.0,"""[0",0.0,0.0,0.0,0.0,0.0,0.0,0.0,0.0,0.0," 0]""",9.5367431640625e-07,0.0,0.0,0.0,0.000216484069824,0.0,1.9073486328125e-06,1.9073486328125e-06,0.5035343364197531,0.50353549382716,1.157407407407407e-06
1073521730105,107352173010,5,0,23744787857,1.0,"""[0",0.0,0.0,0.0,0.0,0.0,0.0,0.0,0.0,0.0,"0]""",0.0,0.0,0.0,0.0,0.000216484069824,0.0,3.814697265625e-06,3.814697265625e-06,0.501914737654321,0.50191512345679,3.858024691358024e-07
1073521730105,107352173010,5,0,23744787857,1.0,"""[0",3.814697265625e-06,8.58306884765625e-06,1.3351440429687502e-05,1.811981201171875e-05,2.2888183593750003e-05,2.6702880859375003e-05,3.147125244140625e-05,3.62396240234375e-05,4.100799560546875e-05," 5.340576171875001e-05]""",6.961822509765625e-05,2.4795532226562503e-05,0.0,0.0,0.000216484069824,0.0,5.7220458984375e-06,4.76837158203125e-06,0.501851851851851,0.501913966049382,6.211419753086419e-05
