UniqJobId,collection_id,instance_index,priority,machine_id,sample_rate,cpu_usage_distribution1,cpu_usage_distribution2,cpu_usage_distribution3,cpu_usage_distribution4,cpu_usage_distribution5,cpu_usage_distribution6,cpu_usage_distribution7,cpu_usage_distribution8,cpu_usage_distribution9,cpu_usage_distribution10,cpu_usage_distribution11,max_cpu,avg_cpu,cycles_per_instruction,memory_accesses_per_instruction,assigned_memory,page_cache_memory,max_memory,avg_memory,start_time,end_time,time_window
1102692231181,110269223118,1,0,4649736361,1.0,"""[0.000410079956054",0.00044536590576100003,0.00045967102050700005,0.000473022460937,0.00048828124999999995,0.000507354736328,0.0005264282226560001,0.000555038452148,0.0005950927734370001,0.0006990432739250001," 0.002197265625]""",0.002197265625,0.000555038452148,4.287218570709228,0.021823391318321003,0.005142211914062,0.0008239746093750001,0.003700256347656,0.0036926269531250004,0.503935185185185,0.504050925925925,0.00011574074074
1102692231181,110269223118,1,0,4649736361,1.0,"""[0.00038719177246000004",0.00043869018554600005,0.00045871734619100005,0.00047779083251900005,0.0004959106445310001,0.000514030456542,0.0005340576171870001,0.000560760498046,0.0006141662597650001,0.0007333755493160001," 0.00323486328125]""",0.003242492675781,0.0005712509155270001,4.402155876159668,0.023420244455337,0.005142211914062,0.0008239746093750001,0.0036430358886710003,0.00363540649414,0.5001157407407401,0.500231481481481,0.00011574074074
1102692231181,110269223118,1,0,4649736361,1.0,"""[0.00043678283691400005",0.0004968643188470001,0.000525474548339,0.000544548034667,0.000562667846679,0.0005826950073240001,0.0006074905395500001,0.000639915466308,0.0007057189941400001,0.0008563995361320001," 0.01361083984375]""",0.01361083984375,0.0008554458618160001,4.6441011428833,0.023794619366526003,0.005142211914062,0.0008249282836910001,0.003715515136718,0.003711700439453,0.506134259259259,0.5062500000000001,0.00011574074074
1102692231181,110269223118,1,0,4649736361,1.0,"""[0.00038528442382800005",0.00044822692871000004,0.00047683715820300005,0.0004968643188470001,0.000514030456542,0.000531196594238,0.000551223754882,0.0005712509155270001,0.000608444213867,0.0006990432739250001," 0.00262451171875]""",0.00262451171875,0.00057315826416,4.542669296264648,0.023892082273960003,0.005142211914062,0.0008249282836910001,0.0037078857421870004,0.003700256347656,0.504629629629629,0.50474537037037,0.00011574074074
1102692231181,110269223118,1,0,4649736361,1.0,"""[0.00045776367187500005",0.0005216598510740001,0.00054931640625,0.00057315826416,0.000591278076171,0.000609397888183,0.00063419342041,0.000665664672851,0.0007219314575190001,0.000861167907714," 0.02301025390625]""",0.02301025390625,0.000993728637695,3.029465913772583,0.013536446727812,0.005142211914062,0.0008249282836910001,0.003711700439453,0.003700256347656,0.506597222222222,0.5067129629629631,0.00011574074074
1102692231181,110269223118,1,0,4649736361,1.0,"""[0.000380516052246",0.000460624694824,0.0004920959472650001,0.0005102157592770001,0.000529289245605,0.000550270080566,0.00057029724121,0.0006008148193350001,0.0006561279296870001,0.0007820129394530001," 0.01666259765625]""",0.01666259765625,0.000818252563476,4.548320770263671,0.023875234648585,0.005142211914062,0.0008249282836910001,0.0037040710449210003,0.003700256347656,0.50474537037037,0.5048611111111111,0.00011574074074
1102692231181,110269223118,1,0,4649736361,1.0,"""[0.00047016143798800006",0.0005149841308590001,0.000555992126464,0.000584602355957,0.000603675842285,0.0006256103515620001,0.0006494522094720001,0.000680923461914,0.000731468200683,0.0008325576782220001," 0.0031852722167960003]""",0.0031852722167960003,0.0006799697875970001,4.588414192199707,0.021805506199598,0.005142211914062,0.0008239746093750001,0.0036735534667960003,0.003669738769531,0.501041666666666,0.501157407407407,0.00011574074074
1102692231181,110269223118,1,0,4649736361,1.0,"""[0.00040721893310500005",0.00047588348388600003,0.000497817993164,0.000514030456542,0.000531196594238,0.000551223754882,0.00057029724121,0.0005998611450190001,0.000638961791992,0.0007295608520500001," 0.0018997192382810002]""",0.001901626586914,0.0005826950073240001,2.810365676879882,0.012639031745493001,0.005142211914062,0.0008249282836910001,0.0037345886230460003,0.0037269592285150005,0.5090277777777771,0.509143518518518,0.00011574074074
1102692231181,110269223118,1,0,4649736361,1.0,"""[0.00037765502929600005",0.000432968139648,0.000464439392089,0.000494003295898,0.000523567199707,0.000548362731933,0.0005712509155270001,0.000611305236816,0.000650405883789,0.0007400512695310001," 0.004470825195312]""",0.004478454589843001,0.00059700012207,2.375083923339843,0.011021205224096001,0.005142211914062,0.0008239746093750001,0.003700256347656,0.0036926269531250004,0.503356481481481,0.503472222222222,0.00011574074074
1102692231181,110269223118,1,0,4649736361,1.0,"""[0.00047492980957000003",0.000531196594238,0.000566482543945,0.000589370727539,0.000609397888183,0.0006313323974600001,0.000653266906738,0.0006875991821280001,0.000731468200683,0.000828742980957," 0.0030632019042960003]""",0.0030632019042960003,0.00067138671875,2.595363855361938,0.011273995041847,0.005142211914062,0.0008239746093750001,0.0036773681640620004,0.003669738769531,0.502199074074074,0.502314814814814,0.00011574074074
1102692231181,110269223118,1,0,4649736361,1.0,"""[0.00040054321289",0.00044727325439400005,0.00046634674072200004,0.00048542022705000003,0.0005025863647460001,0.000519752502441,0.000539779663085,0.0005645751953120001,0.00062084197998,0.000700950622558," 0.001522064208984]""",0.003120422363281,0.000555992126464,5.185648441314697,0.028442332521080003,0.005142211914062,0.0008239746093750001,0.0036926269531250004,0.003669738769531,0.502430555555555,0.502546296296296,0.00011574074074
1102692231181,110269223118,1,0,4649736361,1.0,"""[0.000340461730957",0.00040435791015600004,0.00042724609375,0.00044918060302700006,0.00046920776367100005,0.0004911422729490001,0.000518798828125,0.000550270080566,0.000591278076171,0.000673294067382," 0.003131866455078]""",0.003135681152343,0.000528335571289,5.185648441314697,0.028442332521080003,0.005142211914062,0.0008239746093750001,0.0036773681640620004,0.0036735534667960003,0.502546296296296,0.502662037037037,0.00011574074074
1102692231181,110269223118,1,0,4649736361,1.0,"""[0.00039768218994100005",0.00046730041503900005,0.000494003295898,0.00051212310791,0.000531196594238,0.000550270080566,0.00057029724121,0.0005950927734370001,0.0006265640258780001,0.0007362365722650001," 0.0032615661621090003]""",0.0032653808593750004,0.000593185424804,3.029465913772583,0.013536446727812,0.005142211914062,0.0008249282836910001,0.003711700439453,0.0037078857421870004,0.5064814814814811,0.506597222222222,0.00011574074074
1102692231181,110269223118,1,0,4649736361,1.0,"""[0.000379562377929",0.000409126281738,0.00042724609375,0.00044536590576100003,0.000464439392089,0.000482559204101,0.0005044937133780001,0.000525474548339,0.0005760192871090001,0.0007104873657220001," 0.013397216796875002]""",0.013397216796875002,0.0007410049438470001,4.827183723449707,0.027174407616257,0.005142211914062,0.0008249282836910001,0.0036926269531250004,0.003684997558593,0.5085648148148141,0.508680555555555,0.00011574074074
1102692231181,110269223118,1,0,4649736361,1.0,"""[0.000391006469726",0.00043869018554600005,0.00045967102050700005,0.00047874450683500004,0.000497817993164,0.0005149841308590001,0.000537872314453,0.0005722045898430001,0.000609397888183,0.0007247924804680001," 0.0024871826171870004]""",0.0024871826171870004,0.0005521774291990001,3.091158151626586,0.015064556151628002,0.005142211914062,0.0008239746093750001,0.003700256347656,0.0036926269531250004,0.503009259259259,0.5031249999999999,0.00011574074074
1102692231181,110269223118,1,0,4649736361,1.0,"""[0.00041770935058500004",0.00045394897460900003,0.000473976135253,0.000494003295898,0.000513076782226,0.0005331039428710001,0.0005569458007810001,0.000586509704589,0.0006332397460930001,0.0007667541503900001," 0.01763916015625]""",0.017608642578125,0.000822067260742,2.810365676879882,0.012639031745493001,0.005142211914062,0.0008249282836910001,0.0037345886230460003,0.0037269592285150005,0.509143518518518,0.5092592592592591,0.00011574074074
1102692231181,110269223118,1,0,4649736361,1.0,"""[0.00041770935058500004",0.00045967102050700005,0.000483512878417,0.000499725341796,0.0005159378051750001,0.000532150268554,0.000551223754882,0.0005712509155270001,0.000605583190917,0.0007047653198240001," 0.0024871826171870004]""",0.002464294433593,0.00057029724121,3.809923410415649,0.021080359816551,0.005142211914062,0.0008249282836910001,0.0036888122558590003,0.003684997558593,0.507291666666666,0.5074074074074071,0.00011574074074
1102692231181,110269223118,1,0,4649736361,1.0,"""[0.000382423400878",0.000432968139648,0.00045680999755800004,0.00047779083251900005,0.000505447387695,0.0005416870117180001,0.0005836486816400001,0.000611305236816,0.0006551742553710001,0.0007638931274410001," 0.0024681091308590003]""",0.002471923828125,0.000580787658691,3.213021755218505,0.016232011839747002,0.005142211914062,0.0008249282836910001,0.0037345886230460003,0.0037269592285150005,0.5092592592592591,0.509375,0.00011574074074
1102692231181,110269223118,1,0,4649736361,1.0,"""[0.00039577484130800004",0.00043678283691400005,0.00045490264892500003,0.00047111511230400006,0.00048828124999999995,0.0005044937133780001,0.0005216598510740001,0.000550270080566,0.00059700012207,0.000730514526367," 0.01788330078125]""",0.01788330078125,0.000758171081542,5.227256298065185,0.027340298518538003,0.005142211914062,0.0008239746093750001,0.0037193298339840003,0.0036964416503900005,0.503703703703703,0.503819444444444,0.00011574074074
1102692231181,110269223118,1,0,4649736361,1.0,"""[0.00045871734619100005",0.0005044937133780001,0.0005331039428710001,0.000547409057617,0.000562667846679,0.000580787658691,0.000605583190917,0.0006322860717770001,0.000664710998535,0.0007839202880850001," 0.020782470703125]""",0.020782470703125,0.0008363723754880001,3.9408504962921143,0.021539553999900003,0.005142211914062,0.0008249282836910001,0.0037078857421870004,0.0037040710449210003,0.505671296296296,0.5057870370370371,0.00011574074074
1102692231181,110269223118,1,0,4649736361,1.0,"""[0.00036811828613200005",0.000410079956054,0.000433921813964,0.000452041625976,0.00046825408935500005,0.00048446655273400003,0.000506401062011,0.000528335571289,0.0005645751953120001,0.0006637573242180001," 0.0022697448730460003]""",0.0022697448730460003,0.000523567199707,5.045690059661865,0.026274720206856002,0.005142211914062,0.0008239746093750001,0.003700256347656,0.0036926269531250004,0.503819444444444,0.503935185185185,0.00011574074074
1102692231181,110269223118,1,0,4649736361,1.0,"""[0.000472068786621",0.0005350112915030001,0.0005531311035150001,0.00057029724121,0.000589370727539,0.000608444213867,0.0006303787231440001,0.000654220581054,0.000696182250976,0.0008096694946280001," 0.0024986267089840003]""",0.00250244140625,0.000646591186523,3.9408504962921143,0.021539553999900003,0.005142211914062,0.0008249282836910001,0.003711700439453,0.0037078857421870004,0.505902777777777,0.5060185185185181,0.00011574074074
1102692231181,110269223118,1,0,4649736361,1.0,"""[0.00037479400634700004",0.00043487548828100004,0.00046539306640600004,0.0004911422729490001,0.00050926208496,0.000528335571289,0.000555992126464,0.000586509704589,0.000627517700195,0.0007095336914060001," 0.0034751892089840003]""",0.003482818603515,0.000574111938476,2.595363855361938,0.011273995041847,0.005142211914062,0.0008239746093750001,0.0036964416503900005,0.0036735534667960003,0.502083333333333,0.502199074074074,0.00011574074074
1102692231181,110269223118,1,0,4649736361,1.0,"""[0.00039386749267500003",0.00045490264892500003,0.00047683715820300005,0.0004959106445310001,0.000513076782226,0.000532150268554,0.000555992126464,0.000584602355957,0.000628471374511,0.0007209777832030001," 0.002693176269531]""",0.0026969909667960003,0.0005760192871090001,3.895190715789794,0.020432079210877002,0.005142211914062,0.0008239746093750001,0.003639221191406,0.00363540649414,0.500231481481481,0.500347222222222,0.00011574074074
1102692231181,110269223118,1,0,4649736361,1.0,"""[0.000439643859863",0.000473976135253,0.000497817993164,0.0005159378051750001,0.0005350112915030001,0.0005521774291990001,0.000569343566894,0.0005989074707030001,0.000645637512207,0.0007715225219720001," 0.0067138671875]""",0.006721496582031,0.0006141662597650001,4.280637264251709,0.023790143430233,0.005142211914062,0.0008249282836910001,0.0036888122558590003,0.003684997558593,0.508217592592592,0.5083333333333331,0.00011574074074
1102692231181,110269223118,1,0,4649736361,1.0,"""[0.00039291381835900003",0.00044441223144500003,0.000464439392089,0.000483512878417,0.000501632690429,0.000519752502441,0.0005416870117180001,0.000566482543945,0.000605583190917,0.0006942749023430001," 0.0036430358886710003]""",0.0036430358886710003,0.0005655288696280001,4.436469554901123,0.022660925984382,0.005142211914062,0.0008239746093750001,0.0036964416503900005,0.003684997558593,0.502893518518518,0.503009259259259,0.00011574074074
1102692231181,110269223118,1,0,4649736361,1.0,"""[0.00038528442382800005",0.000442504882812,0.000464439392089,0.00048732757568300004,0.0005149841308590001,0.000542640686035,0.00057029724121,0.000604629516601,0.0006599426269530001,0.0007467269897460001," 0.022491455078125003]""",0.022491455078125003,0.0008382797241210001,2.375083923339843,0.011021205224096001,0.005142211914062,0.0008239746093750001,0.0036964416503900005,0.0036926269531250004,0.50324074074074,0.503356481481481,0.00011574074074
1102692231181,110269223118,1,0,4649736361,0.996666669845581,"""[0.000410079956054",0.00044918060302700006,0.00046920776367100005,0.00048828124999999995,0.000506401062011,0.000523567199707,0.00054931640625,0.000581741333007,0.0006437301635740001,0.0007362365722650001," 0.002979278564453]""",0.002983093261718,0.00057315826416,4.713583469390869,0.024388633668422,0.005142211914062,0.0008239746093750001,0.0036735534667960003,0.003669738769531,0.501736111111111,0.501851851851851,0.00011574074074
1102692231181,110269223118,1,0,4649736361,0.9933333396911621,"""[0.00046825408935500005",0.0005226135253900001,0.00054931640625,0.00057315826416,0.000593185424804,0.000612258911132,0.0006370544433590001,0.0006637573242180001,0.0006990432739250001,0.0007972717285150001," 0.016998291015625]""",0.016998291015625,0.000891685485839,4.375201225280761,0.024332659319043003,0.005142211914062,0.0008249282836910001,0.0036926269531250004,0.0036888122558590003,0.5076388888888881,0.507754629629629,0.00011574074074
1102692231181,110269223118,1,0,4649736361,1.0,"""[0.00042915344238200005",0.00045394897460900003,0.00047111511230400006,0.00048828124999999995,0.0005044937133780001,0.0005216598510740001,0.0005407333374020001,0.000562667846679,0.0006017684936520001,0.000761032104492," 0.014312744140625002]""",0.014328002929687,0.000774383544921,4.280637264251709,0.023790143430233,0.005142211914062,0.0008249282836910001,0.0036888122558590003,0.003684997558593,0.5081018518518511,0.508217592592592,0.00011574074074
1102692231181,110269223118,1,0,4649736361,1.0,"""[0.000440597534179",0.000489234924316,0.000508308410644,0.0005264282226560001,0.000543594360351,0.000560760498046,0.000578880310058,0.0006017684936520001,0.000638961791992,0.0007247924804680001," 0.002632141113281]""",0.002632141113281,0.0005941390991210001,4.700981616973877,0.026392953470349003,0.005142211914062,0.0008249282836910001,0.0036888122558590003,0.003684997558593,0.5083333333333331,0.508449074074074,0.00011574074074
1102692231181,110269223118,1,0,4649736361,1.0,"""[0.00041770935058500004",0.00045490264892500003,0.00047969818115200006,0.0004959106445310001,0.0005102157592770001,0.000524520874023,0.000543594360351,0.0005645751953120001,0.00059700012207,0.000651359558105," 0.003055572509765]""",0.003055572509765,0.00055980682373,4.390233039855957,0.024346407502889002,0.005142211914062,0.0008249282836910001,0.0037078857421870004,0.003700256347656,0.504513888888888,0.504629629629629,0.00011574074074
1102692231181,110269223118,1,0,4649736361,1.0,"""[0.000370979309082",0.00045013427734300006,0.00047874450683500004,0.000497817993164,0.000514030456542,0.000531196594238,0.0005531311035150001,0.0005760192871090001,0.000612258911132,0.000713348388671," 0.003650665283203]""",0.0036430358886710003,0.000580787658691,4.827183723449707,0.027174407616257,0.005142211914062,0.0008249282836910001,0.0036888122558590003,0.003684997558593,0.508449074074074,0.5085648148148141,0.00011574074074
1102692231181,110269223118,1,0,4649736361,0.996666669845581,"""[0.00042724609375",0.0005025863647460001,0.00053596496582,0.000561714172363,0.0005836486816400001,0.0006027221679680001,0.0006246566772460001,0.0006570816040030001,0.0007028579711910001,0.00078010559082," 0.002723693847656]""",0.0030174255371090003,0.0006437301635740001,3.310464143753051,0.015757029876112,0.005142211914062,0.0008249282836910001,0.0036888122558590003,0.003684997558593,0.5067129629629631,0.506828703703703,0.00011574074074
1102692231181,110269223118,1,0,4649736361,1.0,"""[0.000411033630371",0.00044631958007800005,0.00046825408935500005,0.00048828124999999995,0.000506401062011,0.000523567199707,0.000543594360351,0.0005636215209960001,0.0005989074707030001,0.0007219314575190001," 0.002632141113281]""",0.003314971923828,0.000566482543945,4.928988933563232,0.026612628251314004,0.005142211914062,0.0008249282836910001,0.0037040710449210003,0.003700256347656,0.5050925925925921,0.505208333333333,0.00011574074074
1102692231181,110269223118,1,0,4649736361,1.0,"""[0.00042629241943300004",0.000481605529785,0.000505447387695,0.0005273818969720001,0.0005455017089840001,0.0005636215209960001,0.000584602355957,0.000608444213867,0.000651359558105,0.0007829666137690001," 0.01995849609375]""",0.01995849609375,0.000828742980957,4.767613887786865,0.027487184852361003,0.005142211914062,0.0008249282836910001,0.0036926269531250004,0.003684997558593,0.5071759259259261,0.507291666666666,0.00011574074074
1102692231181,110269223118,1,0,4649736361,1.0,"""[0.00046730041503900005",0.000508308410644,0.0005350112915030001,0.0005521774291990001,0.00057029724121,0.000590324401855,0.000611305236816,0.000640869140625,0.000682830810546,0.0007667541503900001," 0.003868103027343]""",0.0038604736328120004,0.0006322860717770001,3.809923410415649,0.021080359816551,0.005142211914062,0.0008249282836910001,0.0036926269531250004,0.003684997558593,0.5074074074074071,0.507523148148148,0.00011574074074
1102692231181,110269223118,1,0,4649736361,0.996666669845581,"""[0.00041675567626900005",0.0004911422729490001,0.00050926208496,0.000528335571289,0.000542640686035,0.0005569458007810001,0.0005712509155270001,0.0005998611450190001,0.0006437301635740001,0.0007972717285150001," 0.016571044921875]""",0.016571044921875,0.000725746154785,4.294555187225341,0.022003069519996,0.005142211914062,0.0008239746093750001,0.0037040710449210003,0.0036964416503900005,0.504166666666666,0.504282407407407,0.00011574074074
1102692231181,110269223118,1,0,4649736361,1.0,"""[0.000391006469726",0.00045013427734300006,0.00047874450683500004,0.0005035400390620001,0.000528335571289,0.0005521774291990001,0.0005760192871090001,0.000605583190917,0.0006599426269530001,0.000792503356933," 0.017974853515625]""",0.017974853515625,0.0008144378662100001,3.8386213779449463,0.019514273852109,0.005142211914062,0.0008239746093750001,0.0036773681640620004,0.003669738769531,0.502314814814814,0.502430555555555,0.00011574074074
1102692231181,110269223118,1,0,4649736361,1.0,"""[0.00040817260742100005",0.00045871734619100005,0.00048065185546800006,0.0004959106445310001,0.00050926208496,0.0005216598510740001,0.000539779663085,0.000561714172363,0.0005941390991210001,0.000653266906738," 0.0020256042480460003]""",0.002021789550781,0.0005531311035150001,4.6441011428833,0.023794619366526003,0.005142211914062,0.0008249282836910001,0.003711700439453,0.003711700439453,0.5062500000000001,0.50636574074074,0.00011574074074
1102692231181,110269223118,1,0,4649736361,1.0,"""[0.00039005279541",0.00045585632324200004,0.000490188598632,0.000524520874023,0.000551223754882,0.000578880310058,0.000615119934082,0.000666618347167,0.0007247924804680001,0.000859260559082," 0.0050048828125]""",0.005012512207031,0.0006618499755850001,4.126673698425293,0.021588779985904003,0.005142211914062,0.0008239746093750001,0.0036468505859370004,0.0036430358886710003,0.500578703703703,0.500694444444444,0.00011574074074
1102692231181,110269223118,1,0,4649736361,1.0,"""[0.00047111511230400006",0.0005264282226560001,0.000548362731933,0.000568389892578,0.000586509704589,0.000603675842285,0.0006246566772460001,0.000654220581054,0.00069522857666,0.0007781982421870001," 0.003162384033203]""",0.003162384033203,0.000647544860839,4.918182373046875,0.025543881580233,0.005142211914062,0.0008239746093750001,0.003650665283203,0.0036430358886710003,0.500694444444444,0.500810185185185,0.00011574074074
1102692231181,110269223118,1,0,4649736361,1.0,"""[0.00037384033203100004",0.00045394897460900003,0.00048732757568300004,0.000506401062011,0.0005264282226560001,0.000551223754882,0.000577926635742,0.000604629516601,0.000641822814941,0.000730514526367," 0.002044677734375]""",0.002044677734375,0.0005769729614250001,4.827183723449707,0.027174407616257,0.005142211914062,0.0008249282836910001,0.0036888122558590003,0.003684997558593,0.508680555555555,0.5087962962962961,0.00011574074074
1102692231181,110269223118,1,0,4649736361,1.0,"""[0.000399589538574",0.00046920776367100005,0.000494956970214,0.000513076782226,0.000531196594238,0.000555038452148,0.000578880310058,0.000608444213867,0.0006484985351560001,0.000726699829101," 0.00445556640625]""",0.004463195800781,0.0005989074707030001,4.944955348968505,0.028673576191067,0.005142211914062,0.0008249282836910001,0.0036926269531250004,0.003684997558593,0.506828703703703,0.5069444444444441,0.00011574074074
1102692231181,110269223118,1,0,4649736361,1.0,"""[0.00041389465332000003",0.000452041625976,0.00047111511230400006,0.000489234924316,0.0005035400390620001,0.000518798828125,0.000537872314453,0.000566482543945,0.0006132125854490001,0.000682830810546," 0.006332397460937]""",0.006340026855468001,0.0005760192871090001,2.810365676879882,0.012639031745493001,0.005142211914062,0.0008249282836910001,0.003730773925781,0.0037269592285150005,0.508912037037037,0.5090277777777771,0.00011574074074
1102692231181,110269223118,1,0,4649736361,1.0,"""[0.00041484832763600003",0.000464439392089,0.000489234924316,0.000507354736328,0.000525474548339,0.000544548034667,0.0005636215209960001,0.0005884170532220001,0.000622749328613,0.0007410049438470001," 0.021697998046875]""",0.021697998046875,0.0008382797241210001,5.034701824188232,0.027372810989618003,0.005142211914062,0.0008249282836910001,0.00372314453125,0.0037040710449210003,0.505208333333333,0.5053240740740741,0.00011574074074
1102692231181,110269223118,1,0,4649736361,1.0,"""[0.000513076782226",0.0005941390991210001,0.000627517700195,0.000654220581054,0.000676155090332,0.000696182250976,0.000720024108886,0.000745773315429,0.0007905960083000001,0.0009355545043940001," 0.003040313720703]""",0.003620147705078,0.0007467269897460001,4.206047058105468,0.022953785955905002,0.005142211914062,0.0008249282836910001,0.0037078857421870004,0.0037040710449210003,0.5055555555555551,0.505671296296296,0.00011574074074
1102692231181,110269223118,1,0,4649736361,1.0,"""[0.000431060791015",0.00047779083251900005,0.000500679016113,0.000519752502441,0.000538825988769,0.0005578994750970001,0.000579833984375,0.0006103515625,0.0006599426269530001,0.0007553100585930001," 0.00457763671875]""",0.00457763671875,0.000615119934082,3.267148494720459,0.015931103378534,0.005142211914062,0.0008249282836910001,0.003730773925781,0.0036964416503900005,0.5087962962962961,0.508912037037037,0.00011574074074
1102692231181,110269223118,1,0,4649736361,1.0,"""[0.00043487548828100004",0.00047683715820300005,0.0005025863647460001,0.0005264282226560001,0.000550270080566,0.00057315826416,0.000597953796386,0.0006256103515620001,0.0006599426269530001,0.000743865966796," 0.004951477050781]""",0.0024223327636710003,0.0006017684936520001,4.944955348968505,0.028673576191067,0.005142211914062,0.0008249282836910001,0.003684997558593,0.003684997558593,0.5069444444444441,0.507060185185185,0.00011574074074
1102692231181,110269223118,1,0,4649736361,1.0,"""[0.000483512878417",0.00055980682373,0.000591278076171,0.000617027282714,0.0006370544433590001,0.0006570816040030001,0.000684738159179,0.0007162094116210001,0.0007514953613280001,0.0008382797241210001," 0.01983642578125]""",0.0196533203125,0.0008277893066400001,4.588414192199707,0.021805506199598,0.005142211914062,0.0008239746093750001,0.0036735534667960003,0.003669738769531,0.501388888888888,0.501504629629629,0.00011574074074
1102692231181,110269223118,1,0,4649736361,1.0,"""[0.000409126281738",0.00045394897460900003,0.00047969818115200006,0.000499725341796,0.000517845153808,0.000538825988769,0.000560760498046,0.000591278076171,0.0006332397460930001,0.0007238388061520001," 0.004371643066406]""",0.004371643066406,0.0005884170532220001,5.034701824188232,0.027372810989618003,0.005142211914062,0.0008249282836910001,0.0037078857421870004,0.0037040710449210003,0.5053240740740741,0.505439814814814,0.00011574074074
1102692231181,110269223118,1,0,4649736361,1.0,"""[0.00043582916259700004",0.000538825988769,0.0005760192871090001,0.000597953796386,0.0006189346313470001,0.000641822814941,0.000665664672851,0.000697135925292,0.000737190246582,0.0008573532104490001," 0.0024528503417960003]""",0.0024566650390620004,0.00068187713623,4.709404945373535,0.024302400648593,0.005142211914062,0.0008239746093750001,0.0036735534667960003,0.003669738769531,0.501504629629629,0.50162037037037,0.00011574074074
1102692231181,110269223118,1,0,4649736361,1.0,"""[0.000441551208496",0.0004959106445310001,0.000524520874023,0.000544548034667,0.0005645751953120001,0.0005836486816400001,0.000603675842285,0.000627517700195,0.000664710998535,0.000749588012695," 0.0033721923828120004]""",0.003376007080078,0.0006265640258780001,3.9408504962921143,0.021539553999900003,0.005142211914062,0.0008249282836910001,0.003711700439453,0.0037040710449210003,0.5057870370370371,0.505902777777777,0.00011574074074
1102692231181,110269223118,1,0,4649736361,1.0,"""[0.00042629241943300004",0.000464439392089,0.000490188598632,0.000505447387695,0.000520706176757,0.000538825988769,0.0005578994750970001,0.0005826950073240001,0.0006294250488280001,0.000737190246582," 0.001796722412109]""",0.001789093017578,0.000574111938476,4.375201225280761,0.024332659319043003,0.005142211914062,0.0008249282836910001,0.0036926269531250004,0.003684997558593,0.5078703703703701,0.507986111111111,0.00011574074074
1102692231181,110269223118,1,0,4649736361,1.0,"""[0.00041866302490200006",0.000464439392089,0.000489234924316,0.000501632690429,0.000514030456542,0.0005264282226560001,0.000548362731933,0.00057029724121,0.000611305236816,0.000773429870605," 0.005546569824218001]""",0.005546569824218001,0.0005998611450190001,4.287218570709228,0.021823391318321003,0.005142211914062,0.0008239746093750001,0.003700256347656,0.0036964416503900005,0.504050925925925,0.504166666666666,0.00011574074074
1102692231181,110269223118,1,0,4649736361,1.0,"""[0.00039005279541",0.00041675567626900005,0.000439643859863,0.00045585632324200004,0.000472068786621,0.0004911422729490001,0.0005149841308590001,0.000542640686035,0.000585556030273,0.000699996948242," 0.017608642578125]""",0.01763916015625,0.000761032104492,3.895190715789794,0.020432079210877002,0.005142211914062,0.0008239746093750001,0.003639221191406,0.00363540649414,0.500347222222222,0.500462962962963,0.00011574074074
1102692231181,110269223118,1,0,4649736361,1.0,"""[0.000378608703613",0.00042533874511700004,0.00044918060302700006,0.00046634674072200004,0.000483512878417,0.000501632690429,0.000519752502441,0.0005455017089840001,0.000584602355957,0.0006742477416990001," 0.013473510742187]""",0.013473510742187,0.000635147094726,4.390233039855957,0.024346407502889002,0.005142211914062,0.0008239746093750001,0.003700256347656,0.0036964416503900005,0.504282407407407,0.504398148148148,0.00011574074074
1102692231181,110269223118,1,0,4649736361,1.0,"""[0.00036525726318300004",0.00042438507080000003,0.00044918060302700006,0.00046634674072200004,0.000482559204101,0.000505447387695,0.000529289245605,0.000555038452148,0.000591278076171,0.000712394714355," 0.004539489746093001]""",0.005294799804687,0.000551223754882,3.895190715789794,0.020432079210877002,0.005142211914062,0.0008239746093750001,0.0036468505859370004,0.003639221191406,0.500462962962963,0.500578703703703,0.00011574074074
1102692231181,110269223118,1,0,4649736361,1.0,"""[0.000402450561523",0.000452995300292,0.000472068786621,0.000490188598632,0.000506401062011,0.000523567199707,0.000547409057617,0.000575065612792,0.0006103515625,0.0007047653198240001," 0.0026817321777340003]""",0.002677917480468,0.000568389892578,4.390233039855957,0.024346407502889002,0.005142211914062,0.0008239746093750001,0.003700256347656,0.0036964416503900005,0.504398148148148,0.504513888888888,0.00011574074074
1102692231181,110269223118,1,0,4649736361,1.0,"""[0.00045585632324200004",0.0005035400390620001,0.0005331039428710001,0.000551223754882,0.000569343566894,0.000591278076171,0.0006141662597650001,0.000642776489257,0.0006866455078120001,0.000788688659667," 0.001976013183593]""",0.0032501220703120004,0.000628471374511,4.877297401428222,0.02508039958775,0.005142211914062,0.0008239746093750001,0.0036735534667960003,0.003669738769531,0.500925925925925,0.501041666666666,0.00011574074074
1102692231181,110269223118,1,0,4649736361,1.0,"""[0.000490188598632",0.000555992126464,0.0005836486816400001,0.000604629516601,0.0006265640258780001,0.000650405883789,0.0006742477416990001,0.0006990432739250001,0.0007333755493160001,0.0008583068847650001," 0.006553649902343001]""",0.006561279296875001,0.0007038116455070001,5.034701824188232,0.027372810989618003,0.005142211914062,0.0008249282836910001,0.0037078857421870004,0.0037040710449210003,0.505439814814814,0.5055555555555551,0.00011574074074
1102692231181,110269223118,1,0,4649736361,1.0,"""[0.000431060791015",0.00048637390136700004,0.00051212310791,0.00053596496582,0.000555992126464,0.0005769729614250001,0.0006017684936520001,0.0006322860717770001,0.000678062438964,0.0007848739624020001," 0.005348205566406]""",0.005348205566406,0.000635147094726,3.809923410415649,0.021080359816551,0.005142211914062,0.0008249282836910001,0.0036926269531250004,0.0036888122558590003,0.507523148148148,0.5076388888888881,0.00011574074074
1102692231181,110269223118,1,0,4649736361,1.0,"""[0.000433921813964",0.0005331039428710001,0.00057315826416,0.000591278076171,0.000609397888183,0.0006303787231440001,0.000653266906738,0.000680923461914,0.0007171630859370001,0.0008506774902340001," 0.00290298461914]""",0.0028953552246090003,0.00067138671875,4.261528491973877,0.022567847743630003,0.005142211914062,0.0008249282836910001,0.003711700439453,0.0037078857421870004,0.5060185185185181,0.506134259259259,0.00011574074074
1102692231181,110269223118,1,0,4649736361,1.0,"""[0.000409126281738",0.00044918060302700006,0.000473022460937,0.000493049621582,0.00050926208496,0.0005264282226560001,0.000547409057617,0.000569343566894,0.000603675842285,0.000713348388671," 0.002277374267578]""",0.002277374267578,0.0005760192871090001,3.824398279190063,0.018586844205856,0.005142211914062,0.0008249282836910001,0.003711700439453,0.0037078857421870004,0.50636574074074,0.5064814814814811,0.00011574074074
1102692231181,110269223118,1,0,4649736361,1.0,"""[0.00038623809814400005",0.00046920776367100005,0.00049877166748,0.000519752502441,0.000543594360351,0.000568389892578,0.000591278076171,0.0006141662597650001,0.000658988952636,0.000769615173339," 0.004096984863281]""",0.004096984863281,0.0006103515625,4.720293045043945,0.024851189926266,0.005142211914062,0.0008239746093750001,0.003681182861328,0.0036735534667960003,0.502662037037037,0.502777777777777,0.00011574074074
1102692231181,110269223118,1,0,4649736361,1.0,"""[0.00043678283691400005",0.00049877166748,0.000524520874023,0.000542640686035,0.00055980682373,0.0005769729614250001,0.00059700012207,0.0006179809570310001,0.000650405883789,0.0007362365722650001," 0.002777099609375]""",0.002777099609375,0.000617027282714,4.548320770263671,0.023875234648585,0.005142211914062,0.0008249282836910001,0.0037040710449210003,0.003700256347656,0.5048611111111111,0.504976851851851,0.00011574074074
1102692231181,110269223118,1,0,4649736361,1.0,"""[0.000464439392089",0.000532150268554,0.000561714172363,0.0005884170532220001,0.000612258911132,0.0006380081176750001,0.000664710998535,0.0006933212280270001,0.0007352828979490001,0.000830650329589," 0.0023956298828120004]""",0.002399444580078,0.000669479370117,4.588414192199707,0.021805506199598,0.005142211914062,0.0008239746093750001,0.0036735534667960003,0.003669738769531,0.501157407407407,0.501273148148148,0.00011574074074
1102692231181,110269223118,1,0,4649736361,1.0,"""[0.00044631958007800005",0.000516891479492,0.000543594360351,0.0005655288696280001,0.0005836486816400001,0.0006008148193350001,0.0006189346313470001,0.000653266906738,0.000699996948242,0.000774383544921," 0.0028953552246090003]""",0.004951477050781,0.0006484985351560001,4.944955348968505,0.028673576191067,0.005142211914062,0.0008249282836910001,0.0036888122558590003,0.003684997558593,0.507060185185185,0.5071759259259261,0.00011574074074
1102692231181,110269223118,1,0,4649736361,1.0,"""[0.000409126281738",0.00045680999755800004,0.00048446655273400003,0.000501632690429,0.000518798828125,0.000537872314453,0.000558853149414,0.000585556030273,0.000627517700195,0.000715255737304," 0.002288818359375]""",0.0022850036621090003,0.000575065612792,4.2226243019104,0.025240892544388,0.005142211914062,0.0008249282836910001,0.0037345886230460003,0.0037269592285150005,0.509375,0.5094907407407401,0.00011574074074
1102692231181,110269223118,1,0,4649736361,1.0,"""[0.00038623809814400005",0.00045776367187500005,0.0004968643188470001,0.000532150268554,0.000562667846679,0.000590324401855,0.0006189346313470001,0.000650405883789,0.0007028579711910001,0.0008277893066400001," 0.0016536712646480001]""",0.00166893005371,0.0006256103515620001,5.227256298065185,0.027340298518538003,0.005142211914062,0.0008239746093750001,0.0036964416503900005,0.0036926269531250004,0.503587962962962,0.503703703703703,0.00011574074074
1102692231181,110269223118,1,0,4649736361,1.0,"""[0.00039386749267500003",0.00044918060302700006,0.000472068786621,0.0004911422729490001,0.000505447387695,0.000519752502441,0.000539779663085,0.000567436218261,0.00062084197998,0.000768661499023," 0.014129638671875002]""",0.014129638671875002,0.0007705688476560001,2.77213716506958,0.012368459254503,0.005142211914062,0.0008239746093750001,0.0036773681640620004,0.003669738769531,0.501851851851851,0.501967592592592,0.00011574074074
