UniqJobId,collection_id,instance_index,priority,machine_id,sample_rate,cpu_usage_distribution1,cpu_usage_distribution2,cpu_usage_distribution3,cpu_usage_distribution4,cpu_usage_distribution5,cpu_usage_distribution6,cpu_usage_distribution7,cpu_usage_distribution8,cpu_usage_distribution9,cpu_usage_distribution10,cpu_usage_distribution11,max_cpu,avg_cpu,cycles_per_instruction,memory_accesses_per_instruction,assigned_memory,page_cache_memory,max_memory,avg_memory,start_time,end_time,time_window
1252467962680,125246796268,0,0,21218150,1.0,"""[0",0.0,0.0,0.0,0.0,0.0,0.0,0.0,0.0,0.0," 0]""",0.00021076202392500003,7.05718994140625e-05,0.0,0.0,0.01483154296875,0.00014114379882800002,9.822845458984376e-05,9.727478027343751e-05,0.5075030864197531,0.5075042438271601,1.157407407407407e-06
1252467962680,125246796268,0,0,21218150,1.0,"""[0",0.0,0.0,0.0,0.0,0.0,0.0,0.0,0.0,0.0,"0]""",0.0,0.0,0.0,0.0,0.014114379882812,0.0,9.5367431640625e-07,9.5367431640625e-07,0.50772762345679,0.5077280092592591,3.858024691358024e-07
1252467962680,125246796268,0,0,375996971379,1.0,"""[2.2888183593750003e-05",2.4795532226562503e-05,2.7656555175781253e-05,2.9563903808593753e-05,3.24249267578125e-05,3.528594970703125e-05,3.719329833984375e-05,4.00543212890625e-05,4.196166992187501e-05,5.435943603515626e-05," 0.00032234191894500003]""",0.000205039978027,3.62396240234375e-05,0.0,0.0,0.01483154296875,0.000124931335449,0.000191688537597,0.00018978118896400002,0.5094907407407401,0.509532793209876,4.205246913580246e-05
1252467962680,125246796268,0,0,21218150,1.0,"""[1.621246337890625e-05",1.621246337890625e-05,1.621246337890625e-05,1.621246337890625e-05,1.621246337890625e-05,1.621246337890625e-05,1.621246337890625e-05,1.621246337890625e-05,1.621246337890625e-05,1.621246337890625e-05," 1.621246337890625e-05]""",0.0,0.0,0.0,0.0,0.014114379882812,0.0,9.5367431640625e-07,9.5367431640625e-07,0.5073317901234561,0.507332175925925,3.858024691358024e-07
1252467962680,125246796268,0,0,21218150,1.0,"""[0",0.0,0.0,0.0,0.0,0.0,0.0,0.0,0.0,0.0," 0]""",0.00022315979003900002,5.531311035156251e-05,0.0,0.0,0.01483154296875,1.0490417480468752e-05,1.2397766113281252e-05,1.2397766113281252e-05,0.507670138888888,0.507671682098765,1.5432098765432092e-06
1252467962680,125246796268,0,0,375996971379,1.0,"""[2.7656555175781253e-05",2.7656555175781253e-05,2.7656555175781253e-05,2.7656555175781253e-05,2.7656555175781253e-05,2.7656555175781253e-05,2.7656555175781253e-05,2.7656555175781253e-05,2.7656555175781253e-05,2.7656555175781253e-05," 2.7656555175781253e-05]""",0.0,0.0,0.0,0.0,0.014114379882812,0.0,9.5367431640625e-07,9.5367431640625e-07,0.509270833333333,0.5092712191358021,3.858024691358024e-07
1252467962680,125246796268,0,0,21218150,1.0,"""[1.9073486328125e-06",1.9073486328125e-06,1.9073486328125e-06,1.9073486328125e-06,1.9073486328125e-06,1.9073486328125e-06,1.9073486328125e-06,1.9073486328125e-06,1.9073486328125e-06,1.9073486328125e-06," 1.9073486328125e-06]""",0.0,0.0,0.0,0.0,0.01483154296875,0.00014114379882800002,9.727478027343751e-05,9.727478027343751e-05,0.5075042438271601,0.5075046296296291,3.858024691358024e-07
1252467962680,125246796268,0,0,21218150,1.0,"""[9.5367431640625e-07",9.5367431640625e-07,9.5367431640625e-07,9.5367431640625e-07,9.5367431640625e-07,9.5367431640625e-07,9.5367431640625e-07,9.5367431640625e-07,9.5367431640625e-07,9.5367431640625e-07," 9.5367431640625e-07]""",0.0,0.0,0.0,0.0,0.01483154296875,1.9073486328125e-06,6.67572021484375e-06,6.67572021484375e-06,0.5075590277777771,0.507559413580246,3.858024691358024e-07
1252467962680,125246796268,0,0,375996971379,1.0,"""[0",0.0,0.0,0.0,0.0,0.0,0.0,0.0,0.0,0.0," 0]""",0.00030326843261700004,7.534027099609375e-05,0.0,0.0,0.01483154296875,0.000130653381347,0.00013637542724600002,0.00013637542724600002,0.5094270833333331,0.5094286265432091,1.5432098765432092e-06
1252467962680,125246796268,0,0,375996971379,1.0,"""[0",0.0,0.0,0.0,0.0,1.3351440429687502e-05,2.5749206542968753e-05,2.5749206542968753e-05,2.5749206542968753e-05,2.5749206542968753e-05," 2.5749206542968753e-05]""",0.0,0.0,0.0,0.0,0.014114379882812,0.0,9.5367431640625e-07,9.5367431640625e-07,0.509533564814814,0.509533950617283,3.858024691358024e-07
1252467962680,125246796268,0,0,92035225968,1.0,"""[0",0.0,0.0,0.0,0.0,0.0,0.0,0.0,0.0,0.0,"0]""",0.0,0.0,0.0,0.0,0.014114379882812,0.0,9.5367431640625e-07,9.5367431640625e-07,0.501706404320987,0.5017067901234561,3.858024691358024e-07
1252467962680,125246796268,0,0,1578782184,1.0,"""[4.291534423828126e-05",4.291534423828126e-05,4.291534423828126e-05,0.00014114379882800002,0.00015830993652300002,0.0030822753906250004,0.006019592285156,0.006057739257812,0.007369995117187,0.007369995117187," 0.007369995117187]""",0.007461547851562,0.003364562988281,0.0,0.0,0.014114379882812,1.2397766113281252e-05,0.0032043457031250004,0.001459121704101,0.5063348765432091,0.5063364197530861,1.5432098765432092e-06
1252467962680,125246796268,0,0,21218150,1.0,"""[0",0.0,0.0,0.0,0.0,0.0,0.0,0.0,0.0,0.0," 0]""",0.000205039978027,6.866455078125e-05,0.0,0.0,0.01483154296875,0.00013256072998000002,0.000123023986816,0.000123023986816,0.507948688271604,0.507949845679012,1.157407407407407e-06
1252467962680,125246796268,0,0,375996971379,1.0,"""[0",0.0,0.0,0.0,0.0,1.4305114746093752e-05,2.9563903808593753e-05,2.9563903808593753e-05,2.9563903808593753e-05,2.9563903808593753e-05," 2.9563903808593753e-05]""",0.0,0.0,0.0,0.0,0.014114379882812,0.0,9.5367431640625e-07,9.5367431640625e-07,0.509373842592592,0.5093742283950611,3.858024691358024e-07
1252467962680,125246796268,0,0,21218150,1.0,"""[0",6.67572021484375e-06,1.3351440429687502e-05,2.002716064453125e-05,2.6702880859375003e-05,3.4332275390625e-05,4.100799560546875e-05,5.722045898437501e-05,8.392333984375001e-05,0.003952026367187," 0.007965087890625]""",0.007965087890625,0.0007839202880850001,0.0,0.0,0.0147705078125,0.000128746032714,0.013626098632812,0.0013580322265620002,0.507671296296296,0.5077268518518511,5.555555555555556e-05
1252467962680,125246796268,0,0,1578989065,1.0,"""[2.0980834960937503e-05",4.386901855468751e-05,8.773803710937501e-05,0.00041866302490200006,0.0007486343383780001,0.0020256042480460003,0.003608703613281,0.005943298339843001,0.006584167480468001,0.007591247558593001," 0.009109497070312]""",0.009185791015625,0.0030174255371090003,0.0,0.0,0.014617919921875002,0.000113487243652,0.013641357421875002,0.007110595703125001,0.5051350308641971,0.505143132716049,8.10185185185185e-06
1252467962680,125246796268,0,0,21218150,1.0,"""[0",0.0,0.0,0.0,0.0,7.62939453125e-06,1.52587890625e-05,1.52587890625e-05,1.52587890625e-05,1.52587890625e-05," 1.52587890625e-05]""",0.0,0.0,0.0,0.0,0.014114379882812,0.0,9.5367431640625e-07,9.5367431640625e-07,0.507503472222222,0.507503858024691,3.858024691358024e-07
1252467962680,125246796268,0,0,21218150,1.0,"""[0",0.0,0.0,0.0,0.0,0.0,0.0,0.0,0.0,0.0," 0]""",0.0,0.0,0.0,0.0,0.014114379882812,0.0,9.5367431640625e-07,9.5367431640625e-07,0.50761574074074,0.5076161265432091,3.858024691358024e-07
1252467962680,125246796268,0,0,21218150,1.0,"""[0",0.0,0.0,0.0,0.0,0.0,0.0,0.0,0.0,0.0," 0]""",0.00021839141845700002,3.62396240234375e-05,0.0,0.0,0.01483154296875,9.5367431640625e-06,1.4305114746093752e-05,1.4305114746093752e-05,0.507783179012345,0.5077854938271601,2.314814814814814e-06
1252467962680,125246796268,0,0,21218150,1.0,"""[0",0.0,0.0,0.0,0.0,0.0,0.0,0.0,0.0,0.0," 0]""",0.00024032592773400003,8.0108642578125e-05,0.0,0.0,0.01483154296875,9.5367431640625e-07,5.7220458984375e-06,5.7220458984375e-06,0.507893518518518,0.5078946759259261,1.157407407407407e-06
1252467962680,125246796268,0,0,21218150,1.0,"""[0",0.0,0.0,0.0,8.58306884765625e-06,2.1934509277343753e-05,3.528594970703125e-05,0.0001802444458,0.0001802444458,0.0001802444458," 0.0001802444458]""",0.000186920166015,7.05718994140625e-05,0.0,0.0,0.01483154296875,0.000128746032714,0.000124931335449,0.000124931335449,0.507838348765432,0.507839506172839,1.157407407407407e-06
1252467962680,125246796268,0,0,375996971379,1.0,"""[0",6.67572021484375e-06,1.3351440429687502e-05,2.002716064453125e-05,2.7656555175781253e-05,3.4332275390625e-05,4.100799560546875e-05,5.817413330078126e-05,8.296966552734376e-05,0.00037384033203100004," 0.008941650390625]""",0.008941650390625,0.000537872314453,0.0,0.0,0.014801025390625002,0.000126838684082,0.013687133789062,0.0014667510986320002,0.509162037037037,0.5092168209876541,5.4783950617283953e-05
1252467962680,125246796268,0,0,21305997,1.0,"""[0",0.0,0.0,0.0,0.0,0.0,0.0,0.0,0.0,0.0," 0]""",0.000266075134277,2.8610229492187503e-05,0.0,0.0,0.01483154296875,0.000128746032714,0.000139236450195,0.00013828277587800002,0.5048387345679011,0.5048414351851851,2.7006172839506168e-06
1252467962680,125246796268,0,0,1578782184,1.0,"""[0",1.2397766113281252e-05,2.8610229492187503e-05,4.577636718750001e-05,8.487701416015626e-05,0.000205039978027,0.0016460418701170001,0.003822326660156,0.007675170898437,0.00799560546875," 0.008224487304687]""",0.008209228515625,0.002632141113281,0.0,0.0,0.014663696289062,0.00012016296386700001,0.013626098632812,0.004196166992187,0.506316358024691,0.506332947530864,1.6589506172839503e-05
1252467962680,125246796268,0,0,21400972,1.0,"""[0",0.0,0.0,0.0,0.0,5.7220458984375e-06,1.1444091796875002e-05,1.1444091796875002e-05,1.1444091796875002e-05,1.1444091796875002e-05," 1.1444091796875002e-05]""",0.0,0.0,0.0,0.0,0.014114379882812,0.0,9.5367431640625e-07,9.5367431640625e-07,0.506397376543209,0.506398148148148,7.716049382716048e-07
1252467962680,125246796268,0,0,21247078,1.0,"""[0",0.0,0.0,0.0,0.0,0.0,0.0,0.0,0.0,0.0,"0]""",0.0,0.0,0.0,0.0,0.014114379882812,0.0,9.5367431640625e-07,9.5367431640625e-07,0.504351080246913,0.5043514660493821,3.858024691358024e-07
1252467962680,125246796268,0,0,21218150,1.0,"""[2.2888183593750003e-05",2.5749206542968753e-05,2.7656555175781253e-05,3.0517578125e-05,3.337860107421875e-05,3.528594970703125e-05,3.814697265625e-05,4.100799560546875e-05,4.291534423828126e-05,6.389617919921875e-05," 0.00019454956054600002]""",9.822845458984376e-05,3.337860107421875e-05,0.0,0.0,0.01483154296875,2.86102294921875e-06,6.4849853515625e-05,6.29425048828125e-05,0.5074074074074071,0.507443287037037,3.587962962962962e-05
1252467962680,125246796268,0,0,375996971379,1.0,"""[2.3841857910156253e-05",2.6702880859375003e-05,3.0517578125e-05,3.4332275390625e-05,3.814697265625e-05,4.196166992187501e-05,4.863739013671876e-05,6.29425048828125e-05,7.62939453125e-05,0.00014781951904200002," 0.008560180664062]""",0.008560180664062,0.00051212310791,0.0,0.0,0.014801025390625002,0.000129699707031,0.013687133789062,0.001214981079101,0.509375,0.5094270833333331,5.208333333333334e-05
1252467962680,125246796268,0,0,21218150,1.0,"""[0",0.0,0.0,0.0,0.0,0.0,0.0,0.0,0.0,0.0," 0]""",0.00021743774414,4.386901855468751e-05,0.0,0.0,0.01483154296875,0.00013160705566400002,0.000126838684082,0.000124931335449,0.5076145833333331,0.5076165123456791,1.929012345679012e-06
1252467962680,125246796268,0,0,21218150,1.0,"""[1.9073486328125e-05",2.2888183593750003e-05,2.6702880859375003e-05,2.9563903808593753e-05,3.337860107421875e-05,3.719329833984375e-05,4.100799560546875e-05,6.198883056640625e-05,0.0013198852539060002,0.006889343261718001," 0.008010864257812]""",0.008956909179687,0.00124168395996,0.0,0.0,0.014739990234375002,9.5367431640625e-07,0.013504028320312,0.001880645751953,0.507839506172839,0.5078703703703701,3.0864197530864205e-05
1252467962680,125246796268,0,0,21218150,1.0,"""[0",5.7220458984375e-06,1.1444091796875002e-05,1.811981201171875e-05,2.3841857910156253e-05,2.9563903808593753e-05,3.62396240234375e-05,4.196166992187501e-05,7.05718994140625e-05,0.004470825195312," 0.008041381835937]""",0.008041381835937,0.0008058547973630001,0.0,0.0,0.0147705078125,0.000128746032714,0.013641357421875002,0.00114631652832,0.5078946759259261,0.507948688271604,5.401234567901235e-05
1252467962680,125246796268,0,0,375996971379,1.0,"""[0.00069522857666",0.00069522857666,0.00069522857666,0.00069522857666,0.00069522857666,0.002246856689453,0.0037994384765620004,0.0037994384765620004,0.0037994384765620004,0.0037994384765620004," 0.0037994384765620004]""",0.004486083984375,0.002243041992187,0.0,0.0,0.014114379882812,9.5367431640625e-07,2.002716064453125e-05,1.0490417480468752e-05,0.5093742283950611,0.509375,7.716049382716048e-07
1252467962680,125246796268,0,0,21218150,1.0,"""[0",0.0,0.0,0.0,0.0,0.0,0.0,0.0,0.0,0.0," 0]""",0.0,0.0,0.0,0.0,0.014114379882812,0.0,9.5367431640625e-07,9.5367431640625e-07,0.5076709104938271,0.507671296296296,3.858024691358024e-07
1252467962680,125246796268,0,0,21218150,1.0,"""[2.002716064453125e-05",2.4795532226562503e-05,2.9563903808593753e-05,3.4332275390625e-05,3.910064697265625e-05,5.149841308593751e-05,0.00012016296386700001,0.005363464355468001,0.006324768066406,0.007965087890625," 0.008895874023437]""",0.008895874023437,0.002368927001953,0.0,0.0,0.014724731445312,2.86102294921875e-06,0.01348876953125,0.0027618408203120004,0.507389660493827,0.5074074074074071,1.774691358024691e-05
1252467962680,125246796268,0,0,375996971379,1.0,"""[9.5367431640625e-07",9.5367431640625e-07,9.5367431640625e-07,9.5367431640625e-07,9.5367431640625e-07,9.5367431640625e-07,9.5367431640625e-07,9.5367431640625e-07,9.5367431640625e-07,9.5367431640625e-07," 9.5367431640625e-07]""",0.0,0.0,0.0,0.0,0.01483154296875,0.000124931335449,0.000126838684082,0.000126838684082,0.509533950617283,0.509534336419753,3.858024691358024e-07
1252467962680,125246796268,0,0,77439656144,1.0,"""[0",0.0,0.0,0.0,0.0,0.0,0.0,0.0,0.0,0.0," 0]""",0.0,0.0,0.0,0.0,0.014114379882812,0.0,9.5367431640625e-07,9.5367431640625e-07,0.5040929783950611,0.504095293209876,2.314814814814814e-06
1252467962680,125246796268,0,0,376502897838,1.0,"""[1.9073486328125e-05",3.910064697265625e-05,0.000247001647949,0.000580787658691,0.00124168395996,0.0028381347656250004,0.005355834960937,0.006477355957031,0.007049560546875001,0.008880615234375," 0.0089111328125]""",0.01788330078125,0.004043579101562,0.0,0.0,0.014434814453125002,0.00010204315185500001,0.013687133789062,0.005043029785156,0.507082561728395,0.507089506172839,6.944444444444443e-06
1252467962680,125246796268,0,0,21400972,1.0,"""[9.5367431640625e-07",9.5367431640625e-07,9.5367431640625e-07,9.5367431640625e-07,9.5367431640625e-07,9.5367431640625e-07,9.5367431640625e-07,9.5367431640625e-07,9.5367431640625e-07,9.5367431640625e-07," 9.5367431640625e-07]""",0.0,0.0,0.0,0.0,0.01483154296875,0.000126838684082,0.000135421752929,0.000135421752929,0.506398148148148,0.5063985339506171,3.858024691358024e-07
1252467962680,125246796268,0,0,1578989065,1.0,"""[0",0.0,0.0,9.5367431640625e-07,2.86102294921875e-06,4.76837158203125e-06,6.67572021484375e-06,8.58306884765625e-06,9.5367431640625e-06,9.5367431640625e-06," 9.5367431640625e-06]""",0.0,0.0,0.0,0.0,0.014114379882812,0.0,9.5367431640625e-07,9.5367431640625e-07,0.505143904320987,0.505145061728395,1.157407407407407e-06
1252467962680,125246796268,0,0,102892982856,1.0,"""[0",0.0,0.0,0.0,0.0,0.0,0.0,0.0,0.0,0.0," 0]""",0.0,0.0,0.0,0.0,0.014114379882812,0.0,9.5367431640625e-07,9.5367431640625e-07,0.50447299382716,0.504473765432098,7.716049382716048e-07
1252467962680,125246796268,0,0,1578989065,1.0,"""[0",0.0,1.9073486328125e-06,8.58306884765625e-06,1.52587890625e-05,2.1934509277343753e-05,2.8610229492187503e-05,3.528594970703125e-05,4.196166992187501e-05,0.000152587890625," 0.000152587890625]""",0.000174522399902,3.528594970703125e-05,0.0,0.0,0.01483154296875,0.000126838684082,0.000134468078613,0.000134468078613,0.505143132716049,0.505145061728395,1.929012345679012e-06
1252467962680,125246796268,0,0,22761125,1.0,"""[0",0.0,0.0,0.0,0.0,0.0,0.0,0.0,0.0,0.0," 0]""",0.00020694732666000002,5.149841308593751e-05,0.0,0.0,0.01483154296875,0.000128746032714,0.00013732910156200002,0.00013732910156200002,0.5069081790123451,0.5069097222222221,1.5432098765432092e-06
1252467962680,125246796268,0,0,1579787186,1.0,"""[0",0.0,0.0,0.0,0.0,0.0,0.0,0.0,0.0,0.0," 0]""",0.0,0.0,0.0,0.0,0.014114379882812,0.0,9.5367431640625e-07,9.5367431640625e-07,0.5055694444444441,0.505569830246913,3.858024691358024e-07
1252467962680,125246796268,0,0,378662844232,1.0,"""[0",0.0,0.0,0.0,0.0,0.0,0.0,0.0,0.0,0.0,"0]""",0.0,0.0,0.0,0.0,0.014114379882812,0.0,9.5367431640625e-07,9.5367431640625e-07,0.503893518518518,0.503893904320987,3.858024691358024e-07
1252467962680,125246796268,0,0,22761125,1.0,"""[0",0.0,0.0,0.0,0.0,0.0,0.0,0.0,0.0,0.0," 0]""",0.0,0.0,0.0,0.0,0.014114379882812,0.0,9.5367431640625e-07,9.5367431640625e-07,0.506908564814814,0.5069097222222221,1.157407407407407e-06
1252467962680,125246796268,0,0,92035225968,1.0,"""[0",0.0,0.0,0.0,0.0,0.0,0.0,0.0,0.0,0.0,"0]""",0.0,0.0,0.0,0.0,0.01483154296875,0.000127792358398,0.000140190124511,0.000140190124511,0.50171875,0.5017191358024691,3.858024691358024e-07
1252467962680,125246796268,0,0,21218150,1.0,"""[0",0.0,0.0,0.0,0.0,0.0,0.0,0.0,0.0,0.0,"0]""",0.0,0.0,0.0,0.0,0.01483154296875,9.5367431640625e-06,1.3351440429687502e-05,1.3351440429687502e-05,0.5077854938271601,0.5077858796296291,3.858024691358024e-07
1252467962680,125246796268,0,0,21218150,1.0,"""[0",0.0,0.0,0.0,0.0,6.67572021484375e-06,1.4305114746093752e-05,1.4305114746093752e-05,1.4305114746093752e-05,1.4305114746093752e-05," 1.4305114746093752e-05]""",0.0,0.0,0.0,0.0,0.014114379882812,0.0,9.5367431640625e-07,9.5367431640625e-07,0.50783912037037,0.507839506172839,3.858024691358024e-07
1252467962680,125246796268,0,0,1579787186,1.0,"""[4.196166992187501e-05",0.000247001647949,0.0010662078857420001,0.0015316009521480001,0.002616882324218,0.0035209655761710003,0.005691528320312,0.006446838378906,0.006706237792968001,0.00775146484375," 0.008041381835937]""",0.012802124023437,0.004013061523437,0.0,0.0,0.014556884765625002,0.000111579895019,0.013641357421875002,0.005691528320312,0.505562885802469,0.505569058641975,6.172839506172839e-06
1252467962680,125246796268,0,0,21218150,1.0,"""[0",0.0,0.0,0.0,0.0,0.0,0.0,0.0,0.0,0.0,"0]""",0.0,0.0,0.0,0.0,0.014114379882812,0.0,9.5367431640625e-07,9.5367431640625e-07,0.507894290123456,0.5078946759259261,3.858024691358024e-07
1252467962680,125246796268,0,0,21218150,1.0,"""[0",0.0,0.0,0.0,0.0,0.0,0.0,0.0,0.0,0.0," 0]""",0.00019454956054600002,3.24249267578125e-05,0.0,0.0,0.01483154296875,0.0,4.76837158203125e-06,4.76837158203125e-06,0.507443287037037,0.5074456018518511,2.314814814814814e-06
1252467962680,125246796268,0,0,102892982856,1.0,"""[0",0.0,0.0,0.0,0.0,0.0,0.0,0.0,0.0,0.0," 0]""",0.0,0.0,0.0,0.0,0.014114379882812,0.0,9.5367431640625e-07,9.5367431640625e-07,0.504471450617283,0.50447299382716,1.5432098765432092e-06
1252467962680,125246796268,0,0,1578989065,1.0,"""[9.5367431640625e-06",9.5367431640625e-06,9.5367431640625e-06,9.5367431640625e-06,9.5367431640625e-06,9.5367431640625e-06,9.5367431640625e-06,9.5367431640625e-06,9.5367431640625e-06,9.5367431640625e-06," 9.5367431640625e-06]""",0.0,0.0,0.0,0.0,0.014114379882812,0.0,9.5367431640625e-07,9.5367431640625e-07,0.505134645061728,0.5051350308641971,3.858024691358024e-07
1252467962680,125246796268,0,0,375996971379,1.0,"""[2.1934509277343753e-05",2.4795532226562503e-05,2.8610229492187503e-05,3.24249267578125e-05,3.528594970703125e-05,3.910064697265625e-05,4.196166992187501e-05,5.626678466796876e-05,7.82012939453125e-05,0.001333236694335," 0.008941650390625]""",0.00909423828125,0.0005989074707030001,0.0,0.0,0.014785766601562,0.000123977661132,0.013671875,0.0009469985961910001,0.5092716049382711,0.509320987654321,4.938271604938272e-05
1252467962680,125246796268,0,0,1578782184,1.0,"""[0.007888793945312",0.007888793945312,0.007888793945312,0.007888793945312,0.007888793945312,0.008102416992187,0.008316040039062,0.008316040039062,0.008316040039062,0.008316040039062," 0.008316040039062]""",0.00830078125,0.008102416992187,0.0,0.0,0.014114379882812,9.5367431640625e-07,0.000711441040039,0.00037574768066400005,0.506334104938271,0.5063348765432091,7.716049382716048e-07
1252467962680,125246796268,0,0,21218150,1.0,"""[0",0.0,0.0,0.0,0.0,7.62939453125e-06,1.621246337890625e-05,1.621246337890625e-05,1.621246337890625e-05,1.621246337890625e-05," 1.621246337890625e-05]""",0.0,0.0,0.0,0.0,0.014114379882812,0.0,9.5367431640625e-07,9.5367431640625e-07,0.5074436728395061,0.5074440586419751,3.858024691358024e-07
1252467962680,125246796268,0,0,21218150,1.0,"""[0",0.0,1.9073486328125e-06,8.58306884765625e-06,1.52587890625e-05,2.1934509277343753e-05,2.8610229492187503e-05,3.528594970703125e-05,4.196166992187501e-05,0.00019741058349600002," 0.00019741058349600002]""",0.00023460388183500002,4.673004150390626e-05,0.0,0.0,0.01483154296875,0.00013256072998000002,0.00013732910156200002,0.000135421752929,0.5077268518518511,0.507728780864197,1.929012345679012e-06
1252467962680,125246796268,0,0,1578989065,1.0,"""[0",0.0,0.0,0.0,0.0,0.0,0.0,0.0,0.0,0.0,"0]""",0.0,0.0,0.0,0.0,0.014114379882812,0.0,9.5367431640625e-07,9.5367431640625e-07,0.505145061728395,0.505145447530864,3.858024691358024e-07
1252467962680,125246796268,0,0,376502897838,1.0,"""[0",0.0,0.0,0.0,0.0,0.0,0.0,0.0,0.0,0.0," 0]""",0.000380516052246,9.536743164062501e-05,0.0,0.0,0.01483154296875,0.000126838684082,0.00014305114746000002,0.00014209747314400002,0.507089506172839,0.507091049382716,1.5432098765432092e-06
1252467962680,125246796268,0,0,21305997,1.0,"""[0",0.0,9.5367431640625e-07,3.814697265625e-06,6.67572021484375e-06,9.5367431640625e-06,1.2397766113281252e-05,1.4305114746093752e-05,1.71661376953125e-05,1.811981201171875e-05," 1.811981201171875e-05]""",0.0,0.0,0.0,0.0,0.014114379882812,0.0,9.5367431640625e-07,9.5367431640625e-07,0.50483912037037,0.5048414351851851,2.314814814814814e-06
1252467962680,125246796268,0,0,92035225968,1.0,"""[0",0.0,0.0,0.0,0.0,0.0,0.0,0.0,0.0,0.0,"0]""",0.0,0.0,0.0,0.0,0.014114379882812,0.0,9.5367431640625e-07,9.5367431640625e-07,0.50171875,0.5017191358024691,3.858024691358024e-07
1252467962680,125246796268,0,0,1578782184,1.0,"""[0",0.0,0.0,0.0,0.0,0.0,0.0,0.0,0.0,0.0," 0]""",0.0,0.0,0.0,0.0,0.014114379882812,0.0,9.5367431640625e-07,9.5367431640625e-07,0.506333719135802,0.506334104938271,3.858024691358024e-07
1252467962680,125246796268,0,0,21305997,1.0,"""[1.0490417480468752e-05",7.43865966796875e-05,0.00019359588623000002,0.0006628036499020001,0.000699996948242,0.004798889160156,0.004951477050781,0.005714416503906,0.006126403808593001,0.007965087890625," 0.0093994140625]""",0.0093994140625,0.00363540649414,0.0,0.0,0.014572143554687,0.000111579895019,0.013656616210937,0.007537841796875001,0.504832175925925,0.5048387345679011,6.558641975308642e-06
1252467962680,125246796268,0,0,375996971379,1.0,"""[0",0.0,0.0,0.0,0.0,0.0,0.0,0.0,0.0,0.0," 0]""",0.000338554382324,8.487701416015626e-05,0.0,0.0,0.01483154296875,0.000129699707031,9.918212890625001e-05,9.727478027343751e-05,0.5092168209876541,0.5092183641975301,1.5432098765432092e-06
1252467962680,125246796268,0,0,378662844232,1.0,"""[2.1934509277343753e-05",0.0007524490356440001,0.0015945434570310002,0.0019054412841790001,0.005935668945312,0.006294250488281,0.006843566894531,0.007095336914062,0.008758544921875,0.008819580078125," 0.008834838867187]""",0.013046264648437,0.005210876464843001,0.0,0.0,0.014450073242187,0.000107765197753,0.013702392578125002,0.006500244140625001,0.503893904320987,0.5039020061728391,8.10185185185185e-06
1252467962680,125246796268,0,0,378662844232,1.0,"""[0",0.0,0.0,0.0,0.0,0.0,0.0,0.0,0.0,0.0," 0]""",2.6702880859375003e-05,2.6702880859375003e-05,0.0,0.0,0.014114379882812,0.0,9.5367431640625e-07,9.5367431640625e-07,0.5039035493827161,0.5039039351851851,3.858024691358024e-07
1252467962680,125246796268,0,0,21218150,1.0,"""[0",3.814697265625e-06,8.58306884765625e-06,1.4305114746093752e-05,1.9073486328125e-05,2.3841857910156253e-05,2.8610229492187503e-05,3.337860107421875e-05,3.814697265625e-05,4.291534423828126e-05," 0.00024223327636700001]""",7.343292236328125e-05,3.0517578125e-05,0.0,0.0,0.01483154296875,9.5367431640625e-07,6.103515625e-05,6.008148193359376e-05,0.5078703703703701,0.507893518518518,2.314814814814814e-05
1252467962680,125246796268,0,0,21218150,1.0,"""[2.2888183593750003e-05",2.4795532226562503e-05,2.7656555175781253e-05,3.0517578125e-05,3.337860107421875e-05,3.62396240234375e-05,3.910064697265625e-05,4.100799560546875e-05,4.482269287109376e-05,6.771087646484375e-05," 0.00018501281738200003]""",6.67572021484375e-05,3.4332275390625e-05,0.0,0.0,0.01483154296875,9.5367431640625e-06,7.05718994140625e-05,6.961822509765625e-05,0.507754629629629,0.507783179012345,2.8549382716049384e-05
1252467962680,125246796268,0,0,22761125,1.0,"""[0",0.0,0.0,0.0,0.0,0.0,0.0,0.0,0.0,0.0," 0]""",0.0,0.0,0.0,0.0,0.014114379882812,0.0,9.5367431640625e-07,9.5367431640625e-07,0.5069097222222221,0.506910108024691,3.858024691358024e-07
1252467962680,125246796268,0,0,375996971379,1.0,"""[0",0.0,0.0,0.0,0.0,0.0,0.0,0.0,0.0,0.0," 0]""",0.000328063964843,8.20159912109375e-05,0.0,0.0,0.01483154296875,1.9073486328125e-06,9.5367431640625e-06,8.58306884765625e-06,0.5094799382716051,0.5094814814814811,1.5432098765432092e-06
1252467962680,125246796268,0,0,21218150,1.0,"""[0",0.0,0.0,0.0,0.0,0.0,0.0,0.0,0.0,0.0,"0]""",0.0,0.0,0.0,0.0,0.014114379882812,0.0,9.5367431640625e-07,9.5367431640625e-07,0.507783950617284,0.5077843364197531,3.858024691358024e-07
1252467962680,125246796268,0,0,21247078,1.0,"""[0",0.0,0.0,0.0,0.0,0.0,0.0,0.0,0.0,0.0," 0]""",0.000285148620605,5.912780761718751e-05,0.0,0.0,0.01483154296875,0.000126838684082,0.000135421752929,0.000135421752929,0.504349537037037,0.504351080246913,1.5432098765432092e-06
1252467962680,125246796268,0,0,102892982856,1.0,"""[0.00024318695068300001",0.000255584716796,0.0009288787841790001,0.000964164733886,0.0032310485839840003,0.004096984863281,0.005599975585937,0.006759643554687,0.007102966308593001,0.008773803710937," 0.008834838867187]""",0.00885009765625,0.004302978515625,0.0,0.0,0.014556884765625002,9.918212890625001e-05,0.013671875,0.007278442382812,0.504464506172839,0.504470679012345,6.172839506172839e-06
1252467962680,125246796268,0,0,21218150,1.0,"""[0",0.0,0.0,0.0,0.0,5.7220458984375e-06,1.1444091796875002e-05,1.1444091796875002e-05,1.1444091796875002e-05,1.1444091796875002e-05," 1.1444091796875002e-05]""",0.0,0.0,0.0,0.0,0.014114379882812,0.0,9.5367431640625e-07,9.5367431640625e-07,0.507388888888888,0.5073892746913581,3.858024691358024e-07
1252467962680,125246796268,0,0,21218150,1.0,"""[0",0.0,0.0,0.0,0.0,0.0,0.0,0.0,0.0,0.0," 0]""",0.0,0.0,0.0,0.0,0.01483154296875,0.000139236450195,0.00010490417480400001,0.00010490417480400001,0.507389660493827,0.507390046296296,3.858024691358024e-07
1252467962680,125246796268,0,0,92035225968,1.0,"""[0",0.0,0.0,0.0,0.0,0.0,0.0,0.0,0.0,0.0," 0]""",0.00033950805664,4.863739013671876e-05,0.0,0.0,0.01483154296875,0.000127792358398,0.00014209747314400002,0.00014209747314400002,0.5017160493827161,0.50171875,2.7006172839506168e-06
1252467962680,125246796268,0,0,375996971379,1.0,"""[0",0.0,0.0,0.0,0.0,0.0,0.0,0.0,0.0,0.0,"0]""",0.0,0.0,0.0,0.0,0.014114379882812,0.0,9.5367431640625e-07,9.5367431640625e-07,0.509217592592592,0.509217978395061,3.858024691358024e-07
1252467962680,125246796268,0,0,21247078,1.0,"""[1.52587890625e-05",0.000123023986816,0.000255584716796,0.000986099243164,0.0037956237792960003,0.005325317382812,0.006233215332031,0.007438659667968001,0.007965087890625,0.008041381835937," 0.008148193359375]""",0.008148193359375,0.004371643066406,0.0,0.0,0.0145263671875,0.000113487243652,0.013626098632812,0.007637023925781,0.504338734567901,0.504349537037037,1.080246913580246e-05
1252467962680,125246796268,0,0,375996971379,1.0,"""[0",0.0,0.0,0.0,0.0,1.0490417480468752e-05,2.0980834960937503e-05,2.0980834960937503e-05,2.0980834960937503e-05,2.0980834960937503e-05," 2.0980834960937503e-05]""",0.0,0.0,0.0,0.0,0.014114379882812,0.0,9.5367431640625e-07,9.5367431640625e-07,0.5092172067901231,0.509217592592592,3.858024691358024e-07
1252467962680,125246796268,0,0,1578782184,1.0,"""[0",0.0,0.0,0.0,0.0,0.0,0.0,0.0,0.0,0.0,"0]""",0.0,0.0,0.0,0.0,0.014114379882812,0.0,9.5367431640625e-07,9.5367431640625e-07,0.5063333333333331,0.506333719135802,3.858024691358024e-07
1252467962680,125246796268,0,0,21218150,1.0,"""[0",0.0,0.0,0.0,0.0,0.0,0.0,0.0,0.0,0.0,"0]""",0.0,0.0,0.0,0.0,0.014114379882812,0.0,9.5367431640625e-07,9.5367431640625e-07,0.507503858024691,0.5075042438271601,3.858024691358024e-07
1252467962680,125246796268,0,0,375996971379,1.0,"""[0",0.0,0.0,0.0,0.0,0.0,0.0,0.0,0.0,0.0," 0]""",0.0,0.0,0.0,0.0,0.01483154296875,0.000126838684082,0.000116348266601,0.000116348266601,0.509322145061728,0.509322530864197,3.858024691358024e-07
1252467962680,125246796268,0,0,77439656144,1.0,"""[6.008148193359376e-05",8.678436279296876e-05,0.00023746490478500002,0.0013961791992180002,0.002449035644531,0.003379821777343,0.005317687988281,0.006103515625,0.00787353515625,0.008010864257812," 0.008346557617187]""",0.00982666015625,0.004051208496093001,0.0,0.0,0.014541625976562,0.00011920928955000001,0.013671875,0.008087158203125,0.504081404320987,0.504092206790123,1.080246913580246e-05
1252467962680,125246796268,0,0,375996971379,1.0,"""[2.0980834960937503e-05",2.3841857910156253e-05,2.7656555175781253e-05,3.147125244140625e-05,3.528594970703125e-05,3.910064697265625e-05,4.291534423828126e-05,5.435943603515626e-05,7.2479248046875e-05,0.000111579895019," 0.009368896484375]""",0.019287109375,0.000538825988769,0.0,0.0,0.014816284179687,9.5367431640625e-07,0.0135498046875,0.0007057189941400001,0.509322145061728,0.509373070987654,5.092592592592592e-05
1252467962680,125246796268,0,0,375996971379,1.0,"""[0",0.0,0.0,0.0,0.0,0.0,0.0,0.0,0.0,0.0," 0]""",0.00032234191894500003,0.000107765197753,0.0,0.0,0.01483154296875,0.000124931335449,0.000126838684082,0.000126838684082,0.509532793209876,0.509533950617283,1.157407407407407e-06
1252467962680,125246796268,0,0,21218150,1.0,"""[0",0.0,0.0,0.0,0.0,0.0,0.0,0.0,0.0,0.0," 0]""",0.0,0.0,0.0,0.0,0.014114379882812,0.0,9.5367431640625e-07,9.5367431640625e-07,0.507615354938271,0.50761574074074,3.858024691358024e-07
1252467962680,125246796268,0,0,21218150,1.0,"""[0",0.0,0.0,0.0,0.0,0.0,0.0,0.0,0.0,0.0," 0]""",0.0,0.0,0.0,0.0,0.014114379882812,0.0,9.5367431640625e-07,9.5367431640625e-07,0.507558256172839,0.5075586419753081,3.858024691358024e-07
1252467962680,125246796268,0,0,21218150,1.0,"""[0",0.0,0.0,0.0,0.0,0.0,0.0,0.0,0.0,0.0," 0]""",0.00018405914306600003,3.719329833984375e-05,0.0,0.0,0.01483154296875,0.000139236450195,0.000112533569335,0.000109672546386,0.5073877314814811,0.507389660493827,1.929012345679012e-06
1252467962680,125246796268,0,0,375996971379,1.0,"""[0",0.0,0.0,0.0,0.0,0.0,0.0,0.0,0.0,0.0," 0]""",0.0,0.0,0.0,0.0,0.01483154296875,1.9073486328125e-06,8.58306884765625e-06,8.58306884765625e-06,0.5094814814814811,0.5094818672839501,3.858024691358024e-07
1252467962680,125246796268,0,0,102892982856,1.0,"""[2.1934509277343753e-05",2.1934509277343753e-05,2.1934509277343753e-05,2.1934509277343753e-05,2.1934509277343753e-05,2.1934509277343753e-05,2.1934509277343753e-05,2.1934509277343753e-05,2.1934509277343753e-05,2.1934509277343753e-05," 2.1934509277343753e-05]""",0.0,0.0,0.0,0.0,0.014114379882812,0.0,9.5367431640625e-07,9.5367431640625e-07,0.50446412037037,0.504464506172839,3.858024691358024e-07
1252467962680,125246796268,0,0,21218150,1.0,"""[0",0.0,0.0,0.0,0.0,0.0,0.0,0.0,0.0,0.0,"0]""",0.0,0.0,0.0,0.0,0.01483154296875,0.000128746032714,0.000123977661132,0.000123977661132,0.507839506172839,0.507839891975308,3.858024691358024e-07
1252467962680,125246796268,0,0,21247078,1.0,"""[0",0.0,0.0,9.5367431640625e-07,3.814697265625e-06,6.67572021484375e-06,8.58306884765625e-06,1.1444091796875002e-05,1.3351440429687502e-05,1.3351440429687502e-05," 1.3351440429687502e-05]""",0.0,0.0,0.0,0.0,0.014114379882812,0.0,9.5367431640625e-07,9.5367431640625e-07,0.504350308641975,0.504351080246913,7.716049382716048e-07
1252467962680,125246796268,0,0,21218150,1.0,"""[2.4795532226562503e-05",2.7656555175781253e-05,3.0517578125e-05,3.337860107421875e-05,3.719329833984375e-05,4.00543212890625e-05,4.291534423828126e-05,6.29425048828125e-05,8.773803710937501e-05,0.0021476745605460003," 0.007980346679687]""",0.012710571289062,0.000758171081542,0.0,0.0,0.0147705078125,0.00013828277587800002,0.013626098632812,0.001857757568359,0.507444444444444,0.5075030864197531,5.864197530864198e-05
1252467962680,125246796268,0,0,375996971379,1.0,"""[2.3841857910156253e-05",2.3841857910156253e-05,2.3841857910156253e-05,2.3841857910156253e-05,2.3841857910156253e-05,2.3841857910156253e-05,2.3841857910156253e-05,2.3841857910156253e-05,2.3841857910156253e-05,2.3841857910156253e-05," 2.3841857910156253e-05]""",0.0,0.0,0.0,0.0,0.014114379882812,0.0,9.5367431640625e-07,9.5367431640625e-07,0.509161651234567,0.509162037037037,3.858024691358024e-07
1252467962680,125246796268,0,0,21218150,1.0,"""[0",0.0,0.0,0.0,0.0,0.0,0.0,0.0,0.0,0.0," 0]""",0.0,0.0,0.0,0.0,0.014114379882812,0.0,9.5367431640625e-07,9.5367431640625e-07,0.507783564814814,0.507783950617284,3.858024691358024e-07
1252467962680,125246796268,0,0,375996971379,1.0,"""[0",7.62939453125e-06,1.52587890625e-05,2.2888183593750003e-05,3.147125244140625e-05,3.910064697265625e-05,4.959106445312501e-05,6.4849853515625e-05,8.0108642578125e-05,0.00032615661621000004," 0.009048461914062]""",0.009033203125,0.000579833984375,0.0,0.0,0.014801025390625002,1.9073486328125e-06,0.013565063476562,0.0007171630859370001,0.50942824074074,0.5094799382716051,5.169753086419753e-05
1252467962680,125246796268,0,0,375996971379,1.0,"""[0",0.0,0.0,7.62939453125e-06,1.4305114746093752e-05,2.1934509277343753e-05,2.9563903808593753e-05,3.62396240234375e-05,0.00016307830810500002,0.00028228759765600004," 0.00028228759765600004]""",0.000328063964843,9.059906005859376e-05,0.0,0.0,0.01483154296875,9.5367431640625e-07,7.62939453125e-06,6.67572021484375e-06,0.509373070987654,0.50937461419753,1.5432098765432092e-06
1252467962680,125246796268,0,0,375996971379,1.0,"""[0",4.76837158203125e-06,1.0490417480468752e-05,1.621246337890625e-05,2.1934509277343753e-05,2.7656555175781253e-05,3.337860107421875e-05,3.910064697265625e-05,4.959106445312501e-05,0.00023365020751900002," 0.009063720703125]""",0.00946044921875,0.000550270080566,0.0,0.0,0.014816284179687,1.9073486328125e-06,0.013565063476562,0.0012645721435540001,0.509533950617283,0.5095875771604931,5.3626543209876546e-05
1252467962680,125246796268,0,0,21218150,1.0,"""[0",0.0,0.0,0.0,0.0,0.0,0.0,0.0,0.0,0.0,"0]""",0.0,0.0,0.0,0.0,0.014114379882812,0.0,9.5367431640625e-07,9.5367431640625e-07,0.5074440586419751,0.507444444444444,3.858024691358024e-07
1252467962680,125246796268,0,0,21400972,1.0,"""[2.0980834960937503e-05",2.4795532226562503e-05,3.24249267578125e-05,3.910064697265625e-05,0.000123023986816,0.002090454101562,0.004058837890625,0.005012512207031,0.007606506347656,0.007949829101562," 0.008804321289062]""",0.013824462890625002,0.0030517578125,0.0,0.0,0.0146484375,0.0001220703125,0.013641357421875002,0.004570007324218001,0.5063865740740741,0.5063969907407401,1.0416666666666661e-05
1252467962680,125246796268,0,0,375996971379,0.965517222881317,"""[2.3841857910156253e-05",2.6702880859375003e-05,3.147125244140625e-05,3.528594970703125e-05,4.00543212890625e-05,4.577636718750001e-05,5.531311035156251e-05,6.389617919921875e-05,7.343292236328125e-05,8.20159912109375e-05," 0.00029563903808500004]""",9.441375732421876e-05,4.196166992187501e-05,0.0,0.0,0.01483154296875,1.9073486328125e-06,6.961822509765625e-05,6.961822509765625e-05,0.5092592592592591,0.509270447530864,1.118827160493827e-05
1252467962680,125246796268,0,0,21218150,1.0,"""[0",4.76837158203125e-06,9.5367431640625e-06,1.52587890625e-05,2.002716064453125e-05,2.5749206542968753e-05,3.0517578125e-05,3.62396240234375e-05,4.100799560546875e-05,6.008148193359376e-05," 0.00021362304687500003]""",0.00010013580322200001,3.4332275390625e-05,0.0,0.0,0.01483154296875,1.9073486328125e-06,6.198883056640625e-05,6.103515625e-05,0.507523148148148,0.5075574845679011,3.433641975308642e-05
1252467962680,125246796268,0,0,375996971379,1.0,"""[0",0.0,0.0,0.0,0.0,1.4305114746093752e-05,2.8610229492187503e-05,2.8610229492187503e-05,2.8610229492187503e-05,2.8610229492187503e-05," 2.8610229492187503e-05]""",0.0,0.0,0.0,0.0,0.014114379882812,0.0,9.5367431640625e-07,9.5367431640625e-07,0.5093213734567901,0.509321759259259,3.858024691358024e-07
1252467962680,125246796268,0,0,1578989065,1.0,"""[0",0.0,0.0,0.0,0.0,0.0,0.0,0.0,0.0,0.0,"0]""",0.0,0.0,0.0,0.0,0.01483154296875,0.000126838684082,0.00013351440429600002,0.00013351440429600002,0.505145061728395,0.505145447530864,3.858024691358024e-07
1252467962680,125246796268,0,0,21218150,1.0,"""[2.4795532226562503e-05",2.7656555175781253e-05,3.147125244140625e-05,3.528594970703125e-05,3.910064697265625e-05,4.291534423828126e-05,7.343292236328125e-05,0.00017642974853500002,0.004623413085937,0.007789611816406," 0.008499145507812]""",0.015609741210937,0.001628875732421,0.0,0.0,0.014724731445312,9.5367431640625e-06,0.013504028320312,0.002632141113281,0.5077280092592591,0.507754629629629,2.6620370370370375e-05
1252467962680,125246796268,0,0,21218150,1.0,"""[0",0.0,0.0,0.0,0.0,0.0,0.0,0.0,0.0,0.0," 0]""",0.0,0.0,0.0,0.0,0.014114379882812,0.0,9.5367431640625e-07,9.5367431640625e-07,0.507727237654321,0.50772762345679,3.858024691358024e-07
1252467962680,125246796268,0,0,21218150,1.0,"""[2.4795532226562503e-05",2.7656555175781253e-05,3.0517578125e-05,3.337860107421875e-05,3.62396240234375e-05,3.910064697265625e-05,4.291534423828126e-05,5.722045898437501e-05,8.296966552734376e-05,0.002532958984375," 0.00958251953125]""",0.011199951171875002,0.000776290893554,0.0,0.0,0.0147705078125,0.000128746032714,0.01361083984375,0.00130271911621,0.5075590277777771,0.5076145833333331,5.555555555555556e-05
1252467962680,125246796268,0,0,21218150,1.0,"""[0",0.0,0.0,0.0,0.0,0.0,0.0,0.0,0.0,0.0," 0]""",0.0,0.0,0.0,0.0,0.01483154296875,9.5367431640625e-07,5.7220458984375e-06,5.7220458984375e-06,0.5078946759259261,0.507895061728395,3.858024691358024e-07
1252467962680,125246796268,0,0,378662844232,1.0,"""[1.2397766113281252e-05",1.2397766113281252e-05,1.2397766113281252e-05,1.2397766113281252e-05,1.2397766113281252e-05,1.2397766113281252e-05,1.2397766113281252e-05,1.2397766113281252e-05,1.2397766113281252e-05,1.2397766113281252e-05," 1.2397766113281252e-05]""",0.0,0.0,0.0,0.0,0.014114379882812,0.0,9.5367431640625e-07,9.5367431640625e-07,0.503903163580246,0.5039035493827161,3.858024691358024e-07
1252467962680,125246796268,0,0,22761125,1.0,"""[1.2397766113281252e-05",3.337860107421875e-05,7.915496826171875e-05,0.000195503234863,0.0008449554443350001,0.0017833709716790001,0.0032501220703120004,0.005294799804687,0.006790161132812,0.007965087890625," 0.008102416992187]""",0.013809204101562,0.002994537353515,0.0,0.0,0.014602661132812,0.000110626220703,0.013656616210937,0.006477355957031,0.5068993055555551,0.5069081790123451,8.873456790123455e-06
1252467962680,125246796268,0,0,378662844232,1.0,"""[0",0.0,0.0,0.0,0.0,0.0,0.0,0.0,0.0,0.0," 0]""",0.00040626525878900005,0.00010108947753900001,0.0,0.0,0.01483154296875,0.000126838684082,0.00014209747314400002,0.00014209747314400002,0.5039020061728391,0.5039035493827161,1.5432098765432092e-06
1252467962680,125246796268,0,0,77439656144,1.0,"""[0",0.0,0.0,0.0,0.0,0.0,0.0,0.0,0.0,0.0," 0]""",0.00027275085449200004,3.4332275390625e-05,0.0,0.0,0.01483154296875,0.00013351440429600002,0.000144958496093,0.000144004821777,0.504092206790123,0.504095293209876,3.0864197530864187e-06
