UniqJobId,collection_id,instance_index,priority,machine_id,sample_rate,cpu_usage_distribution1,cpu_usage_distribution2,cpu_usage_distribution3,cpu_usage_distribution4,cpu_usage_distribution5,cpu_usage_distribution6,cpu_usage_distribution7,cpu_usage_distribution8,cpu_usage_distribution9,cpu_usage_distribution10,cpu_usage_distribution11,max_cpu,avg_cpu,cycles_per_instruction,memory_accesses_per_instruction,assigned_memory,page_cache_memory,max_memory,avg_memory,start_time,end_time,time_window
1281422821001,128142282100,1,0,5745638294,1.0,"""[0.01336669921875",0.01824951171875,0.019622802734375,0.0211181640625,0.021881103515625,0.02264404296875,0.02349853515625,0.024871826171875003,0.026580810546875003,0.02850341796875," 0.03753662109375]""",0.0374755859375,0.0230712890625,1.9250763654708862,0.0076752412132910005,0.016937255859375,0.0004968643188470001,0.007186889648437,0.00689697265625,0.5001157407407401,0.500231481481481,0.00011574074074
1281422821001,128142282100,1,0,5745638294,1.0,"""[0.004714965820312",0.0091552734375,0.010040283203125,0.01055908203125,0.011245727539062,0.011764526367187,0.012481689453125002,0.013519287109375002,0.014358520507812,0.015777587890625," 0.0225830078125]""",0.03240966796875,0.012222290039062,1.756953477859497,0.006573232822120001,0.016937255859375,0.0004968643188470001,0.007659912109375001,0.007316589355468001,0.506134259259259,0.5062500000000001,0.00011574074074
1281422821001,128142282100,1,0,5745638294,1.0,"""[0.004470825195312",0.007225036621093001,0.008529663085937,0.00958251953125,0.010421752929687,0.011123657226562,0.011962890625,0.012786865234375002,0.01422119140625,0.015960693359375," 0.022247314453125]""",0.029510498046875003,0.01141357421875,1.878866910934448,0.007164350710809001,0.016937255859375,0.0004968643188470001,0.008270263671875,0.0079345703125,0.504513888888888,0.504629629629629,0.00011574074074
1281422821001,128142282100,1,0,5745638294,1.0,"""[0.005119323730468001",0.0081787109375,0.009048461914062,0.009719848632812,0.010498046875,0.011611938476562,0.012619018554687,0.01385498046875,0.015243530273437,0.017181396484375," 0.0364990234375]""",0.03729248046875,0.01226806640625,2.04347014427185,0.007542420644313001,0.016937255859375,0.0004968643188470001,0.0081787109375,0.0079345703125,0.504629629629629,0.50474537037037,0.00011574074074
1281422821001,128142282100,1,0,5745638294,1.0,"""[0.008102416992187",0.014877319335937,0.0174560546875,0.018585205078125,0.019866943359375,0.021270751953125,0.0225830078125,0.02386474609375,0.025543212890625003,0.02752685546875," 0.0367431640625]""",0.05462646484375,0.02117919921875,1.66050386428833,0.005683673080056,0.016937255859375,0.0004968643188470001,0.007522583007812,0.007148742675781,0.502777777777777,0.502893518518518,0.00011574074074
1281422821001,128142282100,1,0,5745638294,1.0,"""[0.004730224609375",0.008041381835937,0.008514404296875,0.009140014648437,0.009750366210937,0.01031494140625,0.011062622070312,0.011871337890625002,0.012802124023437,0.014404296875," 0.02435302734375]""",0.02471923828125,0.010879516601562,2.04347014427185,0.007542420644313001,0.016937255859375,0.0004968643188470001,0.00823974609375,0.007919311523437,0.50474537037037,0.5048611111111111,0.00011574074074
1281422821001,128142282100,1,0,5745638294,1.0,"""[0.009414672851562",0.015396118164062,0.01715087890625,0.018463134765625,0.019927978515625,0.0208740234375,0.023101806640625003,0.024749755859375003,0.027069091796875003,0.029876708984375003," 0.03924560546875]""",0.06170654296875,0.022003173828125,1.795709013938903,0.007284853607416,0.016937255859375,0.0004968643188470001,0.007186889648437,0.0068359375,0.500925925925925,0.501041666666666,0.00011574074074
1281422821001,128142282100,1,0,5745638294,1.0,"""[0.0115966796875",0.015304565429687,0.0169677734375,0.017913818359375,0.018890380859375,0.020050048828125,0.0208740234375,0.02203369140625,0.023773193359375003,0.026397705078125003," 0.04010009765625]""",0.04644775390625,0.020416259765625,1.745245814323425,0.007180375512689001,0.016937255859375,0.0004968643188470001,0.007164001464843001,0.006904602050781,0.501041666666666,0.501157407407407,0.00011574074074
1281422821001,128142282100,1,0,5745638294,1.0,"""[0.008514404296875",0.012283325195312,0.013656616210937,0.014495849609375002,0.015396118164062,0.016265869140625,0.0169677734375,0.018463134765625,0.020050048828125,0.02197265625," 0.03326416015625]""",0.04656982421875,0.0169677734375,1.763022780418396,0.006676251068711001,0.016937255859375,0.0004968643188470001,0.0076904296875,0.007293701171875001,0.5071759259259261,0.507291666666666,0.00011574074074
1281422821001,128142282100,1,0,5745638294,1.0,"""[0.004959106445312",0.007743835449218001,0.00848388671875,0.0091552734375,0.009628295898437,0.010208129882812,0.010986328125,0.01177978515625,0.012619018554687,0.013946533203125002," 0.01763916015625]""",0.01885986328125,0.0106201171875,1.7349659204483032,0.007135737221688001,0.016937255859375,0.0004968643188470001,0.00787353515625,0.007583618164062,0.507986111111111,0.5081018518518511,0.00011574074074
1281422821001,128142282100,1,0,5745638294,1.0,"""[0.008071899414062",0.012283325195312,0.013473510742187,0.01422119140625,0.014877319335937,0.015579223632812,0.01611328125,0.01702880859375,0.018035888671875,0.020477294921875," 0.03582763671875]""",0.04132080078125,0.015960693359375,1.755197167396545,0.006568410899490001,0.016937255859375,0.0004968643188470001,0.007904052734375,0.007469177246093001,0.50636574074074,0.5064814814814811,0.00011574074074
1281422821001,128142282100,1,0,5745638294,0.996666669845581,"""[0.008819580078125",0.014480590820312,0.016510009765625,0.017791748046875,0.01873779296875,0.01983642578125,0.020843505859375,0.022216796875,0.023468017578125003,0.0255126953125," 0.03399658203125]""",0.0703125,0.020050048828125,1.815095901489257,0.006370147690176,0.016937255859375,0.0004968643188470001,0.007949829101562,0.007537841796875001,0.5067129629629631,0.506828703703703,0.00011574074074
1281422821001,128142282100,1,0,5745638294,1.0,"""[0.005325317382812",0.007102966308593001,0.007705688476562,0.00811767578125,0.00848388671875,0.009017944335937,0.009521484375,0.010238647460937,0.0111083984375,0.012863159179687," 0.02032470703125]""",0.0247802734375,0.009597778320312,1.880016803741455,0.006223613861948,0.016937255859375,0.0004968643188470001,0.00811767578125,0.007858276367187,0.504976851851851,0.5050925925925921,0.00011574074074
1281422821001,128142282100,1,0,5745638294,1.0,"""[0.00396728515625",0.005363464355468001,0.006362915039062,0.007034301757812,0.007438659667968001,0.008087158203125,0.008544921875,0.009033203125,0.010009765625,0.01153564453125," 0.01763916015625]""",0.0321044921875,0.008407592773437,1.880016803741455,0.006223613861948,0.016937255859375,0.0004968643188470001,0.008102416992187,0.007904052734375,0.5050925925925921,0.505208333333333,0.00011574074074
1281422821001,128142282100,1,0,5745638294,1.0,"""[0.01043701171875",0.014419555664062,0.0162353515625,0.01751708984375,0.018829345703125,0.02056884765625,0.02178955078125,0.022857666015625003,0.024505615234375003,0.027679443359375003," 0.03936767578125]""",0.05523681640625,0.02056884765625,1.70782196521759,0.006671811453998,0.016937255859375,0.0004968643188470001,0.007522583007812,0.007102966308593001,0.501273148148148,0.501388888888888,0.00011574074074
1281422821001,128142282100,1,0,5745638294,1.0,"""[0.008682250976562",0.013931274414062,0.015625,0.017181396484375,0.01849365234375,0.0205078125,0.022003173828125,0.023712158203125003,0.025482177734375003,0.027984619140625003," 0.0384521484375]""",0.0823974609375,0.020782470703125,1.7192068099975581,0.006830966565757,0.016937255859375,0.0004968643188470001,0.007766723632812,0.007476806640625001,0.507291666666666,0.5074074074074071,0.00011574074074
1281422821001,128142282100,1,0,5745638294,1.0,"""[0.006553649902343001",0.008865356445312,0.00982666015625,0.010528564453125,0.011093139648437,0.011703491210937,0.012298583984375002,0.01300048828125,0.014419555664062,0.016021728515625," 0.024871826171875003]""",0.04681396484375,0.01220703125,2.009798765182495,0.006493266671895001,0.016937255859375,0.0004968643188470001,0.007522583007812,0.007225036621093001,0.5055555555555551,0.505671296296296,0.00011574074074
1281422821001,128142282100,1,0,5745638294,1.0,"""[0.0096435546875",0.014556884765625002,0.01611328125,0.017181396484375,0.018035888671875,0.018829345703125,0.019866943359375,0.0208740234375,0.02227783203125,0.024993896484375003," 0.0330810546875]""",0.05279541015625,0.019256591796875,1.58099353313446,0.006009217351675001,0.016937255859375,0.0004968643188470001,0.007514953613281,0.007110595703125001,0.501851851851851,0.501967592592592,0.00011574074074
1281422821001,128142282100,1,0,5745638294,1.0,"""[0.008438110351562",0.01129150390625,0.01287841796875,0.013839721679687,0.014739990234375002,0.015380859375,0.01617431640625,0.016998291015625,0.018035888671875,0.019927978515625," 0.027557373046875003]""",0.039794921875,0.015457153320312,1.815095901489257,0.006370147690176,0.016937255859375,0.0004968643188470001,0.007614135742187,0.007377624511718001,0.506597222222222,0.5067129629629631,0.00011574074074
1281422821001,128142282100,1,0,5745638294,1.0,"""[0.0089111328125",0.013168334960937,0.015090942382812,0.01641845703125,0.017608642578125,0.019195556640625,0.02056884765625,0.022003173828125,0.023834228515625003,0.026092529296875003," 0.0328369140625]""",0.04742431640625,0.019500732421875,1.745245814323425,0.007180375512689001,0.016937255859375,0.0004968643188470001,0.007278442382812,0.00701904296875,0.501157407407407,0.501273148148148,0.00011574074074
1281422821001,128142282100,1,0,5745638294,1.0,"""[0.009109497070312",0.012802124023437,0.0146484375,0.015899658203125,0.016937255859375,0.01800537109375,0.01904296875,0.02044677734375,0.021728515625,0.023834228515625003," 0.030853271484375003]""",0.05224609375,0.01837158203125,1.784711956977844,0.006497975904494,0.016937255859375,0.0004968643188470001,0.007659912109375001,0.007278442382812,0.503472222222222,0.503587962962962,0.00011574074074
1281422821001,128142282100,1,0,5745638294,1.0,"""[0.00616455078125",0.010177612304687,0.011550903320312,0.012466430664062,0.013259887695312,0.014190673828125002,0.015228271484375002,0.016693115234375,0.018310546875,0.02166748046875," 0.031097412109375003]""",0.031494140625,0.015060424804687,1.682625293731689,0.006960136815905,0.016937255859375,0.0004968643188470001,0.008056640625,0.007759094238281,0.5074074074074071,0.507523148148148,0.00011574074074
1281422821001,128142282100,1,0,5745638294,1.0,"""[0.008514404296875",0.012496948242187,0.014022827148437,0.01507568359375,0.016204833984375,0.01751708984375,0.01904296875,0.02081298828125,0.02325439453125,0.027099609375," 0.03863525390625]""",0.05517578125,0.018798828125,1.637307405471801,0.006132464390248,0.016937255859375,0.0004968643188470001,0.007461547851562,0.007232666015625001,0.50162037037037,0.501736111111111,0.00011574074074
1281422821001,128142282100,1,0,5745638294,1.0,"""[0.004280090332031",0.006759643554687,0.007736206054687,0.008377075195312,0.008880615234375,0.009490966796875,0.010208129882812,0.010971069335937,0.011932373046875002,0.013168334960937," 0.02313232421875]""",0.02337646484375,0.0098876953125,1.934945821762085,0.007061920128762,0.016937255859375,0.0004968643188470001,0.00799560546875,0.007522583007812,0.505671296296296,0.5057870370370371,0.00011574074074
1281422821001,128142282100,1,0,5745638294,1.0,"""[0.013153076171875002",0.01739501953125,0.019500732421875,0.02117919921875,0.022552490234375003,0.02362060546875,0.02496337890625,0.0267333984375,0.0286865234375,0.0308837890625," 0.04095458984375]""",0.05328369140625,0.0240478515625,1.6448345184326172,0.006377727258950001,0.016937255859375,0.0004968643188470001,0.007965087890625,0.007476806640625001,0.503819444444444,0.503935185185185,0.00011574074074
1281422821001,128142282100,1,0,5745638294,1.0,"""[0.005119323730468001",0.007301330566406,0.008010864257812,0.00860595703125,0.009246826171875,0.00970458984375,0.010299682617187,0.010986328125,0.012008666992187,0.013137817382812," 0.0225830078125]""",0.025482177734375003,0.010101318359375,1.877774834632873,0.007396834436804001,0.016937255859375,0.0004968643188470001,0.007919311523437,0.0074462890625,0.5087962962962961,0.508912037037037,0.00011574074074
1281422821001,128142282100,1,0,5745638294,1.0,"""[0.008041381835937",0.011550903320312,0.014373779296875002,0.016021728515625,0.017242431640625,0.019134521484375,0.021514892578125,0.023529052734375003,0.025390625,0.029052734375," 0.0391845703125]""",0.06060791015625,0.01995849609375,1.763022780418396,0.006676251068711001,0.016937255859375,0.0004968643188470001,0.0078125,0.007476806640625001,0.507060185185185,0.5071759259259261,0.00011574074074
1281422821001,128142282100,1,0,5745638294,1.0,"""[0.00982666015625",0.014068603515625002,0.016082763671875,0.017669677734375,0.019866943359375,0.021392822265625,0.023223876953125003,0.025604248046875003,0.0283203125,0.03216552734375," 0.04345703125]""",0.057373046875,0.022613525390625003,1.6740504503250122,0.006212879903614001,0.016937255859375,0.0004968643188470001,0.007492065429687,0.007133483886718001,0.501388888888888,0.501504629629629,0.00011574074074
1281422821001,128142282100,1,0,5745638294,1.0,"""[0.007240295410156",0.013519287109375002,0.014816284179687,0.015716552734375,0.016326904296875,0.017364501953125,0.018218994140625,0.01934814453125,0.020751953125,0.022430419921875003," 0.030364990234375003]""",0.0455322265625,0.017669677734375,1.796966314315795,0.006187594495713,0.016937255859375,0.0004968643188470001,0.007591247558593001,0.007247924804687,0.503356481481481,0.503472222222222,0.00011574074074
1281422821001,128142282100,1,0,5745638294,1.0,"""[0.010223388671875",0.015274047851562,0.016937255859375,0.01824951171875,0.01953125,0.020843505859375,0.022674560546875003,0.02459716796875,0.026611328125,0.029785156249999997," 0.04083251953125]""",0.093505859375,0.021820068359375,1.7806645631790161,0.006600484717637,0.016937255859375,0.0004968643188470001,0.007827758789062,0.007278442382812,0.503703703703703,0.503819444444444,0.00011574074074
1281422821001,128142282100,1,0,5745638294,1.0,"""[0.010635375976562",0.014755249023437,0.01666259765625,0.01800537109375,0.019775390625,0.02117919921875,0.023101806640625003,0.02490234375,0.0267333984375,0.029205322265625003," 0.04107666015625]""",0.082763671875,0.021636962890625,1.562027812004089,0.005351266823709001,0.016937255859375,0.0004968643188470001,0.007133483886718001,0.00689697265625,0.502083333333333,0.502199074074074,0.00011574074074
1281422821001,128142282100,1,0,5745638294,1.0,"""[0.012283325195312",0.017181396484375,0.0186767578125,0.01983642578125,0.020965576171875,0.0223388671875,0.02337646484375,0.024688720703125003,0.026580810546875003,0.028900146484375003," 0.041748046875]""",0.119873046875,0.02294921875,1.562027812004089,0.005351266823709001,0.016937255859375,0.0004968643188470001,0.00726318359375,0.006988525390625001,0.502199074074074,0.502314814814814,0.00011574074074
1281422821001,128142282100,1,0,5745638294,1.0,"""[0.010528564453125",0.01422119140625,0.0159912109375,0.01708984375,0.01812744140625,0.0191650390625,0.020111083984375,0.021240234375,0.022674560546875003,0.025543212890625003," 0.0445556640625]""",0.04461669921875,0.019775390625,1.604753613471984,0.00534493336454,0.016937255859375,0.0004968643188470001,0.006965637207031,0.006736755371093001,0.502314814814814,0.502430555555555,0.00011574074074
1281422821001,128142282100,1,0,5745638294,1.0,"""[0.007804870605468001",0.01177978515625,0.013275146484375002,0.014114379882812,0.01519775390625,0.016387939453125,0.017333984375,0.018402099609375,0.01971435546875,0.022552490234375003," 0.03265380859375]""",0.0531005859375,0.016632080078125,1.78414499759674,0.006946788169443,0.016937255859375,0.0004968643188470001,0.00823974609375,0.007904052734375,0.504282407407407,0.504398148148148,0.00011574074074
1281422821001,128142282100,1,0,5745638294,1.0,"""[0.009384155273437",0.011932373046875002,0.013031005859375002,0.013992309570312,0.01470947265625,0.0157470703125,0.016693115234375,0.017669677734375,0.019287109375,0.021484375," 0.0296630859375]""",0.0443115234375,0.01629638671875,1.9406565427780151,0.007486604154109001,0.016937255859375,0.0004968643188470001,0.007354736328125001,0.007049560546875001,0.500462962962963,0.500578703703703,0.00011574074074
1281422821001,128142282100,1,0,5745638294,1.0,"""[0.005378723144531",0.008926391601562,0.010299682617187,0.011505126953125002,0.012741088867187,0.01385498046875,0.015167236328125002,0.016357421875,0.017852783203125,0.020355224609375," 0.029266357421875003]""",0.0361328125,0.014404296875,1.78414499759674,0.006946788169443,0.016937255859375,0.0004968643188470001,0.008132934570312,0.007774353027343001,0.504398148148148,0.504513888888888,0.00011574074074
1281422821001,128142282100,1,0,5745638294,1.0,"""[0.012283325195312",0.01776123046875,0.020111083984375,0.021881103515625,0.022857666015625003,0.02435302734375,0.02557373046875,0.02703857421875,0.029052734375,0.0323486328125," 0.04791259765625]""",0.05145263671875,0.02471923828125,1.766728043556213,0.0053491117432710004,0.016937255859375,0.0004968643188470001,0.007698059082031,0.007232666015625001,0.502662037037037,0.502777777777777,0.00011574074074
1281422821001,128142282100,1,0,5745638294,1.0,"""[0.0050048828125",0.007125854492187,0.00799560546875,0.008636474609375,0.009292602539062,0.009811401367187,0.010421752929687,0.011077880859375,0.011962890625,0.013397216796875002," 0.0220947265625]""",0.022216796875,0.0101318359375,1.9222557544708252,0.0073383250273760005,0.016937255859375,0.0004968643188470001,0.008041381835937,0.00775146484375,0.508912037037037,0.5090277777777771,0.00011574074074
1281422821001,128142282100,1,0,5745638294,1.0,"""[0.009628295898437",0.015548706054687,0.01715087890625,0.018646240234375,0.019683837890625,0.02069091796875,0.0216064453125,0.022735595703125003,0.024749755859375003,0.027130126953125003," 0.03857421875]""",0.03857421875,0.0211181640625,1.7905617952346802,0.0061639440245920005,0.016937255859375,0.0004968643188470001,0.007453918457031,0.007194519042968001,0.5031249999999999,0.50324074074074,0.00011574074074
1281422821001,128142282100,1,0,5745638294,1.0,"""[0.006240844726562",0.009292602539062,0.010498046875,0.011276245117187,0.01202392578125,0.012832641601562,0.013595581054687,0.014724731445312,0.015716552734375,0.01715087890625," 0.026397705078125003]""",0.0501708984375,0.01318359375,2.029351472854614,0.006344724446535,0.016937255859375,0.0004968643188470001,0.00799560546875,0.007400512695312,0.505439814814814,0.5055555555555551,0.00011574074074
1281422821001,128142282100,1,0,5745638294,1.0,"""[0.006805419921875001",0.012298583984375002,0.01385498046875,0.015289306640625002,0.017059326171875,0.019805908203125,0.023468017578125003,0.0257568359375,0.0281982421875,0.0308837890625," 0.04449462890625]""",0.05792236328125,0.020965576171875,1.615699172019958,0.006329946685582,0.016937255859375,0.0004968643188470001,0.00811767578125,0.007606506347656,0.504050925925925,0.504166666666666,0.00011574074074
1281422821001,128142282100,1,0,5745638294,1.0,"""[0.005569458007812",0.006988525390625001,0.007667541503906,0.0084228515625,0.009002685546875,0.009552001953125,0.01007080078125,0.010589599609375,0.011306762695312,0.012481689453125002," 0.0177001953125]""",0.02471923828125,0.009674072265625,1.776658058166503,0.0074393269605930006,0.016937255859375,0.0004968643188470001,0.007949829101562,0.007545471191406,0.5081018518518511,0.508217592592592,0.00011574074074
1281422821001,128142282100,1,0,5745638294,1.0,"""[0.005104064941406",0.007186889648437,0.007766723632812,0.008346557617187,0.008865356445312,0.0093994140625,0.009841918945312,0.010498046875,0.011276245117187,0.01239013671875," 0.021392822265625]""",0.022064208984375,0.009628295898437,1.776658058166503,0.0074393269605930006,0.016937255859375,0.0004968643188470001,0.00799560546875,0.007598876953125001,0.508217592592592,0.5083333333333331,0.00011574074074
1281422821001,128142282100,1,0,5745638294,1.0,"""[0.003868103027343",0.005653381347656,0.006126403808593001,0.006492614746093001,0.0068359375,0.007156372070312,0.007461547851562,0.00799560546875,0.008621215820312,0.009506225585937," 0.015594482421875002]""",0.020660400390625,0.007438659667968001,1.869977593421936,0.0074070906266570005,0.016937255859375,0.0004968643188470001,0.008102416992187,0.007614135742187,0.508449074074074,0.5085648148148141,0.00011574074074
1281422821001,128142282100,1,0,5745638294,1.0,"""[0.008392333984375",0.015396118164062,0.016937255859375,0.018280029296875,0.01922607421875,0.020233154296875,0.021392822265625,0.02264404296875,0.024078369140625003,0.0267333984375," 0.0377197265625]""",0.04656982421875,0.020599365234375,1.66050386428833,0.005683673080056,0.016937255859375,0.0004968643188470001,0.007766723632812,0.007469177246093001,0.503009259259259,0.5031249999999999,0.00011574074074
1281422821001,128142282100,1,0,5745638294,1.0,"""[0.00848388671875",0.013168334960937,0.015029907226562,0.016448974609375,0.017608642578125,0.0186767578125,0.019927978515625,0.021636962890625,0.0230712890625,0.02557373046875," 0.03607177734375]""",0.04473876953125,0.019195556640625,1.796966314315795,0.006187594495713,0.016937255859375,0.0004968643188470001,0.007606506347656,0.007240295410156,0.50324074074074,0.503356481481481,0.00011574074074
1281422821001,128142282100,1,0,5745638294,1.0,"""[0.0048828125",0.007484436035156,0.008346557617187,0.009033203125,0.009674072265625,0.010284423828125,0.011016845703125,0.011672973632812,0.012603759765625002,0.013839721679687," 0.022857666015625003]""",0.03759765625,0.010589599609375,1.858447432518005,0.00734595535323,0.016937255859375,0.0004968643188470001,0.007736206054687,0.007293701171875001,0.509375,0.5094907407407401,0.00011574074074
1281422821001,128142282100,1,0,5745638294,1.0,"""[0.011505126953125002",0.015335083007812,0.01727294921875,0.01898193359375,0.020233154296875,0.02130126953125,0.0228271484375,0.02423095703125,0.02642822265625,0.029266357421875003," 0.039306640625]""",0.0635986328125,0.02197265625,1.7806645631790161,0.006600484717637,0.016937255859375,0.0004968643188470001,0.0076904296875,0.007324218749999999,0.503587962962962,0.503703703703703,0.00011574074074
1281422821001,128142282100,1,0,5745638294,1.0,"""[0.009841918945312",0.01324462890625,0.014541625976562,0.015655517578125,0.016265869140625,0.017059326171875,0.01776123046875,0.018798828125,0.020233154296875,0.0225830078125," 0.0323486328125]""",0.068359375,0.0177001953125,1.574615001678466,0.005787932779639,0.016937255859375,0.0004968643188470001,0.007080078125,0.006828308105468001,0.501967592592592,0.502083333333333,0.00011574074074
1281422821001,128142282100,1,0,5745638294,1.0,"""[0.0135498046875",0.018402099609375,0.019866943359375,0.021148681640625,0.02227783203125,0.02374267578125,0.025115966796875003,0.026702880859375003,0.02862548828125,0.031494140625," 0.04351806640625]""",0.0435791015625,0.024505615234375003,1.615699172019958,0.006329946685582,0.016937255859375,0.0004968643188470001,0.007575988769531,0.007324218749999999,0.503935185185185,0.504050925925925,0.00011574074074
1281422821001,128142282100,1,0,5745638294,1.0,"""[0.005874633789062",0.007316589355468001,0.008071899414062,0.008529663085937,0.009109497070312,0.009552001953125,0.009963989257812,0.010482788085937,0.011306762695312,0.012664794921875002," 0.02264404296875]""",0.0272216796875,0.009857177734375,1.972347378730773,0.006968574598431001,0.016937255859375,0.0004968643188470001,0.008209228515625,0.007888793945312,0.5048611111111111,0.504976851851851,0.00011574074074
1281422821001,128142282100,1,0,5745638294,1.0,"""[0.004959106445312",0.007293701171875001,0.007949829101562,0.008712768554687,0.009307861328125,0.009979248046875,0.010833740234375,0.011550903320312,0.012649536132812,0.013839721679687," 0.022918701171875003]""",0.022979736328125003,0.0103759765625,1.9222557544708252,0.0073383250273760005,0.016937255859375,0.0004968643188470001,0.0079345703125,0.007362365722656,0.5090277777777771,0.509143518518518,0.00011574074074
1281422821001,128142282100,1,0,5745638294,0.990000009536743,"""[0.003364562988281",0.005531311035156,0.006401062011718001,0.007064819335937,0.007553100585937,0.008514404296875,0.009796142578125,0.010696411132812,0.011993408203125002,0.014068603515625002," 0.02362060546875]""",0.0546875,0.009201049804687,1.9127308130264282,0.006250144913792,0.016937255859375,0.0004968643188470001,0.00811767578125,0.007652282714843001,0.505208333333333,0.5053240740740741,0.00011574074074
1281422821001,128142282100,1,0,5745638294,1.0,"""[0.006660461425781",0.009185791015625,0.010025024414062,0.010772705078125,0.011337280273437,0.01202392578125,0.012496948242187,0.013076782226562,0.013870239257812,0.015457153320312," 0.021240234375]""",0.0274658203125,0.012161254882812,2.029351472854614,0.006344724446535,0.016937255859375,0.0004968643188470001,0.008041381835937,0.007499694824218001,0.5053240740740741,0.505439814814814,0.00011574074074
1281422821001,128142282100,1,0,5745638294,1.0,"""[0.010635375976562",0.014923095703125002,0.016204833984375,0.018280029296875,0.021331787109375,0.024200439453125003,0.026824951171875003,0.0291748046875,0.031494140625,0.034912109375," 0.05706787109375]""",0.0570068359375,0.024627685546875003,1.6740504503250122,0.006212879903614001,0.016937255859375,0.0004968643188470001,0.007553100585937,0.007225036621093001,0.501504629629629,0.50162037037037,0.00011574074074
1281422821001,128142282100,1,0,5745638294,1.0,"""[0.009048461914062",0.012863159179687,0.01422119140625,0.01593017578125,0.01727294921875,0.0184326171875,0.019805908203125,0.02178955078125,0.02349853515625,0.026275634765625003," 0.03802490234375]""",0.0391845703125,0.019073486328125,1.58099353313446,0.006009217351675001,0.016937255859375,0.0004968643188470001,0.007598876953125001,0.007164001464843001,0.501736111111111,0.501851851851851,0.00011574074074
1281422821001,128142282100,1,0,5745638294,1.0,"""[0.00701904296875",0.00982666015625,0.011260986328125002,0.01263427734375,0.013809204101562,0.015029907226562,0.016021728515625,0.017425537109375,0.01885986328125,0.0216064453125," 0.02789306640625]""",0.05242919921875,0.01544189453125,1.702126860618591,0.006997764576226,0.016937255859375,0.0004968643188470001,0.008071899414062,0.007705688476562,0.5076388888888881,0.507754629629629,0.00011574074074
1281422821001,128142282100,1,0,5745638294,1.0,"""[0.007362365722656",0.010513305664062,0.011734008789062,0.012603759765625002,0.013565063476562,0.014358520507812,0.014999389648437,0.01611328125,0.017486572265625,0.019195556640625," 0.031158447265625003]""",0.03936767578125,0.014678955078125002,1.934945821762085,0.007061920128762,0.016937255859375,0.0004968643188470001,0.007904052734375,0.007354736328125001,0.5060185185185181,0.506134259259259,0.00011574074074
1281422821001,128142282100,1,0,5745638294,1.0,"""[0.007392883300781",0.013137817382812,0.015182495117187,0.01641845703125,0.017730712890625,0.018798828125,0.020111083984375,0.021759033203125,0.023773193359375003,0.027008056640625003," 0.04290771484375]""",0.0931396484375,0.019744873046875,1.776120543479919,0.005319530144333001,0.016937255859375,0.0004968643188470001,0.007400512695312,0.006912231445312,0.502430555555555,0.502546296296296,0.00011574074074
1281422821001,128142282100,1,0,5745638294,1.0,"""[0.007064819335937",0.010116577148437,0.012054443359375002,0.013031005859375002,0.014068603515625002,0.014816284179687,0.015655517578125,0.016754150390625,0.017608642578125,0.019134521484375," 0.02825927734375]""",0.0499267578125,0.0150146484375,1.807754635810852,0.006394446827471,0.016937255859375,0.0004968643188470001,0.007667541503906,0.007179260253906,0.5064814814814811,0.506597222222222,0.00011574074074
1281422821001,128142282100,1,0,5745638294,1.0,"""[0.004997253417968001",0.008087158203125,0.008773803710937,0.00927734375,0.009750366210937,0.010467529296875,0.010971069335937,0.01171875,0.0128173828125,0.015365600585937," 0.021759033203125]""",0.02239990234375,0.010955810546875,1.9222557544708252,0.0073383250273760005,0.016937255859375,0.0004968643188470001,0.00787353515625,0.007339477539062,0.509143518518518,0.5092592592592591,0.00011574074074
1281422821001,128142282100,1,0,5745638294,1.0,"""[0.004730224609375",0.010208129882812,0.011245727539062,0.012130737304687,0.013137817382812,0.014068603515625002,0.015121459960937,0.01678466796875,0.019287109375,0.02349853515625," 0.03387451171875]""",0.0400390625,0.015365600585937,1.682625293731689,0.006960136815905,0.016937255859375,0.0004968643188470001,0.008041381835937,0.007698059082031,0.507523148148148,0.5076388888888881,0.00011574074074
1281422821001,128142282100,1,0,5745638294,1.0,"""[0.00494384765625",0.00958251953125,0.010696411132812,0.011383056640625002,0.012496948242187,0.013336181640625002,0.014144897460937,0.015121459960937,0.01641845703125,0.0186767578125," 0.026092529296875003]""",0.03656005859375,0.01373291015625,1.721026062965393,0.007034230511635001,0.016937255859375,0.0004968643188470001,0.007736206054687,0.007469177246093001,0.507754629629629,0.5078703703703701,0.00011574074074
1281422821001,128142282100,1,0,5745638294,1.0,"""[0.006103515625",0.009674072265625,0.01080322265625,0.011764526367187,0.01263427734375,0.013412475585937,0.01409912109375,0.01483154296875,0.015777587890625,0.01788330078125," 0.026641845703125003]""",0.0386962890625,0.013641357421875002,1.934945821762085,0.007061920128762,0.016937255859375,0.0004968643188470001,0.007545471191406,0.007232666015625001,0.505902777777777,0.5060185185185181,0.00011574074074
1281422821001,128142282100,1,0,5745638294,1.0,"""[0.0093994140625",0.0162353515625,0.018798828125,0.01983642578125,0.02105712890625,0.022003173828125,0.023101806640625003,0.0245361328125,0.025970458984375003,0.029693603515625003," 0.036865234375]""",0.04901123046875,0.022369384765625003,1.939017534255981,0.007506446447223001,0.016937255859375,0.0004968643188470001,0.007064819335937,0.006858825683593001,0.500231481481481,0.500347222222222,0.00011574074074
1281422821001,128142282100,1,0,5745638294,1.0,"""[0.010009765625",0.015228271484375002,0.01739501953125,0.01885986328125,0.0196533203125,0.021026611328125,0.02264404296875,0.024261474609375003,0.026153564453125003,0.02972412109375," 0.040283203125]""",0.05767822265625,0.02197265625,1.776120543479919,0.005319530144333001,0.016937255859375,0.0004968643188470001,0.007514953613281,0.007102966308593001,0.502546296296296,0.502662037037037,0.00011574074074
1281422821001,128142282100,1,0,5745638294,1.0,"""[0.006462097167968001",0.012664794921875002,0.014068603515625002,0.014877319335937,0.016021728515625,0.0169677734375,0.017913818359375,0.019500732421875,0.020721435546875,0.02252197265625," 0.03204345703125]""",0.0592041015625,0.017333984375,2.002055168151855,0.007712069433182001,0.016937255859375,0.0004968643188470001,0.007461547851562,0.006980895996093001,0.500694444444444,0.500810185185185,0.00011574074074
1281422821001,128142282100,1,0,5745638294,1.0,"""[0.004951477050781",0.006057739257812,0.006675720214843001,0.007217407226562,0.007705688476562,0.008163452148437,0.008560180664062,0.009246826171875,0.009735107421875,0.010635375976562," 0.0150146484375]""",0.018157958984375,0.008331298828125,1.869977593421936,0.0074070906266570005,0.016937255859375,0.0004968643188470001,0.008026123046875,0.007713317871093001,0.5085648148148141,0.508680555555555,0.00011574074074
1281422821001,128142282100,1,0,5745638294,1.0,"""[0.011642456054687",0.01751708984375,0.0186767578125,0.02008056640625,0.021270751953125,0.022003173828125,0.02301025390625,0.024444580078125003,0.0257568359375,0.02825927734375," 0.04022216796875]""",0.04022216796875,0.02252197265625,1.763022780418396,0.006676251068711001,0.016937255859375,0.0004968643188470001,0.007743835449218001,0.00738525390625,0.5069444444444441,0.507060185185185,0.00011574074074
1281422821001,128142282100,1,0,5745638294,1.0,"""[0.006027221679687",0.008987426757812,0.010040283203125,0.010818481445312,0.011642456054687,0.012527465820312,0.013229370117187,0.01434326171875,0.015838623046875,0.017730712890625," 0.02392578125]""",0.03875732421875,0.01300048828125,1.934945821762085,0.007061920128762,0.016937255859375,0.0004968643188470001,0.00787353515625,0.007293701171875001,0.5057870370370371,0.505902777777777,0.00011574074074
