UniqJobId,collection_id,instance_index,priority,machine_id,sample_rate,cpu_usage_distribution1,cpu_usage_distribution2,cpu_usage_distribution3,cpu_usage_distribution4,cpu_usage_distribution5,cpu_usage_distribution6,cpu_usage_distribution7,cpu_usage_distribution8,cpu_usage_distribution9,cpu_usage_distribution10,cpu_usage_distribution11,max_cpu,avg_cpu,cycles_per_instruction,memory_accesses_per_instruction,assigned_memory,page_cache_memory,max_memory,avg_memory,start_time,end_time,time_window
1283813430120,128381343012,0,0,373578576842,1.0,"""[0.010421752929687",0.012481689453125002,0.013656616210937,0.014862060546875002,0.015136718749999998,0.015609741210937,0.016265869140625,0.017181396484375,0.017913818359375,0.019012451171875," 0.023590087890625003]""",0.023590087890625003,0.0159912109375,3.497057437896728,0.022282693535089,0.007530212402343001,0.001276016235351,0.004425048828125,0.004417419433593001,0.507895447530864,0.507907407407407,1.1959876543209873e-05
1283813430120,128381343012,0,0,373578576842,1.0,"""[0.004287719726562",0.006324768066406,0.008102416992187,0.010101318359375,0.010711669921875,0.01171875,0.013214111328125002,0.014892578125,0.016021728515625,0.018524169921875," 0.0411376953125]""",0.0411376953125,0.012588500976562,3.09395694732666,0.017741935327649002,0.007530212402343001,0.001276016235351,0.004478454589843001,0.004470825195312,0.5094228395061721,0.5094799382716051,5.709876543209876e-05
1283813430120,128381343012,0,0,373578576842,1.0,"""[0.006629943847656",0.006629943847656,0.007209777832031,0.00927734375,0.011184692382812,0.011474609375,0.011749267578125002,0.013031005859375002,0.01397705078125,0.015335083007812," 0.015335083007812]""",0.0146484375,0.011581420898437,3.054617404937744,0.0200034994632,0.007530212402343001,0.001276016235351,0.004440307617187,0.004440307617187,0.5083302469135801,0.5083333333333331,3.0864197530864187e-06
1283813430120,128381343012,0,0,373578576842,1.0,"""[0.006797790527343001",0.009780883789062,0.010360717773437,0.010711669921875,0.011184692382812,0.01251220703125,0.01324462890625,0.013900756835937,0.015228271484375002,0.0164794921875," 0.020660400390625]""",0.027069091796875003,0.012466430664062,3.497057437896728,0.022282693535089,0.007530212402343001,0.001276016235351,0.004409790039062,0.004409790039062,0.507969521604938,0.507986111111111,1.6589506172839503e-05
1283813430120,128381343012,0,0,373578576842,1.0,"""[0.009841918945312",0.013275146484375002,0.014083862304687,0.014297485351562,0.014556884765625002,0.015060424804687,0.015579223632812,0.016357421875,0.017181396484375,0.0185546875," 0.02178955078125]""",0.021820068359375,0.015472412109375002,3.497057437896728,0.022282693535089,0.007530212402343001,0.001276016235351,0.004432678222656,0.004417419433593001,0.5081018518518511,0.508116512345679,1.4660493827160491e-05
1283813430120,128381343012,0,0,373578576842,0.9911504387855531,"""[0.003929138183593001",0.00543212890625,0.00628662109375,0.007171630859375001,0.007919311523437,0.009109497070312,0.011520385742187,0.013641357421875002,0.0142822265625,0.014602661132812," 0.021026611328125]""",0.03826904296875,0.0101318359375,3.054617404937744,0.0200034994632,0.007530212402343001,0.001276016235351,0.004447937011718001,0.004440307617187,0.5083333333333331,0.508376929012345,4.359567901234568e-05
1283813430120,128381343012,0,0,373578576842,1.0,"""[0.005256652832031",0.006523132324218001,0.007301330566406,0.007766723632812,0.008270263671875,0.0087890625,0.009521484375,0.010101318359375,0.011077880859375,0.012588500976562," 0.018341064453125]""",0.0205078125,0.009262084960937,2.958399057388305,0.019432432949543003,0.007530212402343001,0.001276016235351,0.004302978515625,0.004295349121093001,0.501041666666666,0.501157407407407,0.00011574074074
1283813430120,128381343012,0,0,373578576842,1.0,"""[0.006149291992187",0.008132934570312,0.009475708007812,0.010498046875,0.011093139648437,0.012130737304687,0.013031005859375002,0.01385498046875,0.015350341796875002,0.0172119140625," 0.02484130859375]""",0.03192138671875,0.012603759765625002,3.010988473892211,0.020538723096251002,0.007530212402343001,0.001276016235351,0.004402160644531,0.004402160644531,0.5069444444444441,0.507060185185185,0.00011574074074
1283813430120,128381343012,0,0,373578576842,1.0,"""[0.005630493164062",0.008346557617187,0.010177612304687,0.011245727539062,0.012054443359375002,0.012542724609375002,0.013473510742187,0.014297485351562,0.015182495117187,0.016845703125," 0.03277587890625]""",0.03271484375,0.012908935546875002,3.09395694732666,0.017741935327649002,0.007530212402343001,0.001276016235351,0.00445556640625,0.00445556640625,0.5090277777777771,0.509064429012345,3.6651234567901234e-05
1283813430120,128381343012,0,0,373578576842,0.983333349227905,"""[0.002876281738281",0.005897521972656,0.007545471191406,0.008148193359375,0.008926391601562,0.009811401367187,0.010284423828125,0.010879516601562,0.011520385742187,0.01324462890625," 0.022979736328125003]""",0.0732421875,0.009658813476562,3.62466549873352,0.023068228736519,0.007530212402343001,0.001276016235351,0.004310607910156,0.004295349121093001,0.50162037037037,0.501736111111111,0.00011574074074
1283813430120,128381343012,0,0,373578576842,1.0,"""[0.004554748535156",0.006034851074218001,0.007858276367187,0.009994506835937,0.011505126953125002,0.013015747070312,0.014984130859375002,0.01641845703125,0.01812744140625,0.021453857421875," 0.035888671875]""",0.04779052734375,0.013275146484375002,3.09395694732666,0.017741935327649002,0.007530212402343001,0.001276016235351,0.00445556640625,0.004440307617187,0.5089371141975301,0.5090003858024691,6.32716049382716e-05
1283813430120,128381343012,0,0,373578576842,1.0,"""[0.011566162109375002",0.011566162109375002,0.011566162109375002,0.011566162109375002,0.011566162109375002,0.012832641601562,0.014083862304687,0.014083862304687,0.014083862304687,0.014083862304687," 0.014083862304687]""",0.03070068359375,0.010223388671875,3.09395694732666,0.017741935327649002,0.007530212402343001,0.001276016235351,0.004470825195312,0.004470825195312,0.509299382716049,0.509300540123456,1.157407407407407e-06
1283813430120,128381343012,0,0,373578576842,1.0,"""[0.006866455078125001",0.007843017578125,0.008438110351562,0.009307861328125,0.010894775390625,0.0113525390625,0.012985229492187,0.014602661132812,0.017364501953125,0.02276611328125," 0.031494140625]""",0.05230712890625,0.013778686523437,3.09395694732666,0.017741935327649002,0.007530212402343001,0.001276016235351,0.004478454589843001,0.004470825195312,0.5094799382716051,0.5094907407407401,1.080246913580246e-05
1283813430120,128381343012,0,0,373578576842,0.9866666793823241,"""[0.003009796142578",0.005691528320312,0.006332397460937,0.007278442382812,0.008026123046875,0.008956909179687,0.009780883789062,0.010772705078125,0.012420654296875002,0.014724731445312," 0.02862548828125]""",0.04034423828125,0.009597778320312,3.747918128967285,0.024088760837912,0.007530212402343001,0.001276016235351,0.00439453125,0.004386901855468001,0.505902777777777,0.5060185185185181,0.00011574074074
1283813430120,128381343012,0,0,373578576842,1.0,"""[0.003177642822265",0.004783630371093001,0.00555419921875,0.006423950195312,0.006881713867187,0.007591247558593001,0.008071899414062,0.008743286132812,0.009765625,0.011459350585937," 0.035888671875]""",0.03582763671875,0.008224487304687,3.52150297164917,0.022941529750823003,0.007530212402343001,0.001276016235351,0.004325866699218001,0.004310607910156,0.500347222222222,0.500462962962963,0.00011574074074
1283813430120,128381343012,0,0,373578576842,0.996666669845581,"""[0.00311279296875",0.005256652832031,0.005996704101562,0.00701904296875,0.00775146484375,0.00848388671875,0.0093994140625,0.010284423828125,0.011474609375,0.01483154296875," 0.0338134765625]""",0.03375244140625,0.009445190429687,3.724111795425415,0.023806283250451,0.007530212402343001,0.001276016235351,0.004318237304687,0.004310607910156,0.502314814814814,0.502430555555555,0.00011574074074
1283813430120,128381343012,0,0,373578576842,0.996666669845581,"""[0.002632141113281",0.005378723144531,0.006759643554687,0.007537841796875001,0.00830078125,0.009185791015625,0.010025024414062,0.01123046875,0.012557983398437,0.014724731445312," 0.028900146484375003]""",0.02899169921875,0.00970458984375,3.596197605133056,0.023113256320357004,0.007530212402343001,0.001276016235351,0.004348754882812,0.00433349609375,0.504976851851851,0.5050925925925921,0.00011574074074
1283813430120,128381343012,0,0,373578576842,0.996666669845581,"""[0.005073547363281",0.006515502929687,0.007431030273437,0.008193969726562,0.0086669921875,0.009307861328125,0.0101318359375,0.0108642578125,0.011734008789062,0.013107299804687," 0.018035888671875]""",0.0328369140625,0.009689331054687,3.513670444488525,0.022462531924247003,0.007530212402343001,0.001276016235351,0.004295349121093001,0.004287719726562,0.501157407407407,0.501273148148148,0.00011574074074
1283813430120,128381343012,0,0,373578576842,1.0,"""[0.007415771484375001",0.009567260742187,0.010757446289062,0.01153564453125,0.012466430664062,0.0133056640625,0.01397705078125,0.014495849609375002,0.015365600585937,0.01800537109375," 0.029449462890625003]""",0.04144287109375,0.01361083984375,3.497057437896728,0.022282693535089,0.007530212402343001,0.001276016235351,0.004447937011718001,0.004440307617187,0.5076388888888881,0.507754629629629,0.00011574074074
1283813430120,128381343012,0,0,373578576842,1.0,"""[0.003437042236328",0.006668090820312,0.00775146484375,0.008544921875,0.009262084960937,0.010025024414062,0.010940551757812,0.011932373046875002,0.012969970703125002,0.014785766601562," 0.0196533203125]""",0.03070068359375,0.010345458984375,3.699662685394287,0.022747870534658002,0.007530212402343001,0.001276016235351,0.004295349121093001,0.004287719726562,0.501851851851851,0.501967592592592,0.00011574074074
1283813430120,128381343012,0,0,373578576842,1.0,"""[0.005470275878906",0.006813049316406,0.007217407226562,0.00823974609375,0.009231567382812,0.010696411132812,0.01153564453125,0.0128173828125,0.013992309570312,0.017059326171875," 0.030853271484375003]""",0.03656005859375,0.0115966796875,3.09395694732666,0.017741935327649002,0.007530212402343001,0.001276016235351,0.00445556640625,0.00445556640625,0.5090003858024691,0.5090277777777771,2.739197530864197e-05
1283813430120,128381343012,0,0,373578576842,1.0,"""[0.002998352050781",0.004890441894531,0.005821228027343001,0.006568908691406,0.007179260253906,0.007728576660156,0.008621215820312,0.009872436523437,0.0118408203125,0.01397705078125," 0.03131103515625]""",0.0316162109375,0.009002685546875,3.429793119430542,0.020852638408541003,0.007530212402343001,0.001276016235351,0.004364013671875,0.004341125488281,0.503935185185185,0.504050925925925,0.00011574074074
1283813430120,128381343012,0,0,373578576842,0.9933333396911621,"""[0.005035400390625",0.006668090820312,0.007698059082031,0.008743286132812,0.009689331054687,0.010452270507812,0.011764526367187,0.012893676757812,0.01446533203125,0.01629638671875," 0.0240478515625]""",0.0673828125,0.011276245117187,3.639472723007202,0.023034675046801,0.007530212402343001,0.001276016235351,0.004386901855468001,0.004379272460937,0.5060185185185181,0.506134259259259,0.00011574074074
1283813430120,128381343012,0,0,373578576842,0.9911504387855531,"""[0.004226684570312",0.006553649902343001,0.008697509765625,0.009765625,0.010482788085937,0.01080322265625,0.011428833007812,0.01318359375,0.014938354492187,0.016082763671875," 0.018951416015625]""",0.0321044921875,0.011199951171875002,3.497057437896728,0.022282693535089,0.007530212402343001,0.001276016235351,0.004417419433593001,0.004409790039062,0.507986111111111,0.508029706790123,4.359567901234568e-05
1283813430120,128381343012,0,0,373578576842,0.996666669845581,"""[0.004905700683593001",0.006889343261718001,0.007514953613281,0.007980346679687,0.008560180664062,0.009323120117187,0.010009765625,0.010711669921875,0.011642456054687,0.013275146484375002," 0.021514892578125]""",0.03118896484375,0.009658813476562,3.62466549873352,0.023068228736519,0.007530212402343001,0.001276016235351,0.004310607910156,0.004295349121093001,0.501273148148148,0.501388888888888,0.00011574074074
1283813430120,128381343012,0,0,373578576842,1.0,"""[0.004798889160156",0.007423400878906,0.008697509765625,0.009765625,0.01068115234375,0.01129150390625,0.012313842773437,0.013046264648437,0.014266967773437,0.0162353515625," 0.0361328125]""",0.03631591796875,0.011810302734375002,3.010988473892211,0.020538723096251002,0.007530212402343001,0.001276016235351,0.004425048828125,0.004409790039062,0.5071759259259261,0.507291666666666,0.00011574074074
1283813430120,128381343012,0,0,373578576842,1.0,"""[0.0037040710449210003",0.005828857421875001,0.007072448730468001,0.008102416992187,0.0089111328125,0.009750366210937,0.010421752929687,0.011611938476562,0.0133056640625,0.015274047851562," 0.02996826171875]""",0.03179931640625,0.010208129882812,3.651727676391601,0.023470293730497003,0.007530212402343001,0.001276016235351,0.004341125488281,0.004325866699218001,0.5053240740740741,0.505439814814814,0.00011574074074
1283813430120,128381343012,0,0,373578576842,1.0,"""[0.005615234375",0.007492065429687,0.007965087890625,0.008514404296875,0.008865356445312,0.009429931640625,0.009780883789062,0.010360717773437,0.01092529296875,0.01226806640625," 0.018768310546875]""",0.026123046875,0.009674072265625,3.62466549873352,0.023068228736519,0.007530212402343001,0.001276016235351,0.004310607910156,0.004295349121093001,0.501504629629629,0.50162037037037,0.00011574074074
1283813430120,128381343012,0,0,373578576842,0.9788732528686521,"""[0.005020141601562",0.007232666015625001,0.00823974609375,0.009033203125,0.009552001953125,0.010040283203125,0.010848999023437,0.011886596679687,0.013397216796875002,0.01568603515625," 0.024139404296875003]""",0.0379638671875,0.011016845703125,3.596197605133056,0.023113256320357004,0.007530212402343001,0.001276016235351,0.00433349609375,0.004325866699218001,0.5048672839506171,0.504976851851851,0.000109567901234
1283813430120,128381343012,0,0,373578576842,1.0,"""[0.006118774414062",0.009658813476562,0.010787963867187,0.011474609375,0.012130737304687,0.012893676757812,0.013809204101562,0.014785766601562,0.016998291015625,0.020477294921875," 0.033447265625]""",0.033447265625,0.013992309570312,3.367785453796386,0.020393876358866,0.007530212402343001,0.001276016235351,0.00439453125,0.004386901855468001,0.506368827160493,0.5064814814814811,0.00011265432098700001
1283813430120,128381343012,0,0,373578576842,1.0,"""[0.004905700683593001",0.008544921875,0.009445190429687,0.010269165039062,0.01080322265625,0.011306762695312,0.011886596679687,0.012451171875,0.013656616210937,0.015304565429687," 0.0208740234375]""",0.020843505859375,0.01153564453125,3.054617404937744,0.0200034994632,0.007530212402343001,0.001276016235351,0.004432678222656,0.004432678222656,0.508521604938271,0.5085648148148141,4.3209876543209875e-05
1283813430120,128381343012,0,0,373578576842,0.9919354915618891,"""[0.0028495788574210003",0.004661560058593001,0.005142211914062,0.00628662109375,0.008270263671875,0.009902954101562,0.01177978515625,0.013778686523437,0.0167236328125,0.018890380859375," 0.023712158203125003]""",0.0869140625,0.010986328125,3.09395694732666,0.017741935327649002,0.007530212402343001,0.001276016235351,0.004470825195312,0.004470825195312,0.5094907407407401,0.509538580246913,4.7839506172839504e-05
1283813430120,128381343012,0,0,373578576842,1.0,"""[0.003425598144531",0.006004333496093001,0.006950378417968001,0.007827758789062,0.009048461914062,0.009994506835937,0.01092529296875,0.01202392578125,0.013442993164062,0.01708984375," 0.028076171875]""",0.0596923828125,0.010604858398437,3.57837176322937,0.021896747872233002,0.007530212402343001,0.001276016235351,0.004348754882812,0.00433349609375,0.504513888888888,0.504629629629629,0.00011574074074
1283813430120,128381343012,0,0,373578576842,1.0,"""[0.0038566589355460003",0.007171630859375001,0.008377075195312,0.009994506835937,0.0111083984375,0.0125732421875,0.014022827148437,0.015426635742187,0.016876220703125,0.0206298828125," 0.028900146484375003]""",0.030975341796875003,0.012924194335937,3.054617404937744,0.0200034994632,0.007530212402343001,0.001276016235351,0.004425048828125,0.004417419433593001,0.5085648148148141,0.508647762345679,8.294753086419753e-05
1283813430120,128381343012,0,0,373578576842,1.0,"""[0.004974365234375",0.007545471191406,0.008453369140625,0.009140014648437,0.010177612304687,0.011016845703125,0.01165771484375,0.012466430664062,0.013656616210937,0.015228271484375002," 0.03240966796875]""",0.04901123046875,0.01129150390625,3.023071527481079,0.020533820614218,0.007530212402343001,0.001276016235351,0.004417419433593001,0.004379272460937,0.506828703703703,0.5069444444444441,0.00011574074074
1283813430120,128381343012,0,0,373578576842,1.0,"""[0.005027770996093001",0.008499145507812,0.010269165039062,0.011154174804687,0.012222290039062,0.01336669921875,0.0146484375,0.01739501953125,0.020904541015625,0.024017333984375003," 0.04058837890625]""",0.0660400390625,0.015365600585937,3.063072204589843,0.019517447799444,0.007530212402343001,0.001276016235351,0.004447937011718001,0.004432678222656,0.5087962962962961,0.508895061728395,9.876543209876544e-05
1283813430120,128381343012,0,0,373578576842,0.984615385532379,"""[0.003410339355468",0.004730224609375,0.005760192871093001,0.006607055664062,0.007247924804687,0.008544921875,0.011062622070312,0.012557983398437,0.014297485351562,0.01678466796875," 0.027740478515625003]""",0.02783203125,0.009552001953125,3.09395694732666,0.017741935327649002,0.007530212402343001,0.001276016235351,0.00445556640625,0.004440307617187,0.508912037037037,0.5089371141975301,2.5077160493827152e-05
1283813430120,128381343012,0,0,373578576842,0.9966101646423341,"""[0.004074096679687",0.006698608398437,0.007583618164062,0.008224487304687,0.0087890625,0.009597778320312,0.010101318359375,0.011138916015625,0.012161254882812,0.014114379882812," 0.020751953125]""",0.04742431640625,0.010009765625,3.364882946014404,0.020884506404399,0.007530212402343001,0.001276016235351,0.00433349609375,0.004325866699218001,0.50324074074074,0.5033545524691351,0.00011381172839500001
1283813430120,128381343012,0,0,373578576842,1.0,"""[0.008056640625",0.009048461914062,0.009628295898437,0.010391235351562,0.010971069335937,0.011962890625,0.013290405273437,0.013809204101562,0.014297485351562,0.014907836914062," 0.02349853515625]""",0.02349853515625,0.012069702148437,3.09395694732666,0.017741935327649002,0.007530212402343001,0.001276016235351,0.004478454589843001,0.004470825195312,0.5092592592592591,0.509299382716049,4.012345679012345e-05
1283813430120,128381343012,0,0,373578576842,0.996666669845581,"""[0.005226135253906",0.006996154785156,0.007781982421875001,0.00836181640625,0.0089111328125,0.00946044921875,0.010025024414062,0.010635375976562,0.01141357421875,0.0123291015625," 0.0264892578125]""",0.04925537109375,0.00982666015625,3.429793119430542,0.020852638408541003,0.007530212402343001,0.001276016235351,0.004341125488281,0.004325866699218001,0.503587962962962,0.503703703703703,0.00011574074074
1283813430120,128381343012,0,0,373578576842,1.0,"""[0.004249572753906",0.006698608398437,0.007713317871093001,0.008804321289062,0.009521484375,0.010452270507812,0.011505126953125002,0.012619018554687,0.014144897460937,0.0159912109375," 0.03240966796875]""",0.05419921875,0.01123046875,3.284231185913085,0.021519092842936002,0.007530212402343001,0.001276016235351,0.004447937011718001,0.004440307617187,0.507523148148148,0.5076388888888881,0.00011574074074
1283813430120,128381343012,0,0,373578576842,0.9919999837875361,"""[0.006721496582031",0.008102416992187,0.008697509765625,0.009048461914062,0.009490966796875,0.009994506835937,0.010360717773437,0.010879516601562,0.0115966796875,0.013031005859375002," 0.015777587890625]""",0.047119140625,0.010238647460937,3.636043071746826,0.023019630461931003,0.007530212402343001,0.001276016235351,0.004302978515625,0.004295349121093001,0.501736111111111,0.5017843364197531,4.8225308641975306e-05
1283813430120,128381343012,0,0,373578576842,1.0,"""[0.006027221679687",0.007949829101562,0.008926391601562,0.009796142578125,0.010391235351562,0.011322021484375002,0.012466430664062,0.013153076171875002,0.014053344726562,0.01580810546875," 0.0279541015625]""",0.02789306640625,0.011795043945312,3.054617404937744,0.0200034994632,0.007530212402343001,0.001276016235351,0.00445556640625,0.004447937011718001,0.508376929012345,0.508449074074074,7.214506172839507e-05
1283813430120,128381343012,0,0,373578576842,1.0,"""[0.004920959472656",0.0074462890625,0.00909423828125,0.009841918945312,0.01043701171875,0.01129150390625,0.01251220703125,0.013748168945312,0.015411376953125002,0.01922607421875," 0.03265380859375]""",0.0322265625,0.012527465820312,3.054617404937744,0.0200034994632,0.007530212402343001,0.001276016235351,0.004447937011718001,0.004440307617187,0.508226466049382,0.5083302469135801,0.00010378086419700001
1283813430120,128381343012,0,0,373578576842,1.0,"""[0.007095336914062",0.008529663085937,0.009750366210937,0.010040283203125,0.011672973632812,0.01312255859375,0.014556884765625002,0.015213012695312,0.01544189453125,0.0191650390625," 0.0218505859375]""",0.021820068359375,0.013351440429687,3.09395694732666,0.017741935327649002,0.007530212402343001,0.001276016235351,0.004478454589843001,0.004470825195312,0.5093649691358021,0.509375,1.003086419753086e-05
1283813430120,128381343012,0,0,373578576842,0.9961832165718071,"""[0.004440307617187",0.006546020507812,0.007545471191406,0.008544921875,0.0096435546875,0.010818481445312,0.011764526367187,0.0126953125,0.014328002929687,0.0166015625," 0.03094482421875]""",0.0386962890625,0.011276245117187,3.227530479431152,0.020894248038530003,0.007530212402343001,0.001276016235351,0.004440307617187,0.004432678222656,0.508116512345679,0.508217592592592,0.000101080246913
1283813430120,128381343012,0,0,373578576842,0.9933333396911621,"""[0.002887725830078",0.006546020507812,0.007240295410156,0.007766723632812,0.008193969726562,0.008773803710937,0.009506225585937,0.010208129882812,0.011215209960937,0.012222290039062," 0.0396728515625]""",0.096923828125,0.009506225585937,3.699662685394287,0.022747870534658002,0.007530212402343001,0.001276016235351,0.004341125488281,0.00433349609375,0.501967592592592,0.502083333333333,0.00011574074074
1283813430120,128381343012,0,0,373578576842,1.0,"""[0.003654479980468",0.006317138671875001,0.007041931152343001,0.007652282714843001,0.008163452148437,0.00885009765625,0.009536743164062,0.010299682617187,0.011734008789062,0.013351440429687," 0.0357666015625]""",0.03570556640625,0.009552001953125,3.557063102722168,0.021747006103396003,0.007530212402343001,0.001276016235351,0.004348754882812,0.00433349609375,0.504166666666666,0.504282407407407,0.00011574074074
1283813430120,128381343012,0,0,373578576842,0.996666669845581,"""[0.003360748291015",0.006736755371093001,0.00836181640625,0.009353637695312,0.010330200195312,0.0113525390625,0.012466430664062,0.013534545898437,0.015243530273437,0.01824951171875," 0.032958984375]""",0.0982666015625,0.012374877929687,3.367785453796386,0.020393876358866,0.007530212402343001,0.001276016235351,0.004402160644531,0.00439453125,0.5064814814814811,0.506597222222222,0.00011574074074
1283813430120,128381343012,0,0,373578576842,0.9933333396911621,"""[0.0031394958496090003",0.005264282226562,0.006126403808593001,0.006866455078125001,0.007553100585937,0.0084228515625,0.009185791015625,0.010025024414062,0.01123046875,0.014312744140625002," 0.04315185546875]""",0.0531005859375,0.009552001953125,3.757454633712768,0.02524971216917,0.007530212402343001,0.001276016235351,0.004356384277343001,0.004341125488281,0.502662037037037,0.502777777777777,0.00011574074074
1283813430120,128381343012,0,0,373578576842,1.0,"""[0.00299072265625",0.004837036132812,0.007369995117187,0.00860595703125,0.009719848632812,0.010711669921875,0.011871337890625002,0.013717651367187,0.014846801757812,0.017303466796875," 0.0277099609375]""",0.0462646484375,0.011276245117187,3.367785453796386,0.020393876358866,0.007530212402343001,0.001276016235351,0.004402160644531,0.004386901855468001,0.506597222222222,0.5067129629629631,0.00011574074074
1283813430120,128381343012,0,0,373578576842,0.9933333396911621,"""[0.005081176757812",0.006980895996093001,0.00775146484375,0.008346557617187,0.008758544921875,0.009323120117187,0.009902954101562,0.010772705078125,0.011703491210937,0.013153076171875002," 0.01715087890625]""",0.03326416015625,0.009765625,3.429793119430542,0.020852638408541003,0.007530212402343001,0.001276016235351,0.00433349609375,0.004325866699218001,0.503703703703703,0.503819444444444,0.00011574074074
1283813430120,128381343012,0,0,373578576842,0.9933775067329401,"""[0.005378723144531",0.008438110351562,0.010147094726562,0.011184692382812,0.012466430664062,0.013168334960937,0.013839721679687,0.014816284179687,0.016937255859375,0.021026611328125," 0.029266357421875003]""",0.03582763671875,0.013870239257812,3.09395694732666,0.017741935327649002,0.007530212402343001,0.001276016235351,0.004463195800781,0.004447937011718001,0.509064429012345,0.509122685185185,5.8256172839506175e-05
1283813430120,128381343012,0,0,373578576842,0.990000009536743,"""[0.003822326660156",0.006362915039062,0.007255554199218001,0.007919311523437,0.00860595703125,0.00921630859375,0.009918212890625,0.010665893554687,0.011444091796875002,0.012832641601562," 0.029754638671875003]""",0.04193115234375,0.009552001953125,3.699662685394287,0.022747870534658002,0.007530212402343001,0.001276016235351,0.00433349609375,0.004318237304687,0.502083333333333,0.502199074074074,0.00011574074074
1283813430120,128381343012,0,0,373578576842,1.0,"""[0.0028381347656250004",0.004859924316406,0.006278991699218001,0.007286071777343001,0.00787353515625,0.008544921875,0.009292602539062,0.010284423828125,0.011611938476562,0.013580322265625002," 0.03558349609375]""",0.03643798828125,0.009292602539062,3.429793119430542,0.020852638408541003,0.007530212402343001,0.001276016235351,0.004356384277343001,0.004348754882812,0.504050925925925,0.504166666666666,0.00011574074074
1283813430120,128381343012,0,0,373578576842,1.0,"""[0.002655029296875",0.004135131835937,0.004959106445312,0.0054931640625,0.006141662597656,0.006736755371093001,0.007240295410156,0.008453369140625,0.010528564453125,0.014663696289062," 0.04266357421875]""",0.0426025390625,0.008285522460937,3.757454633712768,0.02524971216917,0.007530212402343001,0.001276016235351,0.00433349609375,0.004318237304687,0.502430555555555,0.502546296296296,0.00011574074074
1283813430120,128381343012,0,0,373578576842,0.9866666793823241,"""[0.003059387207031",0.004127502441406,0.005645751953125001,0.006790161132812,0.007553100585937,0.008544921875,0.009262084960937,0.00994873046875,0.0108642578125,0.0140380859375," 0.028839111328125003]""",0.0400390625,0.008865356445312,3.757454633712768,0.02524971216917,0.007530212402343001,0.001276016235351,0.004325866699218001,0.004310607910156,0.502546296296296,0.502662037037037,0.00011574074074
1283813430120,128381343012,0,0,373578576842,1.0,"""[0.005180358886718001",0.007537841796875001,0.008392333984375,0.008926391601562,0.009796142578125,0.010330200195312,0.0108642578125,0.011917114257812,0.013656616210937,0.01507568359375," 0.022613525390625003]""",0.02545166015625,0.010894775390625,3.054617404937744,0.0200034994632,0.007530212402343001,0.001276016235351,0.004440307617187,0.004432678222656,0.508449074074074,0.508521604938271,7.253086419753086e-05
1283813430120,128381343012,0,0,373578576842,0.996666669845581,"""[0.004829406738281",0.006980895996093001,0.007919311523437,0.008529663085937,0.009109497070312,0.009674072265625,0.010360717773437,0.011001586914062,0.011962890625,0.013473510742187," 0.0198974609375]""",0.03582763671875,0.010025024414062,2.958399057388305,0.019432432949543003,0.007530212402343001,0.001276016235351,0.004302978515625,0.004287719726562,0.500925925925925,0.501041666666666,0.00011574074074
1283813430120,128381343012,0,0,373578576842,1.0,"""[0.00750732421875",0.0096435546875,0.010528564453125,0.011199951171875002,0.0113525390625,0.012344360351562,0.012680053710937,0.013229370117187,0.01361083984375,0.014266967773437," 0.014846801757812]""",0.014862060546875002,0.01202392578125,3.596197605133056,0.023113256320357004,0.007530212402343001,0.001276016235351,0.004325866699218001,0.004325866699218001,0.5048611111111111,0.5048672839506171,6.172839506172839e-06
1283813430120,128381343012,0,0,373578576842,1.0,"""[0.00335693359375",0.00592041015625,0.007049560546875001,0.007698059082031,0.00823974609375,0.00872802734375,0.00927734375,0.009872436523437,0.0111083984375,0.012588500976562," 0.0196533203125]""",0.027130126953125003,0.009063720703125,3.364882946014404,0.020884506404399,0.007530212402343001,0.001276016235351,0.004310607910156,0.004302978515625,0.5031249999999999,0.50324074074074,0.00011574074074
1283813430120,128381343012,0,0,373578576842,1.0,"""[0.006576538085937",0.007637023925781,0.008621215820312,0.009353637695312,0.010147094726562,0.010635375976562,0.011550903320312,0.012359619140625002,0.0137939453125,0.016143798828125," 0.03680419921875]""",0.03692626953125,0.011505126953125002,3.010988473892211,0.020538723096251002,0.007530212402343001,0.001276016235351,0.004417419433593001,0.004409790039062,0.507060185185185,0.5071759259259261,0.00011574074074
1283813430120,128381343012,0,0,373578576842,1.0,"""[0.004684448242187",0.007164001464843001,0.008193969726562,0.009063720703125,0.0098876953125,0.01055908203125,0.011138916015625,0.011825561523437,0.01324462890625,0.014541625976562," 0.0223388671875]""",0.022369384765625003,0.010757446289062,3.368234157562255,0.020882859826087,0.007530212402343001,0.001276016235351,0.004356384277343001,0.004348754882812,0.503472222222222,0.503587962962962,0.00011574074074
1283813430120,128381343012,0,0,373578576842,0.9933333396911621,"""[0.00421142578125",0.006309509277343001,0.007522583007812,0.008544921875,0.009368896484375,0.010787963867187,0.011489868164062,0.012542724609375002,0.01361083984375,0.0157470703125," 0.023468017578125003]""",0.03717041015625,0.01080322265625,3.747918128967285,0.024088760837912,0.007530212402343001,0.001276016235351,0.004348754882812,0.00433349609375,0.505439814814814,0.5055555555555551,0.00011574074074
1283813430120,128381343012,0,0,373578576842,0.990000009536743,"""[0.005516052246093001",0.007514953613281,0.008499145507812,0.009048461914062,0.009735107421875,0.010391235351562,0.010955810546875,0.011474609375,0.012176513671875002,0.013671875," 0.020416259765625]""",0.068115234375,0.010574340820312,3.747918128967285,0.024088760837912,0.007530212402343001,0.001276016235351,0.004348754882812,0.00433349609375,0.5055555555555551,0.505671296296296,0.00011574074074
1283813430120,128381343012,0,0,373578576842,1.0,"""[0.0028343200683590003",0.006423950195312,0.007698059082031,0.00823974609375,0.00872802734375,0.009353637695312,0.009918212890625,0.010833740234375,0.012161254882812,0.014419555664062," 0.04144287109375]""",0.04205322265625,0.009994506835937,3.429793119430542,0.020852638408541003,0.007530212402343001,0.001276016235351,0.004341125488281,0.004325866699218001,0.503819444444444,0.503935185185185,0.00011574074074
1283813430120,128381343012,0,0,373578576842,1.0,"""[0.0054931640625",0.008255004882812,0.010299682617187,0.010879516601562,0.011581420898437,0.012069702148437,0.013198852539062,0.013687133789062,0.014785766601562,0.016845703125," 0.027252197265625003]""",0.04168701171875,0.012420654296875002,3.497057437896728,0.022282693535089,0.007530212402343001,0.001276016235351,0.004417419433593001,0.004409790039062,0.508029706790123,0.508069830246913,4.012345679012345e-05
1283813430120,128381343012,0,0,373578576842,1.0,"""[0.005516052246093001",0.006355285644531,0.00689697265625,0.0074462890625,0.008102416992187,0.008804321289062,0.00958251953125,0.01068115234375,0.0115966796875,0.01318359375," 0.02056884765625]""",0.020660400390625,0.00946044921875,3.497057437896728,0.022282693535089,0.007530212402343001,0.001276016235351,0.004425048828125,0.004417419433593001,0.508069830246913,0.5081018518518511,3.2021604938271605e-05
1283813430120,128381343012,0,0,373578576842,1.0,"""[0.005950927734375001",0.005950927734375001,0.005950927734375001,0.00653076171875,0.006568908691406,0.007133483886718001,0.007713317871093001,0.007766723632812,0.008636474609375,0.008636474609375," 0.008636474609375]""",0.016632080078125,0.00836181640625,3.364882946014404,0.020884506404399,0.007530212402343001,0.001276016235351,0.004325866699218001,0.004325866699218001,0.5033545524691351,0.503356481481481,1.929012345679012e-06
1283813430120,128381343012,0,0,373578576842,1.0,"""[0.0052490234375",0.007026672363281,0.008087158203125,0.009735107421875,0.0103759765625,0.011138916015625,0.012115478515625002,0.013702392578125002,0.015472412109375002,0.016632080078125," 0.024017333984375003]""",0.02349853515625,0.0118408203125,3.09395694732666,0.017741935327649002,0.007530212402343001,0.001276016235351,0.00445556640625,0.00445556640625,0.509122685185185,0.509143518518518,2.0833333333333333e-05
1283813430120,128381343012,0,0,373578576842,0.994011998176574,"""[0.008255004882812",0.010299682617187,0.011260986328125002,0.011886596679687,0.01239013671875,0.0128173828125,0.013565063476562,0.014328002929687,0.01544189453125,0.017303466796875," 0.027618408203125003]""",0.04498291015625,0.013763427734375002,3.09395694732666,0.017741935327649002,0.007530212402343001,0.001276016235351,0.004486083984375,0.004478454589843001,0.509300540123456,0.5093649691358021,6.4429012345679e-05
1283813430120,128381343012,0,0,373578576842,1.0,"""[0.00555419921875",0.007347106933593001,0.008102416992187,0.00860595703125,0.009292602539062,0.009750366210937,0.010177612304687,0.010589599609375,0.0113525390625,0.0125732421875," 0.016387939453125]""",0.025665283203125003,0.010009765625,3.054617404937744,0.0200034994632,0.007530212402343001,0.001276016235351,0.004417419433593001,0.004417419433593001,0.508647762345679,0.508680555555555,3.279320987654322e-05
1283813430120,128381343012,0,0,373578576842,1.0,"""[0.005477905273437",0.007148742675781,0.0086669921875,0.009811401367187,0.010574340820312,0.011215209960937,0.012435913085937,0.013885498046875002,0.0146484375,0.017913818359375," 0.0323486328125]""",0.0343017578125,0.012252807617187,3.497057437896728,0.022282693535089,0.007530212402343001,0.001276016235351,0.004425048828125,0.004417419433593001,0.507907407407407,0.507969521604938,6.211419753086419e-05
1283813430120,128381343012,0,0,373578576842,1.0,"""[0.003013610839843",0.004631042480468001,0.005233764648437,0.00592041015625,0.006744384765625001,0.007904052734375,0.009124755859375,0.009979248046875,0.0111083984375,0.013656616210937," 0.026153564453125003]""",0.0372314453125,0.008682250976562,3.52150297164917,0.022941529750823003,0.007530212402343001,0.001276016235351,0.004318237304687,0.004295349121093001,0.5001157407407401,0.500231481481481,0.00011574074074
1283813430120,128381343012,0,0,373578576842,0.9933333396911621,"""[0.002429962158203",0.004913330078125,0.006034851074218001,0.007064819335937,0.007888793945312,0.00860595703125,0.009536743164062,0.010421752929687,0.011154174804687,0.012619018554687," 0.019073486328125]""",0.063232421875,0.008926391601562,3.57837176322937,0.021896747872233002,0.007530212402343001,0.001276016235351,0.004348754882812,0.00433349609375,0.504282407407407,0.504398148148148,0.00011574074074
1283813430120,128381343012,0,0,373578576842,1.0,"""[0.003150939941406",0.0064697265625,0.007637023925781,0.008453369140625,0.00946044921875,0.01129150390625,0.012344360351562,0.013504028320312,0.015029907226562,0.01654052734375," 0.026153564453125003]""",0.026153564453125003,0.011367797851562,3.367785453796386,0.020393876358866,0.007530212402343001,0.001276016235351,0.004386901855468001,0.004379272460937,0.5062500000000001,0.50636574074074,0.00011574074074
1283813430120,128381343012,0,0,373578576842,1.0,"""[0.010284423828125",0.010833740234375,0.011062622070312,0.011550903320312,0.0118408203125,0.012283325195312,0.012451171875,0.012924194335937,0.013702392578125002,0.01458740234375," 0.0167236328125]""",0.016754150390625,0.012542724609375002,3.054617404937744,0.0200034994632,0.007530212402343001,0.001276016235351,0.004440307617187,0.004432678222656,0.508217592592592,0.508226466049382,8.873456790123455e-06
1283813430120,128381343012,0,0,373578576842,0.996666669845581,"""[0.0034294128417960003",0.005767822265625001,0.007156372070312,0.008087158203125,0.009048461914062,0.009872436523437,0.010879516601562,0.011962890625,0.013015747070312,0.015029907226562," 0.03155517578125]""",0.03912353515625,0.01025390625,2.958399057388305,0.019432432949543003,0.007530212402343001,0.001276016235351,0.004318237304687,0.004302978515625,0.500578703703703,0.500694444444444,0.00011574074074
1283813430120,128381343012,0,0,373578576842,0.983333349227905,"""[0.003406524658203",0.004783630371093001,0.005889892578125001,0.006690979003906,0.007469177246093001,0.00811767578125,0.008895874023437,0.0096435546875,0.010406494140625,0.011917114257812," 0.021697998046875]""",0.0806884765625,0.008514404296875,2.958399057388305,0.019432432949543003,0.007530212402343001,0.001276016235351,0.004295349121093001,0.004287719726562,0.500810185185185,0.500925925925925,0.00011574074074
1283813430120,128381343012,0,0,373578576842,0.996666669845581,"""[0.003952026367187",0.005393981933593001,0.006027221679687,0.006538391113281,0.007064819335937,0.007553100585937,0.008102416992187,0.008560180664062,0.009246826171875,0.010696411132812," 0.019287109375]""",0.027801513671875003,0.0078125,3.627431869506835,0.023803923279047002,0.007530212402343001,0.001276016235351,0.004325866699218001,0.004318237304687,0.502893518518518,0.503009259259259,0.00011574074074
1283813430120,128381343012,0,0,373578576842,1.0,"""[0.002979278564453",0.004920959472656,0.005989074707031,0.006599426269531,0.007171630859375001,0.007766723632812,0.008407592773437,0.009002685546875,0.009841918945312,0.011566162109375002," 0.021331787109375]""",0.023956298828125003,0.008132934570312,3.364882946014404,0.020884506404399,0.007530212402343001,0.001276016235351,0.004318237304687,0.004302978515625,0.503009259259259,0.5031249999999999,0.00011574074074
1283813430120,128381343012,0,0,373578576842,0.996666669845581,"""[0.006103515625",0.007827758789062,0.00823974609375,0.008636474609375,0.00909423828125,0.009735107421875,0.010055541992187,0.010726928710937,0.011688232421875002,0.012786865234375002," 0.017608642578125]""",0.02777099609375,0.00994873046875,3.62466549873352,0.023068228736519,0.007530212402343001,0.001276016235351,0.004295349121093001,0.004287719726562,0.501388888888888,0.501504629629629,0.00011574074074
1283813430120,128381343012,0,0,373578576842,1.0,"""[0.0027275085449210003",0.0059814453125,0.007247924804687,0.008224487304687,0.008895874023437,0.009841918945312,0.010848999023437,0.01177978515625,0.013442993164062,0.015548706054687," 0.03668212890625]""",0.0557861328125,0.01055908203125,3.364882946014404,0.020884506404399,0.007530212402343001,0.001276016235351,0.004364013671875,0.004348754882812,0.503356481481481,0.503472222222222,0.00011574074074
1283813430120,128381343012,0,0,373578576842,0.9933333396911621,"""[0.006866455078125001",0.008163452148437,0.008865356445312,0.009536743164062,0.010345458984375,0.010971069335937,0.01165771484375,0.012527465820312,0.013412475585937,0.015029907226562," 0.022705078125]""",0.05145263671875,0.01141357421875,3.747918128967285,0.024088760837912,0.007530212402343001,0.001276016235351,0.004356384277343001,0.00433349609375,0.505671296296296,0.5057870370370371,0.00011574074074
1283813430120,128381343012,0,0,373578576842,1.0,"""[0.006057739257812",0.007514953613281,0.008819580078125,0.010498046875,0.011276245117187,0.01220703125,0.013214111328125002,0.014480590820312,0.01495361328125,0.01611328125," 0.020782470703125]""",0.03851318359375,0.012283325195312,3.497057437896728,0.022282693535089,0.007530212402343001,0.001276016235351,0.004425048828125,0.004417419433593001,0.5078703703703701,0.507895447530864,2.5077160493827152e-05
1283813430120,128381343012,0,0,373578576842,1.0,"""[0.001550674438476",0.0022392272949210003,0.003997802734375,0.004684448242187,0.0050048828125,0.005500793457031,0.005912780761718001,0.006759643554687,0.0078125,0.009384155273437," 0.017669677734375]""",0.017974853515625,0.005989074707031,3.52150297164917,0.022941529750823003,0.007530212402343001,0.001276016235351,0.00433349609375,0.004325866699218001,0.500231481481481,0.500258487654321,2.7006172839506174e-05
1283813430120,128381343012,0,0,373578576842,1.0,"""[0.003456115722656",0.005592346191406,0.0064697265625,0.007225036621093001,0.008010864257812,0.008773803710937,0.009521484375,0.010726928710937,0.0123291015625,0.014373779296875002," 0.029205322265625003]""",0.030731201171875003,0.009567260742187,3.699662685394287,0.022747870534658002,0.007530212402343001,0.001276016235351,0.00433349609375,0.004325866699218001,0.502199074074074,0.502314814814814,0.00011574074074
1283813430120,128381343012,0,0,373578576842,1.0,"""[0.003196716308593",0.006179809570312,0.00787353515625,0.008865356445312,0.00946044921875,0.010299682617187,0.011184692382812,0.01251220703125,0.014419555664062,0.0186767578125," 0.04290771484375]""",0.0423583984375,0.011688232421875002,3.473049402236938,0.022639581933617002,0.007530212402343001,0.001276016235351,0.004310607910156,0.004295349121093001,0.500462962962963,0.500578703703703,0.00011574074074
1283813430120,128381343012,0,0,373578576842,1.0,"""[0.007194519042968001",0.007194519042968001,0.007980346679687,0.008468627929687,0.008560180664062,0.00946044921875,0.010116577148437,0.010238647460937,0.011276245117187,0.011917114257812," 0.011917114257812]""",0.011199951171875002,0.009063720703125,3.367785453796386,0.020393876358866,0.007530212402343001,0.001276016235351,0.004379272460937,0.004379272460937,0.50636574074074,0.506368827160493,3.0864197530864187e-06
1283813430120,128381343012,0,0,373578576842,1.0,"""[0.0024261474609370004",0.005012512207031,0.0059814453125,0.006591796875,0.007621765136718001,0.008621215820312,0.009719848632812,0.010940551757812,0.012557983398437,0.015655517578125," 0.0323486328125]""",0.032470703125,0.009597778320312,3.757454633712768,0.02524971216917,0.007530212402343001,0.001276016235351,0.004341125488281,0.00433349609375,0.502777777777777,0.502893518518518,0.00011574074074
1283813430120,128381343012,0,0,373578576842,0.9866666793823241,"""[0.0024070739746090003",0.0037651062011710003,0.0050048828125,0.006210327148437,0.007675170898437,0.008529663085937,0.009384155273437,0.011001586914062,0.012710571289062,0.014434814453125002," 0.022491455078125003]""",0.065185546875,0.009078979492187,3.589668989181518,0.022667726501822003,0.007530212402343001,0.001276016235351,0.004341125488281,0.00433349609375,0.50474537037037,0.5048611111111111,0.00011574074074
1283813430120,128381343012,0,0,373578576842,1.0,"""[0.00457763671875",0.007209777832031,0.008163452148437,0.008941650390625,0.00958251953125,0.010604858398437,0.01226806640625,0.0137939453125,0.015335083007812,0.0169677734375," 0.030609130859375003]""",0.04559326171875,0.011734008789062,3.010988473892211,0.020538723096251002,0.007530212402343001,0.001276016235351,0.004425048828125,0.004409790039062,0.507291666666666,0.5074074074074071,0.00011574074074
1283813430120,128381343012,0,0,373578576842,1.0,"""[0.006278991699218001",0.007652282714843001,0.008499145507812,0.009323120117187,0.01031494140625,0.01226806640625,0.013702392578125002,0.014739990234375002,0.016387939453125,0.01763916015625," 0.02386474609375]""",0.04022216796875,0.012481689453125002,3.09395694732666,0.017741935327649002,0.007530212402343001,0.001276016235351,0.004478454589843001,0.004470825195312,0.509375,0.5094228395061721,4.7839506172839504e-05
1283813430120,128381343012,0,0,373578576842,0.9444444179534911,"""[0.00823974609375",0.00994873046875,0.010498046875,0.011428833007812,0.011550903320312,0.013015747070312,0.01470947265625,0.016204833984375,0.016571044921875,0.017242431640625," 0.02154541015625]""",0.08447265625,0.015350341796875002,3.054617404937744,0.0200034994632,0.007530212402343001,0.001276016235351,0.004417419433593001,0.004417419433593001,0.508789351851851,0.5087962962962961,6.944444444444443e-06
1283813430120,128381343012,0,0,373578576842,1.0,"""[0.004867553710937",0.006561279296875001,0.00799560546875,0.008392333984375,0.009994506835937,0.0107421875,0.011306762695312,0.0125732421875,0.013473510742187,0.015838623046875," 0.022705078125]""",0.04010009765625,0.010955810546875,3.09395694732666,0.017741935327649002,0.007530212402343001,0.001276016235351,0.004447937011718001,0.004440307617187,0.508895061728395,0.508912037037037,1.6975308641975302e-05
1283813430120,128381343012,0,0,373578576842,1.0,"""[0.0034599304199210003",0.006050109863281,0.007278442382812,0.008804321289062,0.0098876953125,0.011032104492187,0.011810302734375002,0.013198852539062,0.015228271484375002,0.01751708984375," 0.0303955078125]""",0.03424072265625,0.01153564453125,3.367785453796386,0.020393876358866,0.007530212402343001,0.001276016235351,0.004402160644531,0.00439453125,0.5067129629629631,0.506828703703703,0.00011574074074
1283813430120,128381343012,0,0,373578576842,1.0,"""[0.003929138183593001",0.007247924804687,0.008071899414062,0.0089111328125,0.00970458984375,0.010482788085937,0.01141357421875,0.012542724609375002,0.013824462890625002,0.015899658203125," 0.0264892578125]""",0.04498291015625,0.01116943359375,3.596197605133056,0.023113256320357004,0.007530212402343001,0.001276016235351,0.004348754882812,0.00433349609375,0.5050925925925921,0.505208333333333,0.00011574074074
1283813430120,128381343012,0,0,373578576842,0.9933333396911621,"""[0.005592346191406",0.00860595703125,0.010467529296875,0.011383056640625002,0.011871337890625002,0.012557983398437,0.013427734375,0.014312744140625002,0.0159912109375,0.01837158203125," 0.028472900390625003]""",0.0401611328125,0.013015747070312,3.09395694732666,0.017741935327649002,0.007530212402343001,0.001276016235351,0.004470825195312,0.00445556640625,0.509143518518518,0.5092592592592591,0.00011574074074
1283813430120,128381343012,0,0,373578576842,1.0,"""[0.003921508789062",0.006294250488281,0.0089111328125,0.010391235351562,0.011444091796875002,0.012619018554687,0.013565063476562,0.014862060546875002,0.0159912109375,0.01788330078125," 0.031158447265625003]""",0.031158447265625003,0.012741088867187,3.747918128967285,0.024088760837912,0.007530212402343001,0.001276016235351,0.00439453125,0.004356384277343001,0.5057870370370371,0.505902777777777,0.00011574074074
