UniqJobId,collection_id,instance_index,priority,machine_id,sample_rate,cpu_usage_distribution1,cpu_usage_distribution2,cpu_usage_distribution3,cpu_usage_distribution4,cpu_usage_distribution5,cpu_usage_distribution6,cpu_usage_distribution7,cpu_usage_distribution8,cpu_usage_distribution9,cpu_usage_distribution10,cpu_usage_distribution11,max_cpu,avg_cpu,cycles_per_instruction,memory_accesses_per_instruction,assigned_memory,page_cache_memory,max_memory,avg_memory,start_time,end_time,time_window
1283812083024,128381208302,4,0,104792817028,1.0,"""[0.009796142578125",0.011001586914062,0.011383056640625002,0.011764526367187,0.011978149414062,0.012191772460937,0.0128173828125,0.013916015625,0.014495849609375002,0.015029907226562," 0.017120361328125]""",0.03564453125,0.012680053710937,3.238561630249023,0.024487698450684003,0.007217407226562,0.0011959075927730001,0.0037345886230460003,0.00372314453125,0.5055347222222221,0.5055555555555551,2.0833333333333333e-05
1283812083024,128381208302,4,0,104792817028,1.0,"""[0.007530212402343001",0.0087890625,0.009063720703125,0.009292602539062,0.009567260742187,0.009796142578125,0.010101318359375,0.010345458984375,0.010711669921875,0.011245727539062," 0.01751708984375]""",0.027618408203125003,0.010009765625,3.145977735519409,0.025133470073342,0.007217407226562,0.0011959075927730001,0.00372314453125,0.0037078857421870004,0.504166666666666,0.504282407407407,0.00011574074074
1283812083024,128381208302,4,0,104792817028,0.996666669845581,"""[0.010009765625",0.0118408203125,0.01226806640625,0.01263427734375,0.012954711914062,0.013275146484375002,0.013626098632812,0.013900756835937,0.014358520507812,0.015106201171875002," 0.01898193359375]""",0.0423583984375,0.013442993164062,2.9246926307678223,0.02324104681611,0.007217407226562,0.001077651977539,0.0037803649902340003,0.003761291503906,0.5081018518518511,0.508217592592592,0.00011574074074
1283812083024,128381208302,4,0,104792817028,1.0,"""[0.008453369140625",0.009811401367187,0.010726928710937,0.012405395507812,0.013092041015625002,0.013916015625,0.015060424804687,0.017242431640625,0.018402099609375,0.019622802734375," 0.027191162109375003]""",0.04449462890625,0.014572143554687,2.9246926307678223,0.02324104681611,0.007217407226562,0.001077651977539,0.0037994384765620004,0.0037689208984370004,0.508217592592592,0.5083333333333331,0.00011574074074
1283812083024,128381208302,4,0,104792817028,1.0,"""[0.007469177246093001",0.008819580078125,0.009185791015625,0.0093994140625,0.009613037109375,0.009841918945312,0.010116577148437,0.010330200195312,0.010604858398437,0.010955810546875," 0.011688232421875002]""",0.011856079101562,0.009857177734375,3.356316089630127,0.024837281554937002,0.007217407226562,0.001232147216796,0.003730773925781,0.0037193298339840003,0.502430555555555,0.502478009259259,4.745370370370371e-05
1283812083024,128381208302,4,0,104792817028,0.996666669845581,"""[0.004463195800781",0.008895874023437,0.009765625,0.010177612304687,0.010635375976562,0.011001586914062,0.011520385742187,0.012054443359375002,0.01263427734375,0.013336181640625002," 0.01611328125]""",0.026031494140625003,0.011032104492187,3.123213768005371,0.023468159139156,0.007217407226562,0.0012741088867180002,0.0037269592285150005,0.003711700439453,0.500810185185185,0.500925925925925,0.00011574074074
1283812083024,128381208302,4,0,104792817028,1.0,"""[0.008438110351562",0.009521484375,0.009811401367187,0.01007080078125,0.010360717773437,0.010574340820312,0.010787963867187,0.011016845703125,0.011383056640625002,0.012100219726562," 0.017120361328125]""",0.026092529296875003,0.010757446289062,3.340101480484008,0.024811251088976003,0.007217407226562,0.001232147216796,0.0037384033203120004,0.003715515136718,0.502777777777777,0.502893518518518,0.00011574074074
1283812083024,128381208302,4,0,104792817028,1.0,"""[0.007461547851562",0.00897216796875,0.009902954101562,0.010406494140625,0.010787963867187,0.01123046875,0.011627197265625002,0.011993408203125002,0.012374877929687,0.013015747070312," 0.01715087890625]""",0.029022216796875003,0.011215209960937,2.727577924728393,0.021943852305412,0.007217407226562,0.0011959075927730001,0.003730773925781,0.003711700439453,0.5048611111111111,0.504976851851851,0.00011574074074
1283812083024,128381208302,4,0,104792817028,1.0,"""[0.0074462890625",0.008712768554687,0.0091552734375,0.009552001953125,0.009963989257812,0.010391235351562,0.010833740234375,0.0113525390625,0.012130737304687,0.013320922851562," 0.021392822265625]""",0.02532958984375,0.010940551757812,3.227103471755981,0.025111583992838003,0.007217407226562,0.0012741088867180002,0.0037536621093750004,0.003715515136718,0.501041666666666,0.501157407407407,0.00011574074074
1283812083024,128381208302,4,0,104792817028,1.0,"""[0.012954711914062",0.012954711914062,0.012954711914062,0.013656616210937,0.013763427734375002,0.013870239257812,0.013961791992187,0.014053344726562,0.01409912109375,0.01409912109375," 0.01409912109375]""",0.014739990234375002,0.013870239257812,3.233442783355712,0.024898989126086003,0.007217407226562,0.0011959075927730001,0.003742218017578,0.0037345886230460003,0.507060185185185,0.507061728395061,1.5432098765432092e-06
1283812083024,128381208302,4,0,104792817028,1.0,"""[0.0098876953125",0.011611938476562,0.012237548828125002,0.0125732421875,0.012954711914062,0.0133056640625,0.013717651367187,0.014175415039062,0.014862060546875002,0.015869140625," 0.020172119140625]""",0.03424072265625,0.013671875,2.526707410812377,0.017179789021611002,0.007217407226562,0.0011959075927730001,0.0037841796875,0.0037574768066400005,0.5074074074074071,0.507523148148148,0.00011574074074
1283812083024,128381208302,4,0,104792817028,0.996666669845581,"""[0.006462097167968001",0.008682250976562,0.009201049804687,0.009475708007812,0.009780883789062,0.010101318359375,0.0103759765625,0.010772705078125,0.011093139648437,0.011611938476562," 0.0159912109375]""",0.030975341796875003,0.010177612304687,3.275664091110229,0.025288153439760003,0.007217407226562,0.0011959075927730001,0.0037193298339840003,0.0037078857421870004,0.503703703703703,0.503819444444444,0.00011574074074
1283812083024,128381208302,4,0,104792817028,1.0,"""[0.0079345703125",0.009918212890625,0.011566162109375002,0.013458251953125002,0.014556884765625002,0.015106201171875002,0.015655517578125,0.016021728515625,0.01641845703125,0.017364501953125," 0.020294189453125]""",0.0384521484375,0.014312744140625002,3.123213768005371,0.023468159139156,0.007217407226562,0.0012741088867180002,0.0037498474121090003,0.003730773925781,0.500951774691358,0.501041666666666,8.989197530864199e-05
1283812083024,128381208302,4,0,104792817028,0.996666669845581,"""[0.008956909179687",0.010665893554687,0.011688232421875002,0.013565063476562,0.015136718749999998,0.01605224609375,0.016693115234375,0.017364501953125,0.017852783203125,0.01898193359375," 0.0255126953125]""",0.04229736328125,0.015487670898437,3.010541677474975,0.024191755801439,0.007217407226562,0.001272201538085,0.003761291503906,0.003742218017578,0.502083333333333,0.502199074074074,0.00011574074074
1283812083024,128381208302,4,0,104792817028,1.0,"""[0.00897216796875",0.011077880859375,0.011795043945312,0.01214599609375,0.012527465820312,0.01287841796875,0.013229370117187,0.013565063476562,0.014190673828125002,0.01556396484375," 0.019775390625]""",0.02740478515625,0.01318359375,3.240381717681884,0.024484103545546,0.007217407226562,0.0011959075927730001,0.003742218017578,0.0037269592285150005,0.5060185185185181,0.506134259259259,0.00011574074074
1283812083024,128381208302,4,0,104792817028,1.0,"""[0.009674072265625",0.011367797851562,0.011886596679687,0.0123291015625,0.012771606445312,0.013046264648437,0.013336181640625002,0.013656616210937,0.0140380859375,0.014633178710937," 0.017608642578125]""",0.03167724609375,0.013031005859375002,3.367822647094726,0.024232283234596003,0.007217407226562,0.0011959075927730001,0.003746032714843,0.003730773925781,0.50636574074074,0.5064814814814811,0.00011574074074
1283812083024,128381208302,4,0,104792817028,1.0,"""[0.00799560546875",0.008575439453125,0.009048461914062,0.009384155273437,0.009719848632812,0.009963989257812,0.010223388671875,0.011016845703125,0.011672973632812,0.012191772460937," 0.013519287109375002]""",0.013534545898437,0.01025390625,3.123213768005371,0.023468159139156,0.007217407226562,0.0012741088867180002,0.00372314453125,0.003711700439453,0.500925925925925,0.500951774691358,2.5848765432098764e-05
1283812083024,128381208302,4,0,104792817028,1.0,"""[0.007545471191406",0.008804321289062,0.009185791015625,0.009490966796875,0.009719848632812,0.009994506835937,0.01025390625,0.010528564453125,0.010894775390625,0.011566162109375002," 0.01904296875]""",0.025665283203125003,0.010238647460937,3.168537139892578,0.024535834789276,0.007217407226562,0.001222610473632,0.0037345886230460003,0.003715515136718,0.502893518518518,0.503009259259259,0.00011574074074
1283812083024,128381208302,4,0,104792817028,1.0,"""[0.00738525390625",0.009185791015625,0.009750366210937,0.010177612304687,0.010574340820312,0.011032104492187,0.011383056640625002,0.011917114257812,0.012451171875,0.013229370117187," 0.017181396484375]""",0.029144287109375003,0.01116943359375,2.727577924728393,0.021943852305412,0.007217407226562,0.0011959075927730001,0.0037384033203120004,0.003715515136718,0.504976851851851,0.5050925925925921,0.00011574074074
1283812083024,128381208302,4,0,104792817028,1.0,"""[0.007415771484375001",0.008865356445312,0.0093994140625,0.00982666015625,0.01031494140625,0.01068115234375,0.01104736328125,0.011428833007812,0.011856079101562,0.012908935546875002," 0.020111083984375]""",0.023712158203125003,0.010910034179687,2.727577924728393,0.021943852305412,0.007217407226562,0.0011959075927730001,0.0037345886230460003,0.0037193298339840003,0.5050925925925921,0.505208333333333,0.00011574074074
1283812083024,128381208302,4,0,104792817028,0.996666669845581,"""[0.011001586914062",0.01239013671875,0.012969970703125002,0.0133056640625,0.013748168945312,0.014251708984375002,0.015029907226562,0.015594482421875002,0.016448974609375,0.0185546875," 0.0367431640625]""",0.04132080078125,0.014862060546875002,3.317047595977783,0.02590368501842,0.007217407226562,0.001077651977539,0.003974914550781,0.003921508789062,0.5090277777777771,0.509143518518518,0.00011574074074
1283812083024,128381208302,4,0,104792817028,0.996666669845581,"""[0.007888793945312",0.01214599609375,0.013320922851562,0.01458740234375,0.015869140625,0.016632080078125,0.017059326171875,0.017669677734375,0.0181884765625,0.01885986328125," 0.023162841796875003]""",0.05792236328125,0.01593017578125,2.727577924728393,0.021943852305412,0.007217407226562,0.0011959075927730001,0.003761291503906,0.003742218017578,0.505208333333333,0.5053240740740741,0.00011574074074
1283812083024,128381208302,4,0,104792817028,1.0,"""[0.010513305664062",0.011962890625,0.012451171875,0.012863159179687,0.013168334960937,0.0135498046875,0.01385498046875,0.014144897460937,0.014602661132812,0.015274047851562," 0.03173828125]""",0.0316162109375,0.013717651367187,2.526707410812377,0.017179789021611002,0.007217407226562,0.00119400024414,0.0038108825683590003,0.0037879943847650005,0.5076388888888881,0.507754629629629,0.00011574074074
1283812083024,128381208302,4,0,104792817028,0.9933333396911621,"""[0.008132934570312",0.0093994140625,0.009857177734375,0.01019287109375,0.010543823242187,0.010894775390625,0.011184692382812,0.0115966796875,0.012100219726562,0.012802124023437," 0.0343017578125]""",0.03314208984375,0.011093139648437,3.275664091110229,0.025288153439760003,0.007217407226562,0.0011959075927730001,0.00372314453125,0.0037078857421870004,0.503819444444444,0.503935185185185,0.00011574074074
1283812083024,128381208302,4,0,104792817028,1.0,"""[0.011215209960937",0.012298583984375002,0.012786865234375002,0.013092041015625002,0.013397216796875002,0.013702392578125002,0.013946533203125002,0.014297485351562,0.014694213867187,0.01580810546875," 0.0186767578125]""",0.028961181640625003,0.013885498046875002,3.319320678710937,0.025946013629436004,0.007217407226562,0.001077651977539,0.0037841796875,0.003772735595703,0.5085906635802471,0.508680555555555,8.989197530864199e-05
1283812083024,128381208302,4,0,104792817028,0.996666669845581,"""[0.007232666015625001",0.008987426757812,0.009521484375,0.009994506835937,0.010391235351562,0.010910034179687,0.011428833007812,0.011795043945312,0.01239013671875,0.01336669921875," 0.018646240234375]""",0.03741455078125,0.011184692382812,3.010541677474975,0.024191755801439,0.007217407226562,0.001272201538085,0.0037384033203120004,0.003711700439453,0.501967592592592,0.502083333333333,0.00011574074074
1283812083024,128381208302,4,0,104792817028,0.996666669845581,"""[0.008377075195312",0.00927734375,0.009674072265625,0.009963989257812,0.01025390625,0.010543823242187,0.010757446289062,0.010955810546875,0.01129150390625,0.011993408203125002," 0.0166015625]""",0.025177001953125003,0.010635375976562,3.275664091110229,0.025288153439760003,0.007217407226562,0.0011959075927730001,0.0037193298339840003,0.0037078857421870004,0.504050925925925,0.504166666666666,0.00011574074074
1283812083024,128381208302,4,0,104792817028,0.996666669845581,"""[0.005516052246093001",0.0064697265625,0.0067138671875,0.006919860839843001,0.007095336914062,0.007286071777343001,0.007522583007812,0.00799560546875,0.010818481445312,0.014251708984375002," 0.018035888671875]""",0.018096923828125,0.0086669921875,3.292501926422119,0.026157781481742002,0.007217407226562,0.0012741088867180002,0.003746032714843,0.003715515136718,0.500347222222222,0.500462962962963,0.00011574074074
1283812083024,128381208302,4,0,104792817028,0.996666669845581,"""[0.008377075195312",0.009765625,0.0101318359375,0.01043701171875,0.010833740234375,0.011260986328125002,0.011749267578125002,0.0123291015625,0.012939453125,0.013687133789062," 0.017486572265625]""",0.04083251953125,0.01165771484375,3.123213768005371,0.023468159139156,0.007217407226562,0.0012741088867180002,0.003730773925781,0.003715515136718,0.500694444444444,0.500810185185185,0.00011574074074
1283812083024,128381208302,4,0,104792817028,0.9933333396911621,"""[0.008392333984375",0.00958251953125,0.00994873046875,0.010330200195312,0.01068115234375,0.011016845703125,0.01141357421875,0.01190185546875,0.012359619140625002,0.01318359375," 0.01837158203125]""",0.02532958984375,0.01123046875,2.88896894454956,0.023431809619069002,0.007217407226562,0.0011959075927730001,0.0037269592285150005,0.003715515136718,0.50474537037037,0.5048611111111111,0.00011574074074
1283812083024,128381208302,4,0,104792817028,1.0,"""[0.007308959960937",0.008682250976562,0.009078979492187,0.00933837890625,0.009567260742187,0.0098876953125,0.010116577148437,0.010498046875,0.0113525390625,0.01593017578125," 0.018951416015625]""",0.03338623046875,0.010787963867187,3.168537139892578,0.024535834789276,0.007217407226562,0.0011978149414060002,0.0037574768066400005,0.0037269592285150005,0.5031249999999999,0.50324074074074,0.00011574074074
1283812083024,128381208302,4,0,104792817028,0.990000009536743,"""[0.007675170898437",0.008865356445312,0.009445190429687,0.009780883789062,0.010147094726562,0.010513305664062,0.010833740234375,0.011138916015625,0.0115966796875,0.012405395507812," 0.01715087890625]""",0.027618408203125003,0.010604858398437,3.168537139892578,0.024535834789276,0.007217407226562,0.0011978149414060002,0.0037269592285150005,0.003711700439453,0.503356481481481,0.503472222222222,0.00011574074074
1283812083024,128381208302,4,0,104792817028,0.990990996360778,"""[0.00823974609375",0.009521484375,0.009872436523437,0.010284423828125,0.010528564453125,0.0107421875,0.011123657226562,0.011474609375,0.011703491210937,0.012054443359375002," 0.016082763671875]""",0.03765869140625,0.01104736328125,3.275664091110229,0.025288153439760003,0.007217407226562,0.0011959075927730001,0.0037193298339840003,0.0037078857421870004,0.5040081018518511,0.504050925925925,4.2824074074074066e-05
1283812083024,128381208302,4,0,104792817028,0.996666669845581,"""[0.008056640625",0.00958251953125,0.010025024414062,0.010391235351562,0.010604858398437,0.010910034179687,0.011154174804687,0.011444091796875002,0.011825561523437,0.012283325195312," 0.02020263671875]""",0.03485107421875,0.011032104492187,3.292501926422119,0.026157781481742002,0.007217407226562,0.0012741088867180002,0.003711700439453,0.0037040710449210003,0.5001157407407401,0.500231481481481,0.00011574074074
1283812083024,128381208302,4,0,104792817028,0.996666669845581,"""[0.008865356445312",0.010879516601562,0.011795043945312,0.012619018554687,0.013519287109375002,0.015182495117187,0.018096923828125,0.019073486328125,0.019989013671875,0.021026611328125," 0.025543212890625003]""",0.06060791015625,0.016021728515625,3.367822647094726,0.024232283234596003,0.007217407226562,0.0011959075927730001,0.0037689208984370004,0.0037498474121090003,0.5062500000000001,0.50636574074074,0.00011574074074
1283812083024,128381208302,4,0,104792817028,0.996666669845581,"""[0.00848388671875",0.010940551757812,0.011734008789062,0.012374877929687,0.013229370117187,0.015121459960937,0.016326904296875,0.017578125,0.019317626953125,0.02099609375," 0.028411865234375003]""",0.04608154296875,0.015365600585937,2.9246926307678223,0.02324104681611,0.007217407226562,0.001077651977539,0.0038185119628900005,0.0037879943847650005,0.5083333333333331,0.508449074074074,0.00011574074074
1283812083024,128381208302,4,0,104792817028,0.996666669845581,"""[0.010238647460937",0.01287841796875,0.014251708984375002,0.015960693359375,0.017242431640625,0.01800537109375,0.0185546875,0.01904296875,0.019744873046875,0.02032470703125," 0.027130126953125003]""",0.03875732421875,0.017303466796875,2.720295906066894,0.01929422467947,0.007217407226562,0.0011959075927730001,0.0037994384765620004,0.0037803649902340003,0.507291666666666,0.5074074074074071,0.00011574074074
1283812083024,128381208302,4,0,104792817028,1.0,"""[0.008163452148437",0.008712768554687,0.009048461914062,0.009292602539062,0.009521484375,0.00982666015625,0.010055541992187,0.010208129882812,0.010498046875,0.011154174804687," 0.01593017578125]""",0.019744873046875,0.010009765625,3.275664091110229,0.025288153439760003,0.007217407226562,0.0011959075927730001,0.003715515136718,0.0037078857421870004,0.503935185185185,0.5040081018518511,7.291666666666667e-05
1283812083024,128381208302,4,0,104792817028,1.0,"""[0.010116577148437",0.011749267578125002,0.012161254882812,0.012603759765625002,0.013046264648437,0.013381958007812,0.013778686523437,0.014144897460937,0.0145263671875,0.015426635742187," 0.0269775390625]""",0.027069091796875003,0.013641357421875002,2.660544872283935,0.019218111410737003,0.007217407226562,0.001077651977539,0.0037841796875,0.0037651062011710003,0.5078703703703701,0.507986111111111,0.00011574074074
1283812083024,128381208302,4,0,104792817028,0.9933333396911621,"""[0.009002685546875",0.011459350585937,0.012115478515625002,0.012588500976562,0.013046264648437,0.01336669921875,0.013961791992187,0.0147705078125,0.017303466796875,0.018798828125," 0.0234375]""",0.02825927734375,0.014053344726562,3.367822647094726,0.024232283234596003,0.007217407226562,0.0011959075927730001,0.0037536621093750004,0.003730773925781,0.506134259259259,0.5062500000000001,0.00011574074074
1283812083024,128381208302,4,0,104792817028,0.9933333396911621,"""[0.007888793945312",0.009567260742187,0.009933471679687,0.010162353515625,0.010452270507812,0.010696411132812,0.010910034179687,0.011184692382812,0.011581420898437,0.012191772460937," 0.01898193359375]""",0.02685546875,0.010986328125,3.356316089630127,0.024837281554937002,0.007217407226562,0.001232147216796,0.00372314453125,0.003715515136718,0.502662037037037,0.502777777777777,0.00011574074074
1283812083024,128381208302,4,0,104792817028,1.0,"""[0.007652282714843001",0.009109497070312,0.009475708007812,0.009811401367187,0.0101318359375,0.010467529296875,0.010818481445312,0.011260986328125002,0.011917114257812,0.012741088867187," 0.02032470703125]""",0.023651123046875003,0.010726928710937,3.062774896621704,0.025034228339791003,0.007217407226562,0.0011959075927730001,0.003730773925781,0.003715515136718,0.504629629629629,0.50474537037037,0.00011574074074
1283812083024,128381208302,4,0,104792817028,0.996666669845581,"""[0.008071899414062",0.010589599609375,0.011276245117187,0.011856079101562,0.012496948242187,0.012924194335937,0.01348876953125,0.013916015625,0.015106201171875002,0.0166015625," 0.02093505859375]""",0.03411865234375,0.01318359375,3.367822647094726,0.024232283234596003,0.007217407226562,0.0011959075927730001,0.0037498474121090003,0.0037345886230460003,0.506597222222222,0.5067129629629631,0.00011574074074
1283812083024,128381208302,4,0,104792817028,1.0,"""[0.011001586914062",0.01171875,0.012100219726562,0.012557983398437,0.012771606445312,0.012969970703125002,0.01312255859375,0.013626098632812,0.013870239257812,0.014358520507812," 0.015106201171875002]""",0.027618408203125003,0.013046264648437,3.319320678710937,0.025946013629436004,0.007217407226562,0.001077651977539,0.0037879943847650005,0.003776550292968,0.5085648148148141,0.5085906635802471,2.5848765432098764e-05
1283812083024,128381208302,4,0,104792817028,0.996666669845581,"""[0.00714111328125",0.0084228515625,0.008773803710937,0.00897216796875,0.0091552734375,0.009368896484375,0.009674072265625,0.010116577148437,0.010574340820312,0.0113525390625," 0.01373291015625]""",0.0340576171875,0.009719848632812,3.168537139892578,0.024535834789276,0.007217407226562,0.0011978149414060002,0.00372314453125,0.003711700439453,0.50324074074074,0.503356481481481,0.00011574074074
1283812083024,128381208302,4,0,104792817028,0.996666669845581,"""[0.0084228515625",0.009796142578125,0.010345458984375,0.010879516601562,0.01129150390625,0.011795043945312,0.012237548828125002,0.012680053710937,0.01318359375,0.014633178710937," 0.0205078125]""",0.03582763671875,0.012039184570312,2.727577924728393,0.021943852305412,0.007217407226562,0.0011959075927730001,0.0037536621093750004,0.0037269592285150005,0.5053240740740741,0.505439814814814,0.00011574074074
1283812083024,128381208302,4,0,104792817028,1.0,"""[0.00714111328125",0.008392333984375,0.008941650390625,0.009353637695312,0.00982666015625,0.010345458984375,0.010711669921875,0.011138916015625,0.011993408203125002,0.013290405273437," 0.020904541015625]""",0.04986572265625,0.010574340820312,3.168537139892578,0.024535834789276,0.007217407226562,0.0011959075927730001,0.00372314453125,0.003711700439453,0.503472222222222,0.503587962962962,0.00011574074074
1283812083024,128381208302,4,0,104792817028,1.0,"""[0.007514953613281",0.009262084960937,0.010025024414062,0.010345458984375,0.010696411132812,0.011001586914062,0.011337280273437,0.01171875,0.012161254882812,0.012725830078125002," 0.016693115234375]""",0.030548095703125003,0.011093139648437,3.010541677474975,0.024191755801439,0.007217407226562,0.001272201538085,0.00372314453125,0.003711700439453,0.501851851851851,0.501967592592592,0.00011574074074
1283812083024,128381208302,4,0,104792817028,1.0,"""[0.009536743164062",0.011184692382812,0.011734008789062,0.012100219726562,0.01239013671875,0.012664794921875002,0.012954711914062,0.013351440429687,0.013900756835937,0.015335083007812," 0.022430419921875003]""",0.0316162109375,0.013015747070312,3.238561630249023,0.024487698450684003,0.007217407226562,0.0011959075927730001,0.003742218017578,0.00372314453125,0.5057870370370371,0.505902777777777,0.00011574074074
1283812083024,128381208302,4,0,104792817028,1.0,"""[0.0089111328125",0.009933471679687,0.010421752929687,0.010818481445312,0.011184692382812,0.01165771484375,0.011993408203125002,0.01239013671875,0.012908935546875002,0.013839721679687," 0.019927978515625]""",0.028167724609375003,0.01190185546875,3.1079843044281,0.024373672902584003,0.007217407226562,0.001253128051757,0.0037345886230460003,0.0037193298339840003,0.502199074074074,0.502314814814814,0.00011574074074
1283812083024,128381208302,4,0,104792817028,1.0,"""[0.011962890625",0.013290405273437,0.013778686523437,0.01409912109375,0.014434814453125002,0.014785766601562,0.015121459960937,0.01544189453125,0.016021728515625,0.017303466796875," 0.02166748046875]""",0.03662109375,0.015060424804687,3.202948570251464,0.023778643459081,0.007217407226562,0.001077651977539,0.0038414001464840003,0.003822326660156,0.509375,0.5094907407407401,0.00011574074074
1283812083024,128381208302,4,0,104792817028,1.0,"""[0.006484985351562",0.008193969726562,0.008636474609375,0.008926391601562,0.00933837890625,0.009719848632812,0.010101318359375,0.010406494140625,0.010818481445312,0.011474609375," 0.01617431640625]""",0.03369140625,0.009841918945312,3.132725477218627,0.024981208145618,0.007217407226562,0.001272201538085,0.0037193298339840003,0.0037078857421870004,0.50162037037037,0.501736111111111,0.00011574074074
1283812083024,128381208302,4,0,104792817028,1.0,"""[0.006675720214843001",0.008163452148437,0.008575439453125,0.008956909179687,0.009307861328125,0.009597778320312,0.009841918945312,0.01019287109375,0.01068115234375,0.011367797851562," 0.017730712890625]""",0.03924560546875,0.009918212890625,3.25902509689331,0.025171302258968003,0.007217407226562,0.0011959075927730001,0.00372314453125,0.003711700439453,0.503587962962962,0.503703703703703,0.00011574074074
1283812083024,128381208302,4,0,104792817028,0.9933333396911621,"""[0.0108642578125",0.01190185546875,0.012557983398437,0.013015747070312,0.013565063476562,0.01409912109375,0.014617919921875002,0.015090942382812,0.0159912109375,0.018341064453125," 0.027679443359375003]""",0.04193115234375,0.014556884765625002,2.526707410812377,0.017179789021611002,0.007217407226562,0.0011425018310540001,0.003803253173828,0.0037841796875,0.507754629629629,0.5078703703703701,0.00011574074074
1283812083024,128381208302,4,0,104792817028,0.996666669845581,"""[0.007286071777343001",0.008773803710937,0.009368896484375,0.009735107421875,0.010055541992187,0.010360717773437,0.0106201171875,0.0108642578125,0.011245727539062,0.012039184570312," 0.0164794921875]""",0.02386474609375,0.010467529296875,3.062774896621704,0.025034228339791003,0.007217407226562,0.0011959075927730001,0.00372314453125,0.0037078857421870004,0.504282407407407,0.504398148148148,0.00011574074074
1283812083024,128381208302,4,0,104792817028,0.996666669845581,"""[0.009353637695312",0.011123657226562,0.011871337890625002,0.012344360351562,0.0128173828125,0.01336669921875,0.013656616210937,0.01397705078125,0.01446533203125,0.015518188476562," 0.021820068359375]""",0.030120849609375003,0.013351440429687,3.367822647094726,0.024232283234596003,0.007217407226562,0.0011959075927730001,0.0037498474121090003,0.003730773925781,0.5064814814814811,0.506597222222222,0.00011574074074
1283812083024,128381208302,4,0,104792817028,1.0,"""[0.008468627929687",0.01055908203125,0.011093139648437,0.01153564453125,0.01190185546875,0.01220703125,0.012496948242187,0.012802124023437,0.013275146484375002,0.013916015625," 0.01959228515625]""",0.029785156249999997,0.012313842773437,3.258987426757812,0.024772251024842002,0.007217407226562,0.0011959075927730001,0.0037536621093750004,0.0037345886230460003,0.5067129629629631,0.506828703703703,0.00011574074074
1283812083024,128381208302,4,0,104792817028,0.9933333396911621,"""[0.008377075195312",0.010818481445312,0.011215209960937,0.011627197265625002,0.011947631835937,0.012420654296875002,0.012924194335937,0.01361083984375,0.0142822265625,0.015289306640625002," 0.02166748046875]""",0.0399169921875,0.012786865234375002,3.233442783355712,0.024898989126086003,0.007217407226562,0.0011959075927730001,0.0037574768066400005,0.0037345886230460003,0.5069444444444441,0.507060185185185,0.00011574074074
1283812083024,128381208302,4,0,104792817028,1.0,"""[0.010910034179687",0.012664794921875002,0.013198852539062,0.013595581054687,0.014068603515625002,0.014617919921875002,0.015151977539062,0.01568603515625,0.01641845703125,0.0172119140625," 0.0223388671875]""",0.0343017578125,0.014801025390625002,3.202948570251464,0.023778643459081,0.007217407226562,0.001077651977539,0.0038604736328120004,0.0038414001464840003,0.5092592592592591,0.509375,0.00011574074074
1283812083024,128381208302,4,0,104792817028,0.996666669845581,"""[0.007255554199218001",0.008407592773437,0.008834838867187,0.009292602539062,0.009628295898437,0.00994873046875,0.010360717773437,0.0108642578125,0.0113525390625,0.011932373046875002," 0.015365600585937]""",0.05401611328125,0.010147094726562,3.278334856033325,0.025922011584043003,0.007217407226562,0.001272201538085,0.00372314453125,0.0037078857421870004,0.501504629629629,0.50162037037037,0.00011574074074
1283812083024,128381208302,4,0,104792817028,1.0,"""[0.00726318359375",0.00909423828125,0.009521484375,0.0098876953125,0.010223388671875,0.010604858398437,0.010986328125,0.011367797851562,0.012008666992187,0.013168334960937," 0.0164794921875]""",0.027862548828125003,0.010986328125,3.356316089630127,0.024837281554937002,0.007217407226562,0.001232147216796,0.003730773925781,0.0037193298339840003,0.502478009259259,0.502546296296296,6.828703703703704e-05
1283812083024,128381208302,4,0,104792817028,0.990000009536743,"""[0.010116577148437",0.011520385742187,0.011947631835937,0.01226806640625,0.012619018554687,0.012908935546875002,0.013137817382812,0.013458251953125002,0.013946533203125002,0.014633178710937," 0.020111083984375]""",0.05096435546875,0.013046264648437,3.238561630249023,0.024487698450684003,0.007217407226562,0.0011959075927730001,0.0037384033203120004,0.00372314453125,0.505902777777777,0.5060185185185181,0.00011574074074
1283812083024,128381208302,4,0,104792817028,1.0,"""[0.00762939453125",0.008743286132812,0.00927734375,0.009658813476562,0.009994506835937,0.010498046875,0.010894775390625,0.011245727539062,0.011703491210937,0.012420654296875002," 0.015518188476562]""",0.027679443359375003,0.010543823242187,3.062774896621704,0.025034228339791003,0.007217407226562,0.0011959075927730001,0.00372314453125,0.0037078857421870004,0.504398148148148,0.504513888888888,0.00011574074074
1283812083024,128381208302,4,0,104792817028,0.996666669845581,"""[0.009780883789062",0.010757446289062,0.0113525390625,0.011886596679687,0.012237548828125002,0.012619018554687,0.012969970703125002,0.01336669921875,0.014068603515625002,0.015029907226562," 0.019256591796875]""",0.03802490234375,0.012802124023437,2.998814105987548,0.023749113082885003,0.007217407226562,0.001077651977539,0.0037879943847650005,0.003772735595703,0.508449074074074,0.5085648148148141,0.00011574074074
1283812083024,128381208302,4,0,104792817028,0.9933333396911621,"""[0.008636474609375",0.010055541992187,0.010498046875,0.010848999023437,0.01129150390625,0.011993408203125002,0.015594482421875002,0.01629638671875,0.016754150390625,0.017425537109375," 0.024749755859375003]""",0.0615234375,0.013595581054687,3.168537139892578,0.024535834789276,0.007217407226562,0.0011978149414060002,0.0037574768066400005,0.0037269592285150005,0.503009259259259,0.5031249999999999,0.00011574074074
1283812083024,128381208302,4,0,104792817028,1.0,"""[0.007286071777343001",0.008270263671875,0.008819580078125,0.00927734375,0.009597778320312,0.009979248046875,0.010360717773437,0.010787963867187,0.011398315429687,0.012588500976562," 0.018218994140625]""",0.03680419921875,0.010360717773437,3.278334856033325,0.025922011584043003,0.007217407226562,0.001272201538085,0.0037193298339840003,0.0037078857421870004,0.501157407407407,0.501273148148148,0.00011574074074
1283812083024,128381208302,4,0,104792817028,0.996666669845581,"""[0.009918212890625",0.011810302734375002,0.01318359375,0.01385498046875,0.014480590820312,0.01495361328125,0.015396118164062,0.01605224609375,0.016693115234375,0.017486572265625," 0.03668212890625]""",0.0452880859375,0.014999389648437,3.202948570251464,0.023778643459081,0.007217407226562,0.001077651977539,0.00390625,0.003868103027343,0.509143518518518,0.5092592592592591,0.00011574074074
1283812083024,128381208302,4,0,104792817028,1.0,"""[0.006011962890625001",0.008468627929687,0.009063720703125,0.009414672851562,0.00970458984375,0.010009765625,0.010238647460937,0.0106201171875,0.01092529296875,0.011642456054687," 0.018585205078125]""",0.021453857421875,0.01019287109375,3.278334856033325,0.025922011584043003,0.007217407226562,0.001272201538085,0.0037269592285150005,0.0037078857421870004,0.501388888888888,0.501504629629629,0.00011574074074
1283812083024,128381208302,4,0,104792817028,0.996666669845581,"""[0.008438110351562",0.010452270507812,0.011154174804687,0.0115966796875,0.011886596679687,0.012176513671875002,0.012557983398437,0.012969970703125002,0.013504028320312,0.0145263671875," 0.01947021484375]""",0.03173828125,0.012496948242187,3.238561630249023,0.024487698450684003,0.007217407226562,0.0011959075927730001,0.0037498474121090003,0.0037269592285150005,0.5055555555555551,0.505671296296296,0.00011574074074
1283812083024,128381208302,4,0,104792817028,0.996666669845581,"""[0.009750366210937",0.011276245117187,0.011947631835937,0.012252807617187,0.012802124023437,0.01324462890625,0.013702392578125002,0.01409912109375,0.01458740234375,0.015289306640625002," 0.019134521484375]""",0.06011962890625,0.01336669921875,3.238561630249023,0.024487698450684003,0.007217407226562,0.0011959075927730001,0.003742218017578,0.003730773925781,0.505671296296296,0.5057870370370371,0.00011574074074
1283812083024,128381208302,4,0,104792817028,0.9966216087341301,"""[0.01043701171875",0.011795043945312,0.012374877929687,0.0128173828125,0.013351440429687,0.013763427734375002,0.014419555664062,0.01544189453125,0.016632080078125,0.019500732421875," 0.024505615234375003]""",0.03887939453125,0.014663696289062,3.233442783355712,0.024898989126086003,0.007217407226562,0.0011959075927730001,0.0037879943847650005,0.003746032714843,0.507061728395061,0.5071759259259261,0.00011419753086400001
1283812083024,128381208302,4,0,104792817028,1.0,"""[0.007675170898437",0.008926391601562,0.009368896484375,0.00970458984375,0.010009765625,0.010284423828125,0.010543823242187,0.01080322265625,0.011245727539062,0.012008666992187," 0.01544189453125]""",0.029785156249999997,0.010421752929687,3.356316089630127,0.024837281554937002,0.007217407226562,0.001232147216796,0.003730773925781,0.003715515136718,0.502314814814814,0.502430555555555,0.00011574074074
1283812083024,128381208302,4,0,104792817028,1.0,"""[0.007743835449218001",0.009902954101562,0.010589599609375,0.01116943359375,0.011703491210937,0.012222290039062,0.012802124023437,0.013656616210937,0.014251708984375002,0.0152587890625," 0.01837158203125]""",0.03411865234375,0.012405395507812,3.123213768005371,0.023468159139156,0.007217407226562,0.0012741088867180002,0.0037345886230460003,0.003715515136718,0.500578703703703,0.500694444444444,0.00011574074074
1283812083024,128381208302,4,0,104792817028,0.996666669845581,"""[0.007675170898437",0.008316040039062,0.008712768554687,0.009002685546875,0.009262084960937,0.009521484375,0.009796142578125,0.0101318359375,0.010650634765625,0.011184692382812," 0.015121459960937]""",0.037353515625,0.009674072265625,3.356316089630127,0.024837281554937002,0.007217407226562,0.001232147216796,0.003730773925781,0.003715515136718,0.502546296296296,0.502662037037037,0.00011574074074
1283812083024,128381208302,4,0,104792817028,0.996666669845581,"""[0.010589599609375",0.01153564453125,0.011993408203125002,0.012313842773437,0.012771606445312,0.013153076171875002,0.013534545898437,0.01397705078125,0.014602661132812,0.0159912109375," 0.021514892578125]""",0.03668212890625,0.013458251953125002,3.233442783355712,0.024898989126086003,0.007217407226562,0.0011959075927730001,0.0037879943847650005,0.0037651062011710003,0.5071759259259261,0.507291666666666,0.00011574074074
1283812083024,128381208302,4,0,104792817028,1.0,"""[0.010147094726562",0.011566162109375002,0.012130737304687,0.0126953125,0.012985229492187,0.013259887695312,0.013504028320312,0.013763427734375002,0.014175415039062,0.014984130859375002," 0.029754638671875003]""",0.03271484375,0.013412475585937,2.526707410812377,0.017179789021611002,0.007217407226562,0.0011959075927730001,0.003807067871093,0.0037651062011710003,0.507523148148148,0.5076388888888881,0.00011574074074
