UniqJobId,collection_id,instance_index,priority,machine_id,sample_rate,cpu_usage_distribution1,cpu_usage_distribution2,cpu_usage_distribution3,cpu_usage_distribution4,cpu_usage_distribution5,cpu_usage_distribution6,cpu_usage_distribution7,cpu_usage_distribution8,cpu_usage_distribution9,cpu_usage_distribution10,cpu_usage_distribution11,max_cpu,avg_cpu,cycles_per_instruction,memory_accesses_per_instruction,assigned_memory,page_cache_memory,max_memory,avg_memory,start_time,end_time,time_window
141763304320,14176330432,0,0,25600640519,1.0,"""[7.343292236328125e-05",8.296966552734376e-05,9.441375732421876e-05,0.000106811523437,0.00012016296386700001,0.00013732910156200002,0.00023078918457,0.0005722045898430001,0.001214981079101,0.003959655761718001," 0.01043701171875]""",0.010452270507812,0.0009365081787100001,2.133885145187377,0.011901154182851,0.0019397735595700002,0.00031661987304600005,0.001089096069335,0.000798225402832,0.508217592592592,0.5083333333333331,0.00011574074074
141763304320,14176330432,0,0,25600640519,1.0,"""[7.152557373046875e-05",8.678436279296876e-05,9.918212890625001e-05,0.000111579895019,0.000124931335449,0.00016307830810500002,0.000422477722167,0.0007410049438470001,0.00174331665039,0.003833770751953," 0.006935119628906]""",0.006942749023437,0.0009899139404290001,2.25086498260498,0.011683151125907001,0.0019397735595700002,0.00031661987304600005,0.000984191894531,0.0007514953613280001,0.504513888888888,0.504629629629629,0.00011574074074
141763304320,14176330432,0,0,25600640519,1.0,"""[7.343292236328125e-05",8.106231689453125e-05,8.869171142578126e-05,0.00010299682617100001,0.00011730194091700002,0.00013160705566400002,0.00026416778564400005,0.0005874633789060001,0.0012187957763670001,0.0031242370605460003," 0.006492614746093001]""",0.006484985351562,0.000864028930664,1.951496958732605,0.009439233690500001,0.0019397735595700002,0.00031661987304600005,0.001003265380859,0.0007772445678710001,0.5069444444444441,0.507060185185185,0.00011574074074
141763304320,14176330432,0,0,25600640519,1.0,"""[7.82012939453125e-05",9.059906005859376e-05,0.00010108947753900001,0.000111579895019,0.0001220703125,0.00013732910156200002,0.000226974487304,0.000619888305664,0.001087188720703,0.003921508789062," 0.010009765625]""",0.010025024414062,0.0009317398071280001,2.276289463043212,0.012431861832737002,0.0019397735595700002,0.00031661987304600005,0.001131057739257,0.000810623168945,0.5092592592592591,0.509375,0.00011574074074
141763304320,14176330432,0,0,25600640519,1.0,"""[7.152557373046875e-05",8.20159912109375e-05,9.346008300781251e-05,0.000107765197753,0.000123023986816,0.00015163421630800001,0.000308036804199,0.0006494522094720001,0.001211166381835,0.003959655761718001," 0.006912231445312]""",0.0069580078125,0.0009307861328120001,2.235330581665039,0.010655706748366,0.0019397735595700002,0.00031566619873000005,0.001001358032226,0.00079345703125,0.5078703703703701,0.507986111111111,0.00011574074074
141763304320,14176330432,0,0,25600640519,1.0,"""[7.534027099609375e-05",8.106231689453125e-05,8.678436279296876e-05,9.727478027343751e-05,0.000110626220703,0.000123023986816,0.00016689300537100002,0.000482559204101,0.001214981079101,0.003913879394531," 0.007965087890625]""",0.007949829101562,0.000896453857421,4.245240688323974,0.015268160961568002,0.0019397735595700002,0.00031661987304600005,0.001115798950195,0.0007171630859370001,0.502199074074074,0.502314814814814,0.00011574074074
141763304320,14176330432,0,0,25600640519,1.0,"""[7.534027099609375e-05",8.392333984375001e-05,9.441375732421876e-05,0.00010585784912100001,0.00011730194091700002,0.000129699707031,0.00026321411132800005,0.0006265640258780001,0.001373291015625,0.003620147705078," 0.00750732421875]""",0.007499694824218001,0.0008983612060540001,2.133885145187377,0.011901154182851,0.0019397735595700002,0.00031566619873000005,0.0009918212890620002,0.000798225402832,0.5081018518518511,0.508217592592592,0.00011574074074
141763304320,14176330432,0,0,25600640519,1.0,"""[7.724761962890625e-05",8.964538574218751e-05,9.918212890625001e-05,0.00010871887207,0.00011920928955000001,0.000128746032714,0.0001802444458,0.000578880310058,0.0010910034179680002,0.003395080566406," 0.008544921875]""",0.00897216796875,0.000884056091308,2.499719142913818,0.008770824410021002,0.0019397735595700002,0.00031661987304600005,0.001070022583007,0.000700950622558,0.500694444444444,0.500810185185185,0.00011574074074
141763304320,14176330432,0,0,25600640519,1.0,"""[7.2479248046875e-05",9.059906005859376e-05,0.00010299682617100001,0.000116348266601,0.000128746032714,0.000200271606445,0.00041675567626900005,0.0008125305175780001,0.00177001953125,0.003425598144531," 0.007637023925781]""",0.007644653320312,0.0009670257568350001,2.233470678329467,0.011041133664548002,0.0019397735595700002,0.00031566619873000005,0.000995635986328,0.0007781982421870001,0.5050925925925921,0.505208333333333,0.00011574074074
141763304320,14176330432,0,0,25600640519,1.0,"""[7.915496826171875e-05",9.346008300781251e-05,0.00010490417480400001,0.000116348266601,0.000127792358398,0.00016212463378900002,0.00030326843261700004,0.000678062438964,0.0015621185302730001,0.004203796386718001," 0.00958251953125]""",0.00958251953125,0.0010528564453120002,2.350492477416992,0.011451733298599,0.0019397735595700002,0.00031471252441400005,0.001033782958984,0.0007791519165030001,0.5053240740740741,0.505439814814814,0.00011574074074
141763304320,14176330432,0,0,25600640519,1.0,"""[7.05718994140625e-05",8.296966552734376e-05,9.536743164062501e-05,0.000107765197753,0.00012016296386700001,0.00013160705566400002,0.000247955322265,0.0005941390991210001,0.00125503540039,0.0038757324218750004," 0.009368896484375]""",0.009384155273437,0.000950813293457,2.298528432846069,0.012034637853503002,0.0019397735595700002,0.00031566619873000005,0.001028060913085,0.000811576843261,0.509375,0.5094907407407401,0.00011574074074
141763304320,14176330432,0,0,25600640519,1.0,"""[7.915496826171875e-05",8.106231689453125e-05,8.487701416015626e-05,9.155273437500001e-05,0.00010204315185500001,0.000112533569335,0.000123023986816,0.000673294067382,0.0010223388671870002,0.00308609008789," 0.003604888916015]""",0.010208129882812,0.001184463500976,2.111159324645996,0.011290052905678001,0.0019397735595700002,0.000319480895996,0.0009489059448240001,0.0007467269897460001,0.5001157407407401,0.5001230709876541,7.330246913580246e-06
141763304320,14176330432,0,0,25600640519,1.0,"""[7.152557373046875e-05",8.0108642578125e-05,8.869171142578126e-05,0.00010204315185500001,0.000115394592285,0.000128746032714,0.00023555755615200003,0.000561714172363,0.001285552978515,0.004188537597656," 0.007736206054687]""",0.007743835449218001,0.0009717941284170001,2.416076898574829,0.012325108982622,0.0019397735595700002,0.00031566619873000005,0.00099754333496,0.000788688659667,0.5060185185185181,0.506134259259259,0.00011574074074
141763304320,14176330432,0,0,25600640519,1.0,"""[7.05718994140625e-05",8.106231689453125e-05,9.346008300781251e-05,0.000106811523437,0.00012016296386700001,0.00014209747314400002,0.000247001647949,0.000506401062011,0.000880241394042,0.003921508789062," 0.008773803710937]""",0.0087890625,0.000883102416992,4.172544956207275,0.016406398266553,0.0019397735595700002,0.00031566619873000005,0.000978469848632,0.00074291229248,0.504166666666666,0.504282407407407,0.00011574074074
141763304320,14176330432,0,0,25600640519,1.0,"""[7.343292236328125e-05",7.915496826171875e-05,8.487701416015626e-05,9.727478027343751e-05,0.000116348266601,0.00015640258789,0.000409126281738,0.0006570816040030001,0.0012950897216790001,0.0037879943847650005," 0.006126403808593001]""",0.006126403808593001,0.0009126663208000001,2.289700984954834,0.012371119111776002,0.0019397735595700002,0.00031661987304600005,0.001016616821289,0.0007791519165030001,0.506134259259259,0.5062500000000001,0.00011574074074
141763304320,14176330432,0,0,25600640519,1.0,"""[7.343292236328125e-05",8.392333984375001e-05,9.441375732421876e-05,0.000106811523437,0.00011825561523400002,0.000129699707031,0.00020313262939400002,0.000528335571289,0.001079559326171,0.004119873046875," 0.014556884765625002]""",0.014541625976562,0.001033782958984,4.443556785583496,0.016079744324088003,0.0019397735595700002,0.00031566619873000005,0.001216888427734,0.000761032104492,0.502314814814814,0.502430555555555,0.00011574074074
141763304320,14176330432,0,0,25600640519,1.0,"""[7.343292236328125e-05",7.915496826171875e-05,8.583068847656251e-05,9.727478027343751e-05,0.000112533569335,0.000128746032714,0.00021266937255800001,0.00059700012207,0.001110076904296,0.0036163330078120004," 0.009750366210937]""",0.009735107421875,0.0009069442749020001,2.289700984954834,0.012371119111776002,0.0019397735595700002,0.00031661987304600005,0.001049041748046,0.000800132751464,0.5062500000000001,0.50636574074074,0.00011574074074
141763304320,14176330432,0,0,25600640519,1.0,"""[7.2479248046875e-05",8.0108642578125e-05,8.773803710937501e-05,0.00010013580322200001,0.000113487243652,0.000126838684082,0.00028324127197200004,0.000593185424804,0.001003265380859,0.0038871765136710003," 0.008331298828125]""",0.008316040039062,0.0009174346923820001,2.25086498260498,0.011683151125907001,0.0019397735595700002,0.000317573547363,0.0009307861328120001,0.0007333755493160001,0.504398148148148,0.504513888888888,0.00011574074074
141763304320,14176330432,0,0,25600640519,1.0,"""[7.43865966796875e-05",8.20159912109375e-05,9.155273437500001e-05,0.00010490417480400001,0.00011730194091700002,0.000129699707031,0.00019454956054600002,0.0004920959472650001,0.001312255859375,0.004005432128906," 0.012222290039062]""",0.012222290039062,0.0009765625,5.069175720214843,0.01864000968635,0.0019397735595700002,0.00031661987304600005,0.001115798950195,0.0007333755493160001,0.502546296296296,0.502662037037037,0.00011574074074
141763304320,14176330432,0,0,25600640519,1.0,"""[7.343292236328125e-05",8.20159912109375e-05,9.250640869140626e-05,0.000106811523437,0.00012016296386700001,0.000149726867675,0.000290870666503,0.0006103515625,0.001115798950195,0.0038299560546870004," 0.008834838867187]""",0.008941650390625,0.000926971435546,2.28779935836792,0.01235463283956,0.0019397735595700002,0.00031661987304600005,0.0010356903076170001,0.0007953643798820001,0.5064814814814811,0.506597222222222,0.00011574074074
141763304320,14176330432,0,0,25600640519,1.0,"""[7.62939453125e-05",8.583068847656251e-05,9.727478027343751e-05,0.000109672546386,0.0001220703125,0.000144004821777,0.000297546386718,0.000616073608398,0.001232147216796,0.003982543945312," 0.011154174804687]""",0.011154174804687,0.0009613037109370001,2.187135219573974,0.010878555476665,0.0019397735595700002,0.00031661987304600005,0.00102424621582,0.0007667541503900001,0.5048611111111111,0.504976851851851,0.00011574074074
141763304320,14176330432,0,0,25600640519,1.0,"""[6.866455078125e-05",8.296966552734376e-05,9.536743164062501e-05,0.000106811523437,0.00011920928955000001,0.000130653381347,0.000222206115722,0.000539779663085,0.00103759765625,0.0038795471191400005," 0.009002685546875]""",0.009017944335937,0.0009498596191400001,2.236863613128662,0.011670310050249,0.0019397735595700002,0.00031566619873000005,0.001007080078125,0.0007944107055660001,0.507060185185185,0.5071759259259261,0.00011574074074
141763304320,14176330432,0,0,25600640519,1.0,"""[7.534027099609375e-05",8.869171142578126e-05,0.00010108947753900001,0.000112533569335,0.000123977661132,0.00015163421630800001,0.00023269653320300002,0.0005569458007810001,0.0010299682617180002,0.003791809082031," 0.011245727539062]""",0.013961791992187,0.0009346008300780001,2.276289463043212,0.012431861832737002,0.0019397735595700002,0.00031566619873000005,0.0011272430419920001,0.00080394744873,0.5090277777777771,0.509143518518518,0.00011574074074
141763304320,14176330432,0,0,25600640519,1.0,"""[7.534027099609375e-05",8.20159912109375e-05,8.964538574218751e-05,0.00010585784912100001,0.0001220703125,0.00016784667968700002,0.000410079956054,0.000650405883789,0.001214981079101,0.0035362243652340003," 0.006561279296875001]""",0.006553649902343001,0.0009059906005850001,2.235330581665039,0.010655706748366,0.0019397735595700002,0.00031566619873000005,0.0009822845458980001,0.000781059265136,0.507754629629629,0.5078703703703701,0.00011574074074
141763304320,14176330432,0,0,25600640519,1.0,"""[7.343292236328125e-05",8.20159912109375e-05,9.250640869140626e-05,0.00010395050048800001,0.000114440917968,0.000125885009765,0.00018978118896400002,0.000592231750488,0.001140594482421,0.0036926269531250004," 0.0086669921875]""",0.0086669921875,0.000908851623535,2.111159324645996,0.011290052905678001,0.0019397735595700002,0.00031661987304600005,0.001070022583007,0.000696182250976,0.5001230709876541,0.500231481481481,0.000108410493827
141763304320,14176330432,0,0,25600640519,1.0,"""[8.106231689453125e-05",8.678436279296876e-05,9.632110595703126e-05,0.000106811523437,0.000116348266601,0.000126838684082,0.000190734863281,0.0005722045898430001,0.000957489013671,0.003410339355468," 0.009613037109375]""",0.009613037109375,0.000914573669433,4.245240688323974,0.015268160961568002,0.0019397735595700002,0.000317573547363,0.001115798950195,0.000706672668457,0.502083333333333,0.502199074074074,0.00011574074074
141763304320,14176330432,0,0,25600640519,1.0,"""[7.152557373046875e-05",7.82012939453125e-05,8.583068847656251e-05,9.632110595703126e-05,0.000109672546386,0.0001220703125,0.000164985656738,0.000443458557128,0.0010604858398430002,0.004096984863281," 0.012313842773437]""",0.012313842773437,0.000925064086914,5.069175720214843,0.01864000968635,0.0019397735595700002,0.00031661987304600005,0.001115798950195,0.0007028579711910001,0.502662037037037,0.502777777777777,0.00011574074074
141763304320,14176330432,0,0,25600640519,1.0,"""[7.43865966796875e-05",8.296966552734376e-05,9.441375732421876e-05,0.000112533569335,0.000129699707031,0.000190734863281,0.00041675567626900005,0.000707626342773,0.0015945434570310002,0.003437042236328," 0.008087158203125]""",0.008010864257812,0.0009489059448240001,1.951496958732605,0.009439233690500001,0.0019397735595700002,0.00031661987304600005,0.001039505004882,0.0008201599121090001,0.506828703703703,0.5069444444444441,0.00011574074074
141763304320,14176330432,0,0,25600640519,1.0,"""[7.534027099609375e-05",9.155273437500001e-05,0.00010299682617100001,0.000114440917968,0.000125885009765,0.00017261505126900002,0.000351905822753,0.0007047653198240001,0.00160789489746,0.003654479980468," 0.007431030273437]""",0.00738525390625,0.0009393692016600001,2.350492477416992,0.011451733298599,0.0019397735595700002,0.00031661987304600005,0.001018524169921,0.00081729888916,0.505208333333333,0.5053240740740741,0.00011574074074
141763304320,14176330432,0,0,25600640519,1.0,"""[7.43865966796875e-05",8.106231689453125e-05,8.869171142578126e-05,0.00010108947753900001,0.000113487243652,0.000125885009765,0.00023746490478500002,0.0005769729614250001,0.001161575317382,0.003883361816406," 0.008193969726562]""",0.008193969726562,0.0009078979492180001,2.030340194702148,0.010055898688733,0.0019397735595700002,0.00031661987304600005,0.000926971435546,0.00071907043457,0.503356481481481,0.503472222222222,0.00011574074074
141763304320,14176330432,0,0,25600640519,1.0,"""[7.915496826171875e-05",8.20159912109375e-05,8.678436279296876e-05,0.00010013580322200001,0.000116348266601,0.000139236450195,0.000351905822753,0.000798225402832,0.001298904418945,0.001960754394531," 0.009429931640625]""",0.009414672851562,0.0007829666137690001,2.086542844772338,0.010281708091497001,0.0019397735595700002,0.000318527221679,0.0009241104125970001,0.000715255737304,0.501504629629629,0.501529706790123,2.5077160493827152e-05
141763304320,14176330432,0,0,25600640519,1.0,"""[6.961822509765625e-05",8.0108642578125e-05,9.250640869140626e-05,0.00010871887207,0.000123977661132,0.00016307830810500002,0.000300407409667,0.000616073608398,0.0016727447509760002,0.0036773681640620004," 0.00897216796875]""",0.009017944335937,0.0009489059448240001,2.460974216461181,0.01230876520276,0.0019397735595700002,0.00031566619873000005,0.001028060913085,0.000818252563476,0.5057870370370371,0.505902777777777,0.00011574074074
141763304320,14176330432,0,0,25600640519,1.0,"""[7.915496826171875e-05",8.583068847656251e-05,9.632110595703126e-05,0.000107765197753,0.00012016296386700001,0.00013160705566400002,0.00023746490478500002,0.000497817993164,0.001117706298828,0.00357437133789," 0.0086669921875]""",0.008651733398437,0.000871658325195,2.238272905349731,0.011376926675438001,0.0019397735595700002,0.00031566619873000005,0.0010433197021480001,0.0007953643798820001,0.508449074074074,0.5085648148148141,0.00011574074074
141763304320,14176330432,0,0,25600640519,1.0,"""[6.961822509765625e-05",8.296966552734376e-05,9.632110595703126e-05,0.000107765197753,0.00012016296386700001,0.00013351440429600002,0.00021839141845700002,0.00047874450683500004,0.0011043548583980001,0.003772735595703," 0.015213012695312]""",0.015213012695312,0.0009412765502920001,2.999131917953491,0.013232330791652001,0.0019397735595700002,0.00031661987304600005,0.001115798950195,0.0007209777832030001,0.502777777777777,0.502893518518518,0.00011574074074
141763304320,14176330432,0,0,25600640519,1.0,"""[7.43865966796875e-05",8.487701416015626e-05,9.822845458984376e-05,0.000111579895019,0.000124931335449,0.00016307830810500002,0.00036716461181600005,0.000605583190917,0.001167297363281,0.003982543945312," 0.007270812988281]""",0.006576538085937,0.0009298324584960001,1.951496958732605,0.009439233690500001,0.0019397735595700002,0.00031661987304600005,0.001054763793945,0.0008373260498040001,0.5067129629629631,0.506828703703703,0.00011574074074
141763304320,14176330432,0,0,25600640519,1.0,"""[7.343292236328125e-05",8.296966552734376e-05,9.441375732421876e-05,0.000109672546386,0.000123977661132,0.000170707702636,0.00029468536376900005,0.000665664672851,0.001077651977539,0.003482818603515," 0.008087158203125]""",0.008102416992187,0.0008974075317380001,2.187135219573974,0.010878555476665,0.0019397735595700002,0.00031661987304600005,0.0009679794311520001,0.000749588012695,0.504976851851851,0.5050925925925921,0.00011574074074
141763304320,14176330432,0,0,25600640519,1.0,"""[7.724761962890625e-05",9.155273437500001e-05,0.00010299682617100001,0.000114440917968,0.000125885009765,0.000160217285156,0.000329971313476,0.0007047653198240001,0.0017395019531250002,0.0037651062011710003," 0.007781982421875001]""",0.007774353027343001,0.0009689331054680001,2.350492477416992,0.011451733298599,0.0019397735595700002,0.00031566619873000005,0.000995635986328,0.000786781311035,0.505439814814814,0.5055555555555551,0.00011574074074
141763304320,14176330432,0,0,25600640519,1.0,"""[7.43865966796875e-05",8.678436279296876e-05,0.00010013580322200001,0.000113487243652,0.000125885009765,0.000164985656738,0.00029373168945300005,0.00063419342041,0.0014095306396480001,0.00347900390625," 0.008804321289062]""",0.008804321289062,0.0009393692016600001,2.310662031173706,0.012247286736965,0.0019397735595700002,0.00031566619873000005,0.00105857849121,0.000842094421386,0.5074074074074071,0.507523148148148,0.00011574074074
141763304320,14176330432,0,0,25600640519,1.0,"""[7.43865966796875e-05",8.964538574218751e-05,0.00010299682617100001,0.000116348266601,0.000129699707031,0.000191688537597,0.00044918060302700006,0.0007362365722650001,0.001461029052734,0.0033264160156250004," 0.009597778320312]""",0.009597778320312,0.000914573669433,2.235330581665039,0.010655706748366,0.0019397735595700002,0.000317573547363,0.001087188720703,0.0007953643798820001,0.5076388888888881,0.507754629629629,0.00011574074074
141763304320,14176330432,0,0,25600640519,1.0,"""[7.152557373046875e-05",7.915496826171875e-05,8.869171142578126e-05,0.00010395050048800001,0.00011825561523400002,0.00014209747314400002,0.00030326843261700004,0.000669479370117,0.00139045715332,0.003833770751953," 0.0086669921875]""",0.0086669921875,0.0009374618530270001,4.172544956207275,0.016406398266553,0.0019397735595700002,0.00031661987304600005,0.0009899139404290001,0.000776290893554,0.504050925925925,0.504166666666666,0.00011574074074
141763304320,14176330432,0,0,25600640519,1.0,"""[7.152557373046875e-05",7.62939453125e-05,8.20159912109375e-05,8.773803710937501e-05,0.00010585784912100001,0.000125885009765,0.00026798248291,0.0005960464477530001,0.0009727478027340001,0.002246856689453," 0.005989074707031]""",0.005996704101562,0.0007047653198240001,2.111159324645996,0.011290052905678001,0.0019397735595700002,0.00031661987304600005,0.000896453857421,0.000697135925292,0.500347222222222,0.500462962962963,0.00011574074074
141763304320,14176330432,0,0,25600640519,1.0,"""[7.62939453125e-05",8.583068847656251e-05,9.727478027343751e-05,0.000110626220703,0.000123023986816,0.00015068054199200001,0.00026416778564400005,0.000579833984375,0.000984191894531,0.003852844238281," 0.00909423828125]""",0.00909423828125,0.000914573669433,2.311199188232421,0.009111712686717,0.0019397735595700002,0.00031566619873000005,0.0009298324584960001,0.0006914138793940001,0.500925925925925,0.501041666666666,0.00011574074074
141763304320,14176330432,0,0,25600640519,1.0,"""[7.2479248046875e-05",8.964538574218751e-05,0.00010299682617100001,0.000116348266601,0.000129699707031,0.00018119812011700001,0.00032901763916,0.00071907043457,0.00157356262207,0.00396728515625," 0.007476806640625001]""",0.007537841796875001,0.000984191894531,2.654581308364868,0.009286250919103001,0.0019397735595700002,0.00031566619873000005,0.0010299682617180002,0.0008144378662100001,0.5087962962962961,0.508912037037037,0.00011574074074
141763304320,14176330432,0,0,25600640519,1.0,"""[6.961822509765625e-05",8.392333984375001e-05,9.727478027343751e-05,0.000110626220703,0.000123977661132,0.00015068054199200001,0.000260353088378,0.000536918640136,0.00124168395996,0.003482818603515," 0.01068115234375]""",0.01068115234375,0.0008697509765620001,2.274062633514404,0.009178863838315001,0.0019397735595700002,0.00031661987304600005,0.001070022583007,0.000757217407226,0.501157407407407,0.501273148148148,0.00011574074074
141763304320,14176330432,0,0,25600640519,1.0,"""[7.724761962890625e-05",8.392333984375001e-05,9.536743164062501e-05,0.000110626220703,0.000124931335449,0.00016784667968700002,0.00032901763916,0.000640869140625,0.0011978149414060002,0.0037040710449210003," 0.008743286132812]""",0.008758544921875,0.000891685485839,2.310662031173706,0.012247286736965,0.0019397735595700002,0.000317573547363,0.0009994506835930002,0.0007772445678710001,0.5071759259259261,0.507291666666666,0.00011574074074
141763304320,14176330432,0,0,25600640519,1.0,"""[7.152557373046875e-05",8.106231689453125e-05,9.346008300781251e-05,0.00010871887207,0.000123977661132,0.00016689300537100002,0.000279426574707,0.000608444213867,0.0011272430419920001,0.0033073425292960003," 0.006744384765625001]""",0.006752014160156,0.000861167907714,2.564614057540893,0.011639737524092001,0.0019397735595700002,0.00031661987304600005,0.000955581665039,0.0007333755493160001,0.503819444444444,0.503935185185185,0.00011574074074
141763304320,14176330432,0,0,25600640519,1.0,"""[8.0108642578125e-05",8.869171142578126e-05,9.918212890625001e-05,0.000110626220703,0.0001220703125,0.000144004821777,0.000255584716796,0.0006561279296870001,0.0017395019531250002,0.00314712524414," 0.009613037109375]""",0.009613037109375,0.000920295715332,2.086542844772338,0.010281708091497001,0.0019397735595700002,0.00031471252441400005,0.0009765625,0.000688552856445,0.501529706790123,0.50162037037037,9.066358024691358e-05
141763304320,14176330432,0,0,25600640519,1.0,"""[7.534027099609375e-05",8.487701416015626e-05,9.632110595703126e-05,0.00010871887207,0.00012111663818300001,0.000140190124511,0.000255584716796,0.000593185424804,0.0015239715576170001,0.003921508789062," 0.009719848632812]""",0.009719848632812,0.0009374618530270001,4.245240688323974,0.015268160961568002,0.0019397735595700002,0.00031566619873000005,0.001115798950195,0.0007524490356440001,0.501967592592592,0.502083333333333,0.00011574074074
141763304320,14176330432,0,0,25600640519,1.0,"""[7.05718994140625e-05",8.0108642578125e-05,9.155273437500001e-05,0.00010490417480400001,0.00011825561523400002,0.00013160705566400002,0.00022792816162100002,0.0005035400390620001,0.0010604858398430002,0.0036163330078120004," 0.009078979492187]""",0.009078979492187,0.0009002685546870001,2.460974216461181,0.01230876520276,0.0019397735595700002,0.00031566619873000005,0.0011730194091790001,0.0007820129394530001,0.505902777777777,0.5060185185185181,0.00011574074074
141763304320,14176330432,0,0,25600640519,1.0,"""[7.343292236328125e-05",8.964538574218751e-05,0.00010013580322200001,0.000111579895019,0.0001220703125,0.000135421752929,0.00030422210693300004,0.00069522857666,0.001237869262695,0.004013061523437," 0.008438110351562]""",0.008438110351562,0.0009613037109370001,2.20958924293518,0.011162039823830001,0.0019397735595700002,0.000317573547363,0.0010204315185540001,0.0007896423339840001,0.504629629629629,0.50474537037037,0.00011574074074
141763304320,14176330432,0,0,25600640519,1.0,"""[7.82012939453125e-05",8.964538574218751e-05,0.00010013580322200001,0.000109672546386,0.00012016296386700001,0.000130653381347,0.00020790100097600002,0.0006446838378900001,0.00132942199707,0.0034141540527340003," 0.011932373046875002]""",0.011993408203125002,0.0009584426879880001,2.499719142913818,0.008770824410021002,0.0019397735595700002,0.00031566619873000005,0.001070022583007,0.0007162094116210001,0.500810185185185,0.500925925925925,0.00011574074074
141763304320,14176330432,0,0,25600640519,1.0,"""[7.62939453125e-05",8.392333984375001e-05,9.441375732421876e-05,0.000106811523437,0.00011920928955000001,0.00013160705566400002,0.000269889831542,0.0005950927734370001,0.0016021728515620002,0.0035705566406250004," 0.007469177246093001]""",0.007469177246093001,0.0008697509765620001,2.654581308364868,0.009286250919103001,0.0019397735595700002,0.00031566619873000005,0.001016616821289,0.0007848739624020001,0.508680555555555,0.5087962962962961,0.00011574074074
141763304320,14176330432,0,0,25600640519,1.0,"""[6.67572021484375e-05",7.82012939453125e-05,8.964538574218751e-05,0.00010204315185500001,0.000115394592285,0.000128746032714,0.000247001647949,0.0005941390991210001,0.001079559326171,0.0038871765136710003," 0.008743286132812]""",0.0086669921875,0.0009174346923820001,2.030340194702148,0.010055898688733,0.0019397735595700002,0.00031471252441400005,0.000944137573242,0.0007333755493160001,0.503703703703703,0.503819444444444,0.00011574074074
141763304320,14176330432,0,0,25600640519,1.0,"""[7.152557373046875e-05",8.487701416015626e-05,9.727478027343751e-05,0.00010871887207,0.00012016296386700001,0.00013160705566400002,0.000231742858886,0.0006027221679680001,0.0010299682617180002,0.00372314453125," 0.011581420898437]""",0.011566162109375002,0.0009012222290030001,2.2025809288024902,0.010549747385084001,0.0019397735595700002,0.00031661987304600005,0.001115798950195,0.0007162094116210001,0.501851851851851,0.501967592592592,0.00011574074074
141763304320,14176330432,0,0,25600640519,1.0,"""[8.20159912109375e-05",9.536743164062501e-05,0.00010490417480400001,0.000114440917968,0.000123977661132,0.000144004821777,0.00022888183593700002,0.000636100769042,0.001373291015625,0.003639221191406," 0.008026123046875]""",0.008010864257812,0.0009651184082030001,2.34912896156311,0.011534295044839,0.0019397735595700002,0.00031566619873000005,0.00096321105957,0.0007534027099600001,0.502942129629629,0.503009259259259,6.712962962962963e-05
141763304320,14176330432,0,0,25600640519,1.0,"""[7.152557373046875e-05",8.106231689453125e-05,9.155273437500001e-05,0.00010585784912100001,0.00012016296386700001,0.000144958496093,0.000260353088378,0.000650405883789,0.00139045715332,0.0032806396484370004," 0.006629943847656]""",0.006629943847656,0.000859260559082,2.190308570861816,0.011208444833755,0.0019397735595700002,0.00031566619873000005,0.001064300537109,0.000828742980957,0.507986111111111,0.5081018518518511,0.00011574074074
141763304320,14176330432,0,0,25600640519,1.0,"""[7.152557373046875e-05",7.915496826171875e-05,8.583068847656251e-05,9.822845458984376e-05,0.000112533569335,0.000126838684082,0.000247001647949,0.0005578994750970001,0.001123428344726,0.0038604736328120004," 0.009765625]""",0.009719848632812,0.0009231567382810001,2.111159324645996,0.011290052905678001,0.0019397735595700002,0.00031661987304600005,0.001075744628906,0.000745773315429,0.500231481481481,0.500347222222222,0.00011574074074
141763304320,14176330432,0,0,25600640519,0.9933333396911621,"""[7.43865966796875e-05",8.20159912109375e-05,9.059906005859376e-05,0.00010395050048800001,0.00011730194091700002,0.000130653381347,0.00021457672119100003,0.000547409057617,0.001008987426757,0.0030784606933590003," 0.0084228515625]""",0.0084228515625,0.0008449554443350001,5.069175720214843,0.01864000968635,0.0019397735595700002,0.00031661987304600005,0.0009765625,0.0007162094116210001,0.502430555555555,0.502546296296296,0.00011574074074
141763304320,14176330432,0,0,25600640519,1.0,"""[7.62939453125e-05",8.583068847656251e-05,9.822845458984376e-05,0.000111579895019,0.000125885009765,0.00016403198242100002,0.000290870666503,0.000706672668457,0.0014801025390620002,0.0035705566406250004," 0.009490966796875]""",0.009490966796875,0.0009069442749020001,2.289700984954834,0.012371119111776002,0.0019397735595700002,0.00031661987304600005,0.001070022583007,0.000833511352539,0.50636574074074,0.5064814814814811,0.00011574074074
141763304320,14176330432,0,0,25600640519,1.0,"""[8.106231689453125e-05",9.250640869140626e-05,0.00010299682617100001,0.000113487243652,0.000123023986816,0.00014305114746000002,0.00023269653320300002,0.000584602355957,0.00125503540039,0.003456115722656," 0.009719848632812]""",0.009719848632812,0.0009098052978510001,2.499719142913818,0.008770824410021002,0.0019397735595700002,0.00031661987304600005,0.0010738372802730001,0.0007524490356440001,0.500578703703703,0.500694444444444,0.00011574074074
141763304320,14176330432,0,0,25600640519,1.0,"""[7.82012939453125e-05",8.869171142578126e-05,9.822845458984376e-05,0.000107765197753,0.00011825561523400002,0.000127792358398,0.00017642974853500002,0.0006294250488280001,0.0015621185302730001,0.003192901611328," 0.011627197265625002]""",0.011642456054687,0.00099754333496,2.34912896156311,0.011534295044839,0.0019397735595700002,0.00031661987304600005,0.0009899139404290001,0.0007486343383780001,0.502893518518518,0.502942129629629,4.86111111111111e-05
141763304320,14176330432,0,0,25600640519,1.0,"""[7.343292236328125e-05",8.678436279296876e-05,0.00010013580322200001,0.000112533569335,0.000125885009765,0.000164985656738,0.00031661987304600005,0.000707626342773,0.00174331665039,0.003482818603515," 0.008636474609375]""",0.008636474609375,0.0009384155273430001,2.34912896156311,0.011534295044839,0.0019397735595700002,0.00031661987304600005,0.001016616821289,0.000714302062988,0.503009259259259,0.5031249999999999,0.00011574074074
141763304320,14176330432,0,0,25600640519,1.0,"""[7.534027099609375e-05",8.964538574218751e-05,0.00010013580322200001,0.000110626220703,0.00012111663818300001,0.00013160705566400002,0.00021934509277300002,0.0005836486816400001,0.001131057739257,0.0037040710449210003," 0.009109497070312]""",0.009124755859375,0.0009164810180660001,2.276289463043212,0.012431861832737002,0.0019397735595700002,0.00031661987304600005,0.001056671142578,0.0008401870727530001,0.509143518518518,0.5092592592592591,0.00011574074074
141763304320,14176330432,0,0,25600640519,1.0,"""[7.343292236328125e-05",8.20159912109375e-05,9.346008300781251e-05,0.000106811523437,0.00012016296386700001,0.00013828277587800002,0.000349044799804,0.000678062438964,0.0014171600341790001,0.00357437133789," 0.0074462890625]""",0.007453918457031,0.000903129577636,2.142165660858154,0.009954580105841,0.0019397735595700002,0.00031661987304600005,0.000956535339355,0.0007171630859370001,0.501388888888888,0.501504629629629,0.00011574074074
141763304320,14176330432,0,0,25600640519,1.0,"""[6.961822509765625e-05",7.915496826171875e-05,8.869171142578126e-05,0.00010204315185500001,0.000116348266601,0.000129699707031,0.000247001647949,0.000654220581054,0.001110076904296,0.003898620605468," 0.009078979492187]""",0.009078979492187,0.0009613037109370001,2.030340194702148,0.010055898688733,0.0019397735595700002,0.00031661987304600005,0.0010128021240230001,0.000738143920898,0.503472222222222,0.503587962962962,0.00011574074074
141763304320,14176330432,0,0,25600640519,1.0,"""[7.43865966796875e-05",8.678436279296876e-05,0.00010013580322200001,0.000112533569335,0.000124931335449,0.00015735626220700002,0.00029563903808500004,0.0005874633789060001,0.0013427734375,0.0037879943847650005," 0.009140014648437]""",0.009140014648437,0.0009708404541010001,2.460974216461181,0.01230876520276,0.0019397735595700002,0.00031566619873000005,0.001031875610351,0.00078010559082,0.505671296296296,0.5057870370370371,0.00011574074074
141763304320,14176330432,0,0,25600640519,1.0,"""[6.961822509765625e-05",8.20159912109375e-05,9.441375732421876e-05,0.000106811523437,0.00011920928955000001,0.00013160705566400002,0.00023460388183500002,0.0006380081176750001,0.0014190673828120002,0.0035667419433590003," 0.009140014648437]""",0.009140014648437,0.0009613037109370001,4.172544956207275,0.016406398266553,0.0019397735595700002,0.00031566619873000005,0.000986099243164,0.0007476806640620001,0.503935185185185,0.504050925925925,0.00011574074074
141763304320,14176330432,0,0,25600640519,1.0,"""[8.0108642578125e-05",8.773803710937501e-05,9.918212890625001e-05,0.000110626220703,0.0001220703125,0.00013828277587800002,0.00028610229492100005,0.0006380081176750001,0.001167297363281,0.004096984863281," 0.009506225585937]""",0.009429931640625,0.000984191894531,2.310514450073242,0.011829762719571,0.0019397735595700002,0.00031661987304600005,0.0009708404541010001,0.000750541687011,0.504282407407407,0.504398148148148,0.00011574074074
141763304320,14176330432,0,0,25600640519,1.0,"""[8.0108642578125e-05",8.773803710937501e-05,9.822845458984376e-05,0.000109672546386,0.00012111663818300001,0.00013732910156200002,0.000249862670898,0.0006313323974600001,0.001276016235351,0.0030822753906250004," 0.010604858398437]""",0.0106201171875,0.000879287719726,2.187135219573974,0.010878555476665,0.0019397735595700002,0.00031566619873000005,0.0009460449218750001,0.0007514953613280001,0.50474537037037,0.5048611111111111,0.00011574074074
141763304320,14176330432,0,0,25600640519,1.0,"""[7.05718994140625e-05",8.487701416015626e-05,9.727478027343751e-05,0.000107765197753,0.00011920928955000001,0.000130653381347,0.000205993652343,0.000603675842285,0.0010662078857420001,0.002754211425781," 0.008087158203125]""",0.008087158203125,0.000792503356933,2.274062633514404,0.009178863838315001,0.0019397735595700002,0.000317573547363,0.0010814666748040001,0.0007171630859370001,0.501041666666666,0.501157407407407,0.00011574074074
141763304320,14176330432,0,0,25600640519,1.0,"""[7.2479248046875e-05",8.392333984375001e-05,9.632110595703126e-05,0.00010871887207,0.0001220703125,0.000154495239257,0.000381469726562,0.0007219314575190001,0.0014972686767570002,0.0036315917968750004," 0.00946044921875]""",0.00946044921875,0.0009698867797850001,2.34912896156311,0.011534295044839,0.0019397735595700002,0.00031661987304600005,0.000944137573242,0.0007228851318350001,0.5031249999999999,0.50324074074074,0.00011574074074
141763304320,14176330432,0,0,25600640519,1.0,"""[7.534027099609375e-05",8.869171142578126e-05,9.918212890625001e-05,0.000109672546386,0.00011920928955000001,0.000129699707031,0.00019741058349600002,0.00063419342041,0.0014343261718750002,0.0032196044921870004," 0.0108642578125]""",0.010848999023437,0.0008773803710930001,2.274062633514404,0.009178863838315001,0.0019397735595700002,0.00031471252441400005,0.001108169555664,0.000699996948242,0.501273148148148,0.501388888888888,0.00011574074074
141763304320,14176330432,0,0,25600640519,1.0,"""[7.2479248046875e-05",8.0108642578125e-05,8.869171142578126e-05,0.00010299682617100001,0.00011730194091700002,0.000130653381347,0.000290870666503,0.000678062438964,0.001352310180664,0.003837585449218," 0.00848388671875]""",0.00848388671875,0.000925064086914,2.344864130020141,0.011514516547322001,0.0019397735595700002,0.00031661987304600005,0.0010986328125,0.0007553100585930001,0.50324074074074,0.503356481481481,0.00011574074074
141763304320,14176330432,0,0,25600640519,1.0,"""[7.724761962890625e-05",9.059906005859376e-05,0.00010299682617100001,0.000115394592285,0.000128746032714,0.00016880035400300002,0.00037384033203100004,0.0005998611450190001,0.001232147216796,0.0037994384765620004," 0.005813598632812]""",0.006912231445312,0.0009651184082030001,2.310662031173706,0.012247286736965,0.0019397735595700002,0.00031566619873000005,0.00108528137207,0.000800132751464,0.507291666666666,0.5074074074074071,0.00011574074074
141763304320,14176330432,0,0,25600640519,1.0,"""[7.82012939453125e-05",8.487701416015626e-05,9.441375732421876e-05,0.000107765197753,0.00012111663818300001,0.000144958496093,0.000277519226074,0.000585556030273,0.001136779785156,0.004066467285156," 0.00799560546875]""",0.008010864257812,0.0009613037109370001,2.030340194702148,0.010055898688733,0.0019397735595700002,0.00031661987304600005,0.0009317398071280001,0.000712394714355,0.503587962962962,0.503703703703703,0.00011574074074
141763304320,14176330432,0,0,25600640519,1.0,"""[7.724761962890625e-05",9.155273437500001e-05,0.00010395050048800001,0.00011730194091700002,0.000130653381347,0.000185966491699,0.000370025634765,0.000645637512207,0.001369476318359,0.004096984863281," 0.00860595703125]""",0.00860595703125,0.001007080078125,2.382450103759765,0.011699634604156002,0.0019397735595700002,0.00031566619873000005,0.00107192993164,0.000761032104492,0.5055555555555551,0.505671296296296,0.00011574074074
141763304320,14176330432,0,0,25600640519,1.0,"""[7.2479248046875e-05",8.20159912109375e-05,9.346008300781251e-05,0.00010585784912100001,0.00011920928955000001,0.00013160705566400002,0.00023269653320300002,0.000603675842285,0.001110076904296,0.0036582946777340003," 0.01104736328125]""",0.01104736328125,0.000883102416992,2.249780654907226,0.010961003601551,0.0019397735595700002,0.000317573547363,0.0010967254638670001,0.0008087158203120001,0.507523148148148,0.5076388888888881,0.00011574074074
141763304320,14176330432,0,0,25600640519,1.0,"""[7.2479248046875e-05",8.678436279296876e-05,9.822845458984376e-05,0.000109672546386,0.00012111663818300001,0.00013351440429600002,0.00021266937255800001,0.000647544860839,0.00124168395996,0.003833770751953," 0.007591247558593001]""",0.007591247558593001,0.0009307861328120001,2.086542844772338,0.010281708091497001,0.0019397735595700002,0.00031661987304600005,0.0009288787841790001,0.0006980895996090001,0.501736111111111,0.501851851851851,0.00011574074074
