UniqJobId,collection_id,instance_index,priority,machine_id,sample_rate,cpu_usage_distribution1,cpu_usage_distribution2,cpu_usage_distribution3,cpu_usage_distribution4,cpu_usage_distribution5,cpu_usage_distribution6,cpu_usage_distribution7,cpu_usage_distribution8,cpu_usage_distribution9,cpu_usage_distribution10,cpu_usage_distribution11,max_cpu,avg_cpu,cycles_per_instruction,memory_accesses_per_instruction,assigned_memory,page_cache_memory,max_memory,avg_memory,start_time,end_time,time_window
1421625552087,142162555208,7,0,1461322453,1.0,"""[0",0.0013561248779290001,0.001667022705078,0.002220153808593,0.002933502197265,0.0034332275390620004,0.004127502441406,0.004417419433593001,0.004875183105468001,0.008346557617187," 0.011337280273437]""",0.01263427734375,0.003952026367187,3.010216474533081,0.012237104587256001,0.005210876464843001,0.001039505004882,0.003223419189453,0.003013610839843,0.5001157407407401,0.500146219135802,3.0478395061728392e-05
1421625552087,142162555208,7,0,1461322453,1.0,"""[0.007682800292968001",0.007682800292968001,0.007682800292968001,0.007682800292968001,0.007682800292968001,0.007682800292968001,0.007682800292968001,0.007682800292968001,0.007682800292968001,0.007682800292968001," 0.007682800292968001]""",0.02099609375,0.0052490234375,0.0,0.0,0.005210876464843001,4.76837158203125e-06,0.00036525726318300004,0.000288009643554,0.500149305555555,0.500150848765432,1.5432098765432092e-06
1421625552087,142162555208,7,0,1461322453,1.0,"""[0.004409790039062",0.004409790039062,0.004409790039062,0.004409790039062,0.004409790039062,0.006057739257812,0.007698059082031,0.007698059082031,0.007698059082031,0.007698059082031," 0.007698059082031]""",0.004341125488281,0.002796173095703,0.0,0.0,0.005210876464843001,3.814697265625e-06,0.00018119812011700001,9.536743164062501e-05,0.5001485339506171,0.500149305555555,7.716049382716048e-07
1421625552087,142162555208,7,0,20736713,1.0,"""[0.001766204833984",0.0033226013183590003,0.004081726074218001,0.00494384765625,0.005485534667968001,0.005973815917968001,0.006362915039062,0.006904602050781,0.00738525390625,0.008529663085937," 0.017181396484375]""",0.017120361328125,0.006019592285156,0.0,0.0,0.005210876464843001,0.000216484069824,0.0032920837402340003,0.0032463073730460003,0.509375,0.5094907407407401,0.00011574074074
1421625552087,142162555208,7,0,1461322453,1.0,"""[0",0.0,0.0,0.0,0.0,0.0,0.0,0.0,0.0,0.0," 0]""",0.0,0.0,0.0,0.0,0.005210876464843001,0.0,9.5367431640625e-07,9.5367431640625e-07,0.5001473765432091,0.500148148148148,7.716049382716048e-07
1421625552087,142162555208,7,0,1461322453,1.0,"""[0",0.0,0.0,0.0,0.0,0.0,0.0,0.0,0.0,0.0," 0]""",0.00030422210693300004,6.103515625e-05,3.010216474533081,0.012237104587256001,0.005210876464843001,0.001047134399414,8.487701416015626e-05,8.296966552734376e-05,0.500146219135802,0.500148148148148,1.929012345679012e-06
1421625552087,142162555208,7,0,20736713,1.0,"""[5.817413330078126e-05",0.00021457672119100003,0.00030517578125,0.000402450561523,0.0007247924804680001,0.001123428344726,0.0035057067871090003,0.006492614746093001,0.008102416992187,0.010940551757812," 0.014266967773437]""",0.018463134765625,0.003822326660156,0.0,0.0,0.005210876464843001,0.0006561279296870001,0.0037193298339840003,0.002323150634765,0.509286265432098,0.509375,8.873456790123456e-05
1421625552087,142162555208,7,0,1461322453,1.0,"""[0",0.0,0.0,0.0,8.58306884765625e-06,2.1934509277343753e-05,3.528594970703125e-05,0.0027732849121090003,0.0027732849121090003,0.0027732849121090003," 0.0027732849121090003]""",0.007080078125,0.00177001953125,0.0,0.0,0.005210876464843001,4.76837158203125e-06,1.2397766113281252e-05,1.2397766113281252e-05,0.500150848765432,0.500152391975308,1.5432098765432092e-06
1421625552087,142162555208,7,0,1461322453,1.0,"""[0",0.0,0.0,0.0,0.0,0.0,0.0,0.0,0.0,0.0," 0]""",0.0,0.0,3.010216474533081,0.012237104587256001,0.005210876464843001,0.001047134399414,8.296966552734376e-05,8.296966552734376e-05,0.500148148148148,0.5001485339506171,3.858024691358024e-07
