UniqJobId,collection_id,instance_index,priority,machine_id,sample_rate,cpu_usage_distribution1,cpu_usage_distribution2,cpu_usage_distribution3,cpu_usage_distribution4,cpu_usage_distribution5,cpu_usage_distribution6,cpu_usage_distribution7,cpu_usage_distribution8,cpu_usage_distribution9,cpu_usage_distribution10,cpu_usage_distribution11,max_cpu,avg_cpu,cycles_per_instruction,memory_accesses_per_instruction,assigned_memory,page_cache_memory,max_memory,avg_memory,start_time,end_time,time_window
1421625552084,142162555208,4,0,92084619232,1.0,"""[0",0.0,0.0,0.0,9.5367431640625e-07,9.5367431640625e-07,9.5367431640625e-07,9.5367431640625e-07,1.9073486328125e-06,1.9073486328125e-06," 1.9073486328125e-06]""",0.0,0.0,0.0,0.0,0.005210876464843001,1.9073486328125e-06,1.1444091796875002e-05,1.1444091796875002e-05,0.508938271604938,0.508939814814814,1.5432098765432092e-06
1421625552084,142162555208,4,0,75825628,1.0,"""[4.291534423828126e-05",0.00034427642822200004,0.00043869018554600005,0.001918792724609,0.0023918151855460003,0.002662658691406,0.002876281738281,0.0031433105468750004,0.004280090332031,0.007888793945312," 0.018890380859375]""",0.018951416015625,0.003318786621093,0.0,0.0,0.005210876464843001,0.0009660720825190001,0.0038108825683590003,0.003227233886718,0.50324074074074,0.5033410493827161,0.000100308641975
1421625552084,142162555208,4,0,92084619232,1.0,"""[0",0.0,0.0,0.0,0.0,4.76837158203125e-06,8.58306884765625e-06,8.58306884765625e-06,8.58306884765625e-06,8.58306884765625e-06," 8.58306884765625e-06]""",0.0,0.0,0.0,0.0,0.005210876464843001,0.0,9.5367431640625e-07,9.5367431640625e-07,0.5088796296296291,0.508880401234567,7.716049382716048e-07
1421625552084,142162555208,4,0,75825628,1.0,"""[7.343292236328125e-05",0.000144958496093,0.00021362304687500003,0.000257492065429,0.000308036804199,0.00034332275390600004,0.000561714172363,0.001123428344726,0.0018939971923820002,0.005943298339843001," 0.013427734375]""",0.013442993164062,0.00164794921875,0.0,0.0,0.005210876464843001,0.0006484985351560001,0.0022392272949210003,0.0017452239990230001,0.503204475308642,0.50324074074074,3.626543209876543e-05
1421625552084,142162555208,4,0,92084619232,1.0,"""[4.482269287109376e-05",8.296966552734376e-05,0.00039291381835900003,0.000433921813964,0.000473976135253,0.0005722045898430001,0.001251220703125,0.003467559814453,0.005599975585937,0.008407592773437," 0.012527465820312]""",0.012527465820312,0.00271987915039,0.0,0.0,0.005210876464843001,0.000696182250976,0.002338409423828,0.00204849243164,0.508912037037037,0.50893287037037,2.0833333333333333e-05
1421625552084,142162555208,4,0,92084619232,1.0,"""[1.52587890625e-05",1.52587890625e-05,1.52587890625e-05,1.52587890625e-05,1.52587890625e-05,1.52587890625e-05,1.52587890625e-05,1.52587890625e-05,1.52587890625e-05,1.52587890625e-05," 1.52587890625e-05]""",0.0,0.0,0.0,0.0,0.005210876464843001,0.0,1.9073486328125e-06,1.9073486328125e-06,0.508933641975308,0.5089340277777771,3.858024691358024e-07
1421625552084,142162555208,4,0,92084619232,1.0,"""[0",0.0,0.0035057067871090003,0.005142211914062,0.005561828613281,0.005638122558593001,0.005706787109375001,0.005867004394531,0.006202697753906,0.0084228515625," 0.0084228515625]""",0.006240844726562,0.004570007324218001,0.0,0.0,0.005210876464843001,0.0,0.001064300537109,0.000506401062011,0.5089340277777771,0.508936728395061,2.7006172839506168e-06
1421625552084,142162555208,4,0,92084619232,1.0,"""[0",0.00017166137695300002,0.00020217895507800002,0.00026226043701100003,0.000378608703613,0.0005941390991210001,0.001003265380859,0.0014877319335930002,0.002922058105468,0.004829406738281," 0.0135498046875]""",0.013473510742187,0.00160789489746,0.0,0.0,0.005210876464843001,0.000566482543945,0.002212524414062,0.00152587890625,0.508880401234567,0.508912037037037,3.16358024691358e-05
1421625552084,142162555208,4,0,75825628,1.0,"""[0",0.0,0.0,0.0,0.0,0.0,0.0,0.0,0.0,0.0," 0]""",0.00033378601074200004,0.000126838684082,0.0,0.0,0.005210876464843001,0.001054763793945,0.00015830993652300002,0.00015735626220700002,0.5033410493827161,0.503341820987654,7.716049382716048e-07
1421625552084,142162555208,4,0,75825628,1.0,"""[0",0.0,0.0,0.0,0.0,0.0,0.0,0.0,0.0,0.0," 0]""",0.0,0.0,0.0,0.0,0.005210876464843001,0.0,9.5367431640625e-07,9.5367431640625e-07,0.503341435185185,0.503341820987654,3.858024691358024e-07
