UniqJobId,collection_id,instance_index,priority,machine_id,sample_rate,cpu_usage_distribution1,cpu_usage_distribution2,cpu_usage_distribution3,cpu_usage_distribution4,cpu_usage_distribution5,cpu_usage_distribution6,cpu_usage_distribution7,cpu_usage_distribution8,cpu_usage_distribution9,cpu_usage_distribution10,cpu_usage_distribution11,max_cpu,avg_cpu,cycles_per_instruction,memory_accesses_per_instruction,assigned_memory,page_cache_memory,max_memory,avg_memory,start_time,end_time,time_window
1425911275920,142591127592,0,0,151945228,1.0,"""[0",0.0,0.0,0.0,0.0,0.0,0.0,0.0,0.0,0.0," 0]""",0.0,0.0,0.0,0.0,0.000823020935058,0.00010395050048800001,0.000113487243652,0.000112533569335,0.5075632716049381,0.507564429012345,1.157407407407407e-06
1425911275920,142591127592,0,0,151945228,1.0,"""[5.340576171875001e-05",7.2479248046875e-05,9.250640869140626e-05,0.000106811523437,0.00012111663818300001,0.000140190124511,0.00017261505126900002,0.00021457672119100003,0.000296592712402,0.0010604858398430002," 0.006851196289062]""",0.006889343261718001,0.0005416870117180001,0.0,0.0,0.000823020935058,2.7656555175781253e-05,0.00040817260742100005,0.00035476684570300005,0.507269290123456,0.507291666666666,2.237654320987654e-05
1425911275920,142591127592,0,0,151945228,1.0,"""[0",0.0,0.0,0.0,0.0,0.0,0.0,0.0,0.0,0.0," 0]""",0.0,0.0,0.0,0.0,0.000823020935058,4.00543212890625e-05,4.863739013671876e-05,4.863739013671876e-05,0.5074166666666661,0.507417052469135,3.858024691358024e-07
1425911275920,142591127592,0,0,151945228,1.0,"""[9.5367431640625e-07",9.5367431640625e-07,9.5367431640625e-07,9.5367431640625e-07,9.5367431640625e-07,9.5367431640625e-07,9.5367431640625e-07,9.5367431640625e-07,9.5367431640625e-07,9.5367431640625e-07," 9.5367431640625e-07]""",0.0,0.0,0.0,0.0,0.000823020935058,0.00016403198242100002,0.00017166137695300002,0.00017166137695300002,0.507072530864197,0.507072916666666,3.858024691358024e-07
1425911275920,142591127592,0,0,151945228,1.0,"""[0.00010299682617100001",0.00010585784912100001,0.000114440917968,0.000123023986816,0.000130653381347,0.000148773193359,0.00016689300537100002,0.00018978118896400002,0.00021457672119100003,0.000248908996582," 0.00026416778564400005]""",0.000473976135253,0.000165939331054,0.0,0.0,0.000823020935058,2.4795532226562503e-05,0.00041770935058500004,0.00041675567626900005,0.5074074074074071,0.507413966049382,6.558641975308642e-06
1425911275920,142591127592,0,0,151945228,1.0,"""[0",0.0,0.0,0.0,0.0,4.76837158203125e-06,1.0490417480468752e-05,1.0490417480468752e-05,1.0490417480468752e-05,1.0490417480468752e-05," 1.0490417480468752e-05]""",0.0,0.0,0.0,0.0,0.000823020935058,0.0,9.5367431640625e-07,9.5367431640625e-07,0.507317901234567,0.5073182870370371,3.858024691358024e-07
1425911275920,142591127592,0,0,151945228,1.0,"""[0",0.0,0.0,0.0,0.0,0.0,0.0,0.0,0.0,0.0," 0]""",0.0,0.0,0.0,0.0,0.000823020935058,0.000125885009765,0.00013637542724600002,0.000135421752929,0.5074648919753081,0.5074664351851851,1.5432098765432092e-06
1425911275920,142591127592,0,0,151945228,1.0,"""[0",0.0,2.1934509277343753e-05,6.580352783203125e-05,0.00019836425781200002,0.000329971313476,0.000440597534179,0.000550270080566,0.001857757568359,0.0031433105468750004," 0.0031433105468750004]""",0.0031433105468750004,0.0008392333984370001,0.0,0.0,0.000823020935058,0.000111579895019,0.000489234924316,0.000266075134277,0.507265817901234,0.50726774691358,1.929012345679012e-06
1425911275920,142591127592,0,0,151945228,1.0,"""[0",0.0,2.1934509277343753e-05,6.580352783203125e-05,8.773803710937501e-05,0.000109672546386,0.00022029876708900002,0.000329971313476,0.002197265625,0.004043579101562," 0.004043579101562]""",0.004043579101562,0.0008735656738280001,0.0,0.0,0.000823020935058,0.00016403198242100002,0.000547409057617,0.000319480895996,0.507069444444444,0.50707137345679,1.929012345679012e-06
1425911275920,142591127592,0,0,151945228,1.0,"""[0",0.0,0.0,0.0,0.0,0.0,0.0,0.0,0.0,0.0," 0]""",0.000378608703613,8.678436279296876e-05,0.0,0.0,0.000823020935058,0.00011920928955000001,0.000128746032714,0.000127792358398,0.50716936728395,0.507170910493827,1.5432098765432092e-06
1425911275920,142591127592,0,0,151945228,1.0,"""[4.291534423828126e-05",7.82012939453125e-05,9.536743164062501e-05,0.00010585784912100001,0.000116348266601,0.000126838684082,0.000154495239257,0.000190734863281,0.00022029876708900002,0.00029373168945300005," 0.008560180664062]""",0.008560180664062,0.000298500061035,0.0,0.0,0.000823020935058,0.00010108947753900001,0.000494003295898,0.00046730041503900005,0.507121913580246,0.507168209876543,4.6296296296296294e-05
1425911275920,142591127592,0,0,151945228,1.0,"""[0",0.0,0.0,0.0,0.0,0.0,0.0,0.0,0.0,0.0," 0]""",0.00029563903808500004,7.343292236328125e-05,0.0,0.0,0.000823020935058,0.000116348266601,0.000123023986816,0.0001220703125,0.5073665123456791,0.5073680555555551,1.5432098765432092e-06
1425911275920,142591127592,0,0,151945228,1.0,"""[5.531311035156251e-05",5.531311035156251e-05,5.531311035156251e-05,6.198883056640625e-05,7.534027099609375e-05,0.000154495239257,0.00023746490478500002,0.000255584716796,0.003440856933593,0.003440856933593," 0.003440856933593]""",0.003440856933593,0.0007352828979490001,0.0,0.0,0.000823020935058,4.100799560546875e-05,0.00042533874511700004,0.000216484069824,0.5072168209876541,0.50721875,1.929012345679012e-06
1425911275920,142591127592,0,0,151945228,1.0,"""[9.346008300781251e-05",0.00010204315185500001,0.000116348266601,0.00013160705566400002,0.00014781951904200002,0.000164985656738,0.00018215179443300001,0.00019931793212800002,0.00021553039550700003,0.000257492065429," 0.00033950805664]""",0.00033950805664,0.00018119812011700001,0.0,0.0,0.000823020935058,0.00013256072998000002,0.000547409057617,0.0005455017089840001,0.507060185185185,0.507069444444444,9.259259259259259e-06
1425911275920,142591127592,0,0,151945228,1.0,"""[0",0.0,0.0,0.0,0.0,0.0,0.0,0.0,0.0,0.0," 0]""",0.0,0.0,0.0,0.0,0.000823020935058,0.0,9.5367431640625e-07,9.5367431640625e-07,0.5070717592592591,0.507072145061728,3.858024691358024e-07
1425911275920,142591127592,0,0,151945228,1.0,"""[8.20159912109375e-05",8.20159912109375e-05,8.20159912109375e-05,8.20159912109375e-05,0.00031661987304600005,0.000329971313476,0.00034332275390600004,0.004287719726562,0.004287719726562,0.004287719726562," 0.004287719726562]""",0.004287719726562,0.0011215209960930002,0.0,0.0,0.000823020935058,3.4332275390625e-05,0.00042629241943300004,0.000280380249023,0.507413966049382,0.507415509259259,1.5432098765432092e-06
1425911275920,142591127592,0,0,151945228,1.0,"""[0",0.0,0.0,0.0,0.0,0.0,0.0,0.0,0.0,0.0," 0]""",0.00033473968505800004,0.000111579895019,0.0,0.0,0.000823020935058,0.00016403198242100002,0.00017356872558500002,0.00017261505126900002,0.50707137345679,0.507072530864197,1.157407407407407e-06
1425911275920,142591127592,0,0,151945228,1.0,"""[0",0.0,0.0,0.0005331039428710001,0.0005416870117180001,0.000550270080566,0.000558853149414,0.000568389892578,0.0019149780273430002,0.0019149780273430002," 0.0019149780273430002]""",0.003257751464843,0.0009717941284170001,0.0,0.0,0.000823020935058,0.00012111663818300001,0.0005159378051750001,0.00030517578125,0.507462962962963,0.5074648919753081,1.929012345679012e-06
1425911275920,142591127592,0,0,151945228,1.0,"""[4.577636718750001e-05",5.149841308593751e-05,6.67572021484375e-05,8.296966552734376e-05,0.00024223327636700001,0.000847816467285,0.0009241104125970001,0.00125503540039,0.0028190612792960003,0.005592346191406," 0.00970458984375]""",0.013839721679687,0.0015888214111320002,0.0,0.0,0.000823020935058,2.002716064453125e-05,0.000378608703613,0.000246047973632,0.507170524691358,0.5071759259259261,5.4012345679012335e-06
1425911275920,142591127592,0,0,151945228,1.0,"""[0",0.0,0.0,0.0,0.0,0.0,0.0,0.0,0.0,0.0," 0]""",0.0,0.0,0.0,0.0,0.000823020935058,2.4795532226562503e-05,3.4332275390625e-05,3.4332275390625e-05,0.507513888888888,0.507515817901234,1.929012345679012e-06
1425911275920,142591127592,0,0,151945228,1.0,"""[0",7.82012939453125e-05,9.727478027343751e-05,0.000110626220703,0.000123023986816,0.00014114379882800002,0.00016880035400300002,0.00019836425781200002,0.00023269653320300002,0.000299453735351," 0.005165100097656]""",0.005165100097656,0.000341415405273,0.0,0.0,0.000823020935058,0.00010490417480400001,0.00050926208496,0.00047683715820300005,0.5074166666666661,0.507462962962963,4.6296296296296294e-05
1425911275920,142591127592,0,0,151945228,1.0,"""[0",0.0,2.1934509277343753e-05,5.531311035156251e-05,6.580352783203125e-05,7.724761962890625e-05,0.00017642974853500002,0.00028610229492100005,0.002143859863281,0.003982543945312," 0.003982543945312]""",0.003982543945312,0.001056671142578,0.0,0.0,0.000823020935058,0.000116348266601,0.0005025863647460001,0.00033473968505800004,0.5073649691358021,0.5073665123456791,1.5432098765432092e-06
1425911275920,142591127592,0,0,151945228,1.0,"""[6.580352783203125e-05",6.580352783203125e-05,6.580352783203125e-05,0.00027275085449200004,0.000290870666503,0.000351905822753,0.00041389465332000003,0.000431060791015,0.003211975097656,0.003211975097656," 0.003211975097656]""",0.003211975097656,0.0012493133544920001,0.0,0.0,0.000823020935058,0.00011730194091700002,0.0005044937133780001,0.00040531158447200004,0.507168209876543,0.50716936728395,1.157407407407407e-06
1425911275920,142591127592,0,0,151945228,1.0,"""[5.912780761718751e-05",9.441375732421876e-05,0.00010585784912100001,0.000116348266601,0.000126838684082,0.000144004821777,0.00016403198242100002,0.00018787384033200002,0.00021553039550700003,0.000247955322265," 0.0010814666748040001]""",0.0010833740234370002,0.00017261505126900002,0.0,0.0,0.000823020935058,9.059906005859376e-05,0.000481605529785,0.000473022460937,0.507523148148148,0.5075617283950611,3.8580246913580246e-05
1425911275920,142591127592,0,0,151945228,1.0,"""[0",8.773803710937501e-05,0.00010108947753900001,0.000113487243652,0.000125885009765,0.000144958496093,0.00017166137695300002,0.00020408630371000002,0.000244140625,0.000308036804199," 0.005844116210937]""",0.005844116210937,0.00034427642822200004,0.0,0.0,0.000823020935058,0.00010299682617100001,0.000489234924316,0.000462532043457,0.507219521604938,0.507265817901234,4.6296296296296294e-05
1425911275920,142591127592,0,0,151945228,1.0,"""[5.531311035156251e-05",7.82012939453125e-05,9.536743164062501e-05,0.00010871887207,0.000123023986816,0.00014209747314400002,0.00017738342285100002,0.000222206115722,0.000296592712402,0.000508308410644," 0.007362365722656]""",0.007362365722656,0.000401496887207,0.0,0.0,0.000823020935058,2.5749206542968753e-05,0.00041389465332000003,0.000382423400878,0.507072530864197,0.5071188271604931,4.6296296296296294e-05
1425911275920,142591127592,0,0,151945228,1.0,"""[0",0.0,0.0,0.0,0.0,0.0,0.0,0.0,0.0,0.0," 0]""",0.0,0.0,0.0,0.0,0.000823020935058,0.0,9.5367431640625e-07,9.5367431640625e-07,0.507514660493827,0.5075150462962961,3.858024691358024e-07
1425911275920,142591127592,0,0,151945228,1.0,"""[7.62939453125e-06",7.62939453125e-06,7.62939453125e-06,7.62939453125e-06,7.62939453125e-06,7.62939453125e-06,7.62939453125e-06,7.62939453125e-06,7.62939453125e-06,7.62939453125e-06," 7.62939453125e-06]""",0.0,0.0,0.0,0.0,0.000823020935058,0.0,9.5367431640625e-07,9.5367431640625e-07,0.507219135802469,0.507219521604938,3.858024691358024e-07
1425911275920,142591127592,0,0,151945228,1.0,"""[0",0.0,0.0,0.0,0.0,4.76837158203125e-06,9.5367431640625e-06,9.5367431640625e-06,9.5367431640625e-06,9.5367431640625e-06," 9.5367431640625e-06]""",0.0,0.0,0.0,0.0,0.000823020935058,0.0,9.5367431640625e-07,9.5367431640625e-07,0.5072685185185181,0.507268904320987,3.858024691358024e-07
1425911275920,142591127592,0,0,151945228,1.0,"""[0",0.0,0.0,0.0,0.0,0.0,0.0,0.0,0.0,0.0,"0]""",0.0,0.0,0.0,0.0,0.000823020935058,0.0,9.5367431640625e-07,9.5367431640625e-07,0.5071215277777771,0.507121913580246,3.858024691358024e-07
1425911275920,142591127592,0,0,151945228,1.0,"""[8.773803710937501e-05",9.441375732421876e-05,0.00010299682617100001,0.000111579895019,0.00012111663818300001,0.000129699707031,0.00014591217041000002,0.00016307830810500002,0.00018978118896400002,0.000247955322265," 0.000299453735351]""",0.00030136108398400003,0.000149726867675,0.0,0.0,0.000823020935058,2.9563903808593753e-05,0.000412940979003,0.000410079956054,0.507291666666666,0.507315586419753,2.3919753086419752e-05
1425911275920,142591127592,0,0,151945228,1.0,"""[0",0.0,0.0,0.0,0.0,0.0,0.0,0.0,0.0,0.0," 0]""",0.00026226043701100003,0.00013160705566400002,0.0,0.0,0.000823020935058,4.482269287109376e-05,5.149841308593751e-05,5.149841308593751e-05,0.50721875,0.507219521604938,7.716049382716048e-07
1425911275920,142591127592,0,0,151945228,1.0,"""[0",0.0,0.0,0.0,0.0,0.0,0.0,0.0,0.0,0.0," 0]""",0.0,0.0,0.0,0.0,0.000823020935058,0.0,9.5367431640625e-07,9.5367431640625e-07,0.507367283950617,0.507367669753086,3.858024691358024e-07
1425911275920,142591127592,0,0,151945228,1.0,"""[0",0.0,0.0,0.0,0.0,0.0,0.0,0.0,0.0,0.0,"0]""",0.0,0.0,0.0,0.0,0.000823020935058,0.00010395050048800001,0.000112533569335,0.000112533569335,0.507564429012345,0.5075648148148141,3.858024691358024e-07
1425911275920,142591127592,0,0,151945228,1.0,"""[0",0.0,0.0,0.0,0.0,0.0,0.0,0.0,0.0,0.0," 0]""",0.00045776367187500005,0.000106811523437,0.0,0.0,0.000823020935058,4.00543212890625e-05,4.959106445312501e-05,4.863739013671876e-05,0.507415509259259,0.5074166666666661,1.157407407407407e-06
1425911275920,142591127592,0,0,151945228,1.0,"""[0",0.0,2.1934509277343753e-05,6.580352783203125e-05,0.00017642974853500002,0.00028610229492100005,0.00037384033203100004,0.000462532043457,0.001699447631835,0.0029144287109370004," 0.0029144287109370004]""",0.0029144287109370004,0.0009651184082030001,0.0,0.0,0.000823020935058,0.00010395050048800001,0.000490188598632,0.000321388244628,0.5075617283950611,0.5075632716049381,1.5432098765432092e-06
1425911275920,142591127592,0,0,151945228,1.0,"""[9.5367431640625e-07",9.5367431640625e-07,9.5367431640625e-07,9.5367431640625e-07,9.5367431640625e-07,9.5367431640625e-07,9.5367431640625e-07,9.5367431640625e-07,9.5367431640625e-07,9.5367431640625e-07," 9.5367431640625e-07]""",0.0,0.0,0.0,0.0,0.000823020935058,3.4332275390625e-05,4.291534423828126e-05,4.291534423828126e-05,0.507121913580246,0.507122299382716,3.858024691358024e-07
1425911275920,142591127592,0,0,151945228,1.0,"""[0",5.054473876953126e-05,6.29425048828125e-05,7.43865966796875e-05,8.678436279296876e-05,0.000109672546386,0.00018501281738200003,0.001338958740234,0.0018749237060540001,0.003425598144531," 0.009719848632812]""",0.009719848632812,0.001247406005859,0.0,0.0,0.000823020935058,7.915496826171875e-05,0.00044918060302700006,0.00035476684570300005,0.5075150462962961,0.507523148148148,8.10185185185185e-06
1425911275920,142591127592,0,0,151945228,1.0,"""[0",0.0,0.0,0.0,0.0,0.0,0.0,0.0,0.0,0.0," 0]""",0.0,0.0,0.0,0.0,0.000823020935058,0.0,9.5367431640625e-07,9.5367431640625e-07,0.507072145061728,0.507072530864197,3.858024691358024e-07
1425911275920,142591127592,0,0,151945228,1.0,"""[1.52587890625e-05",8.296966552734376e-05,9.822845458984376e-05,0.000110626220703,0.0001220703125,0.00013828277587800002,0.00016880035400300002,0.00020980834960900003,0.00024318695068300001,0.00044918060302700006," 0.007644653320312]""",0.007644653320312,0.00040817260742100005,0.0,0.0,0.000823020935058,0.000127792358398,0.000544548034667,0.000507354736328,0.507022762345679,0.507060185185185,3.742283950617283e-05
1425911275920,142591127592,0,0,151945228,1.0,"""[0",0.0,0.0,0.0,0.0,0.0,0.0,0.0,0.0,0.0," 0]""",0.0,0.0,0.0,0.0,0.000823020935058,0.0,9.5367431640625e-07,9.5367431640625e-07,0.507415895061728,0.507416280864197,3.858024691358024e-07
1425911275920,142591127592,0,0,151945228,1.0,"""[5.149841308593751e-05",8.487701416015626e-05,0.00010108947753900001,0.000115394592285,0.000129699707031,0.000152587890625,0.00018215179443300001,0.00022792816162100002,0.000268936157226,0.00035667419433500004," 0.009811401367187]""",0.00982666015625,0.000370979309082,0.0,0.0,0.000823020935058,0.00010490417480400001,0.000494956970214,0.00046730041503900005,0.5073182870370371,0.5073649691358021,4.668209876543209e-05
1425911275920,142591127592,0,0,151945228,1.0,"""[0",0.0,0.0,0.0,0.0,0.0,0.0,0.0,0.0,0.0," 0]""",0.00031566619873000005,0.00010490417480400001,0.0,0.0,0.000823020935058,3.4332275390625e-05,4.386901855468751e-05,4.386901855468751e-05,0.507120756172839,0.507121913580246,1.157407407407407e-06
1425911275920,142591127592,0,0,151945228,1.0,"""[9.5367431640625e-07",9.5367431640625e-07,9.5367431640625e-07,9.5367431640625e-07,9.5367431640625e-07,9.5367431640625e-07,9.5367431640625e-07,9.5367431640625e-07,9.5367431640625e-07,9.5367431640625e-07," 9.5367431640625e-07]""",0.0,0.0,0.0,0.0,0.000823020935058,0.000113487243652,0.0001220703125,0.0001220703125,0.507269290123456,0.5072696759259261,3.858024691358024e-07
1425911275920,142591127592,0,0,151945228,1.0,"""[0",0.0,0.0,0.0,0.0,0.0,0.0,0.0,0.0,0.0," 0]""",0.0,0.0,0.0,0.0,0.000823020935058,0.0,9.5367431640625e-07,9.5367431640625e-07,0.5074652777777771,0.507465663580246,3.858024691358024e-07
1425911275920,142591127592,0,0,151945228,1.0,"""[0",0.0,0.0,0.0,0.0,0.0,0.0,0.0,0.0,0.0,"0]""",0.0,0.0,0.0,0.0,0.000823020935058,0.0,9.5367431640625e-07,9.5367431640625e-07,0.5071701388888881,0.507170524691358,3.858024691358024e-07
1425911275920,142591127592,0,0,151945228,1.0,"""[0",0.0,0.0,0.0,0.0,0.0,0.0,0.0,0.0,0.0," 0]""",0.0,0.0,0.0,0.0,0.000823020935058,0.0,9.5367431640625e-07,9.5367431640625e-07,0.507169753086419,0.5071701388888881,3.858024691358024e-07
1425911275920,142591127592,0,0,151945228,1.0,"""[4.291534423828126e-05",7.343292236328125e-05,9.536743164062501e-05,0.000107765197753,0.00012016296386700001,0.00013160705566400002,0.00015735626220700002,0.000185966491699,0.000221252441406,0.00030422210693300004," 0.007041931152343001]""",0.007049560546875001,0.000360488891601,0.0,0.0,0.000823020935058,2.3841857910156253e-05,0.00041484832763600003,0.00038528442382800005,0.507367669753086,0.5074074074074071,3.973765432098765e-05
