UniqJobId,collection_id,instance_index,priority,machine_id,sample_rate,cpu_usage_distribution1,cpu_usage_distribution2,cpu_usage_distribution3,cpu_usage_distribution4,cpu_usage_distribution5,cpu_usage_distribution6,cpu_usage_distribution7,cpu_usage_distribution8,cpu_usage_distribution9,cpu_usage_distribution10,cpu_usage_distribution11,max_cpu,avg_cpu,cycles_per_instruction,memory_accesses_per_instruction,assigned_memory,page_cache_memory,max_memory,avg_memory,start_time,end_time,time_window
1425786843280,142578684328,0,0,70609325068,1.0,"""[0",0.0,0.0,0.0,0.0,0.0,0.0,0.0,0.0,0.0," 0]""",0.0,0.0,0.0,0.0,0.0007524490356440001,1.811981201171875e-05,2.6702880859375003e-05,2.6702880859375003e-05,0.502010416666666,0.502011574074074,1.157407407407407e-06
1425786843280,142578684328,0,0,70609325068,1.0,"""[0",0.0,0.0,0.0,0.0,0.0,0.0,0.0,0.0,0.0," 0]""",0.0,0.0,0.0,0.0,0.0007524490356440001,4.291534423828126e-05,5.245208740234376e-05,5.245208740234376e-05,0.5021095679012341,0.502109953703703,3.858024691358024e-07
1425786843280,142578684328,0,0,70609325068,1.0,"""[0",0.0,0.0,0.0,0.0,0.0,0.0,0.0,0.0,0.0," 0]""",0.0,0.0,0.0,0.0,0.0007524490356440001,0.0,9.5367431640625e-07,9.5367431640625e-07,0.502108796296296,0.5021091820987651,3.858024691358024e-07
1425786843280,142578684328,0,0,70609325068,1.0,"""[0",0.0,0.0,0.0,0.0,0.0,0.0,0.0,0.0,0.0," 0]""",0.0,0.0,0.0,0.0,0.0007524490356440001,0.0,9.5367431640625e-07,9.5367431640625e-07,0.5020111882716051,0.502011574074074,3.858024691358024e-07
1425786843280,142578684328,0,0,70609325068,1.0,"""[0",0.0,0.0,0.0,0.0,0.0,0.0,0.0,0.0,0.0,"0]""",0.0,0.0,0.0,0.0,0.0007524490356440001,0.0,9.5367431640625e-07,9.5367431640625e-07,0.501912422839506,0.5019128086419751,3.858024691358024e-07
1425786843280,142578684328,0,0,70609325068,1.0,"""[0",0.0,0.0,0.0,0.0,0.0,0.0,0.0,0.0,0.0," 0]""",0.0,0.0,0.0,0.0,0.0007524490356440001,0.0,9.5367431640625e-06,9.5367431640625e-06,0.501911651234567,0.501912422839506,7.716049382716048e-07
1425786843280,142578684328,0,0,70609325068,1.0,"""[7.343292236328125e-05",7.343292236328125e-05,7.343292236328125e-05,9.727478027343751e-05,0.000114440917968,0.000154495239257,0.00019359588623000002,0.00021171569824200001,0.0033226013183590003,0.0033226013183590003," 0.0033226013183590003]""",0.0033226013183590003,0.0008974075317380001,0.0,0.0,0.0007524490356440001,0.00013160705566400002,0.0005407333374020001,0.00038719177246000004,0.501762345679012,0.501763888888888,1.5432098765432092e-06
1425786843280,142578684328,0,0,70609325068,1.0,"""[5.054473876953126e-05",9.155273437500001e-05,0.00010108947753900001,0.000110626220703,0.00012016296386700001,0.000129699707031,0.00015163421630800001,0.00017738342285100002,0.000200271606445,0.00023651123046800003," 0.0010356903076170001]""",0.0010356903076170001,0.00016403198242100002,0.0,0.0,0.0007524490356440001,9.5367431640625e-06,0.000411033630371,0.00040054321289,0.501967592592592,0.50200848765432,4.089506172839507e-05
1425786843280,142578684328,0,0,70609325068,1.0,"""[4.673004150390626e-05",7.724761962890625e-05,9.632110595703126e-05,0.00010871887207,0.00012111663818300001,0.00013351440429600002,0.000153541564941,0.00017261505126900002,0.00019836425781200002,0.00023937225341700002," 0.002922058105468]""",0.002922058105468,0.00019264221191400002,0.0,0.0,0.0007524490356440001,0.000123977661132,0.000555038452148,0.0005416870117180001,0.50162037037037,0.5016647376543211,4.436728395061728e-05
1425786843280,142578684328,0,0,70609325068,1.0,"""[7.724761962890625e-05",8.392333984375001e-05,9.346008300781251e-05,0.00010204315185500001,0.000111579895019,0.00012016296386700001,0.000128746032714,0.00014781951904200002,0.00017166137695300002,0.00020217895507800002," 0.00021934509277300002]""",0.000221252441406,0.000125885009765,0.0,0.0,0.0007524490356440001,0.00011730194091700002,0.000566482543945,0.0005655288696280001,0.501851851851851,0.501860725308642,8.873456790123455e-06
1425786843280,142578684328,0,0,70609325068,1.0,"""[9.5367431640625e-07",9.5367431640625e-07,9.5367431640625e-07,9.5367431640625e-07,9.5367431640625e-07,9.5367431640625e-07,9.5367431640625e-07,9.5367431640625e-07,9.5367431640625e-07,9.5367431640625e-07," 9.5367431640625e-07]""",0.0,0.0,0.0,0.0,0.0007524490356440001,1.811981201171875e-05,2.6702880859375003e-05,2.6702880859375003e-05,0.502011574074074,0.502011959876543,3.858024691358024e-07
1425786843280,142578684328,0,0,70609325068,1.0,"""[0",0.0,0.0,0.0,0.0,0.0,0.0,0.0,0.0,0.0," 0]""",0.00030136108398400003,8.964538574218751e-05,0.0,0.0,0.0007524490356440001,1.621246337890625e-05,2.4795532226562503e-05,2.3841857910156253e-05,0.501714891975308,0.5017160493827161,1.157407407407407e-06
1425786843280,142578684328,0,0,70609325068,1.0,"""[1.4305114746093752e-05",1.4305114746093752e-05,5.245208740234376e-05,6.866455078125e-05,8.392333984375001e-05,0.0009899139404290001,0.001991271972656,0.002021789550781,0.0038566589355460003,0.005119323730468001," 0.005119323730468001]""",0.005119323730468001,0.001871109008789,0.0,0.0,0.0007524490356440001,7.534027099609375e-05,0.000443458557128,0.000149726867675,0.501618055555555,0.50162037037037,2.314814814814814e-06
1425786843280,142578684328,0,0,70609325068,1.0,"""[7.343292236328125e-05",7.343292236328125e-05,7.343292236328125e-05,0.00018501281738200003,0.00020217895507800002,0.00026416778564400005,0.00032615661621000004,0.00034332275390600004,0.002906799316406,0.002906799316406," 0.002906799316406]""",0.002906799316406,0.0008468627929680001,0.0,0.0,0.0007524490356440001,1.621246337890625e-05,0.00041675567626900005,0.000191688537597,0.501713348765432,0.501714891975308,1.5432098765432092e-06
1425786843280,142578684328,0,0,70609325068,1.0,"""[0",0.0,0.0,0.0,0.0,0.0,0.0,0.0,0.0,0.0,"0]""",0.0,0.0,0.0,0.0,0.0007524490356440001,0.0,9.5367431640625e-07,9.5367431640625e-07,0.501814043209876,0.5018144290123451,3.858024691358024e-07
1425786843280,142578684328,0,0,70609325068,1.0,"""[0",0.0,0.0,0.0,0.0,0.0,0.0,0.0,0.0,0.0," 0]""",0.000256538391113,5.149841308593751e-05,0.0,0.0,0.0007524490356440001,0.00013637542724600002,0.000144004821777,0.00014209747314400002,0.502157021604938,0.502158950617284,1.929012345679012e-06
1425786843280,142578684328,0,0,70609325068,1.0,"""[0",0.0,0.0,0.0,0.0,0.0,0.0,0.0,0.0,0.0," 0]""",0.0,0.0,0.0,0.0,0.0007524490356440001,0.0,9.5367431640625e-07,9.5367431640625e-07,0.501666666666666,0.501667052469135,3.858024691358024e-07
1425786843280,142578684328,0,0,70609325068,1.0,"""[0",0.0,2.1934509277343753e-05,6.580352783203125e-05,0.000154495239257,0.00023078918457,0.00024223327636700001,0.00025272369384700004,0.001749038696289,0.00323486328125," 0.00323486328125]""",0.003238677978515,0.0007829666137690001,0.0,0.0,0.0007524490356440001,1.811981201171875e-05,0.000409126281738,0.00016689300537100002,0.50200848765432,0.502010416666666,1.929012345679012e-06
1425786843280,142578684328,0,0,70609325068,1.0,"""[8.296966552734376e-05",9.250640869140626e-05,0.00010108947753900001,0.000109672546386,0.00011730194091700002,0.000125885009765,0.00013828277587800002,0.00015926361083900002,0.00018310546875,0.00021362304687500003," 0.000274658203125]""",0.00047683715820300005,0.00014209747314400002,0.0,0.0,0.0007524490356440001,0.000113487243652,0.0005350112915030001,0.000532150268554,0.501736111111111,0.501762345679012,2.623456790123457e-05
1425786843280,142578684328,0,0,70609325068,1.0,"""[4.673004150390626e-05",4.768371582031251e-05,5.626678466796876e-05,6.4849853515625e-05,7.2479248046875e-05,8.106231689453125e-05,9.727478027343751e-05,0.0005455017089840001,0.004547119140625,0.004646301269531," 0.0064697265625]""",0.006462097167968001,0.001199722290039,0.0,0.0,0.0007524490356440001,6.67572021484375e-06,0.000370979309082,0.00030231475830000003,0.501962191358024,0.501967592592592,5.4012345679012335e-06
1425786843280,142578684328,0,0,70609325068,1.0,"""[4.577636718750001e-05",8.0108642578125e-05,9.727478027343751e-05,0.00010871887207,0.00012111663818300001,0.00013256072998000002,0.000155448913574,0.00017833709716700002,0.00020217895507800002,0.000256538391113," 0.0032005310058590003]""",0.005256652832031,0.000280380249023,0.0,0.0,0.0007524490356440001,0.000109672546386,0.000530242919921,0.000507354736328,0.502011574074074,0.5020578703703701,4.6296296296296294e-05
1425786843280,142578684328,0,0,70609325068,1.0,"""[4.482269287109376e-05",8.869171142578126e-05,9.918212890625001e-05,0.00010871887207,0.00011920928955000001,0.000128746032714,0.000149726867675,0.000175476074218,0.000222206115722,0.00036525726318300004," 0.004386901855468001]""",0.004386901855468001,0.00026416778564400005,0.0,0.0,0.0007524490356440001,0.00012016296386700001,0.000569343566894,0.000542640686035,0.5019128086419751,0.501959104938271,4.6296296296296294e-05
1425786843280,142578684328,0,0,70609325068,1.0,"""[4.863739013671876e-05",6.008148193359376e-05,7.43865966796875e-05,8.869171142578126e-05,0.000106811523437,0.000123977661132,0.00014305114746000002,0.000165939331054,0.000259399414062,0.000944137573242," 0.006393432617187]""",0.006393432617187,0.000452995300292,0.0,0.0,0.0007524490356440001,0.000109672546386,0.000528335571289,0.00047492980957000003,0.5017160493827161,0.501736111111111,2.006172839506172e-05
1425786843280,142578684328,0,0,70609325068,1.0,"""[0",0.0,0.0,0.0,0.0,9.5367431640625e-06,1.9073486328125e-05,1.9073486328125e-05,1.9073486328125e-05,1.9073486328125e-05," 1.9073486328125e-05]""",0.0,0.0,0.0,0.0,0.0007524490356440001,0.0,9.5367431640625e-07,9.5367431640625e-07,0.5017642746913581,0.5017646604938271,3.858024691358024e-07
1425786843280,142578684328,0,0,70609325068,1.0,"""[0",0.0,0.0,0.0,0.0,0.0,0.0,0.0,0.0,0.0," 0]""",0.0,0.0,0.0,0.0,0.0007524490356440001,0.000127792358398,0.000130653381347,0.000130653381347,0.502060570987654,0.5020609567901231,3.858024691358024e-07
1425786843280,142578684328,0,0,70609325068,1.0,"""[0",0.0,2.1934509277343753e-05,6.580352783203125e-05,0.00017642974853500002,0.00028610229492100005,0.0008144378662100001,0.0013427734375,0.00142478942871,0.00148582458496," 0.00148582458496]""",0.001483917236328,0.000651359558105,0.0,0.0,0.0007524490356440001,0.00013351440429600002,0.0005655288696280001,0.000268936157226,0.501860725308642,0.5018626543209871,1.929012345679012e-06
1425786843280,142578684328,0,0,70609325068,1.0,"""[4.291534423828126e-05",6.771087646484375e-05,9.059906005859376e-05,0.00010204315185500001,0.000114440917968,0.000126838684082,0.00014686584472600002,0.000175476074218,0.00020980834960900003,0.000277519226074," 0.008651733398437]""",0.008651733398437,0.000299453735351,0.0,0.0,0.0007524490356440001,1.2397766113281252e-05,0.00041770935058500004,0.00039768218994100005,0.501667052469135,0.501713348765432,4.6296296296296294e-05
1425786843280,142578684328,0,0,70609325068,1.0,"""[3.910064697265625e-05",5.722045898437501e-05,7.2479248046875e-05,8.869171142578126e-05,0.00010108947753900001,0.000113487243652,0.000126838684082,0.000149726867675,0.00018215179443300001,0.00023746490478500002," 0.0036277770996090003]""",0.0036315917968750004,0.00027084350585900003,0.0,0.0,0.0007524490356440001,0.000115394592285,0.000566482543945,0.0005340576171870001,0.5018144290123451,0.501851851851851,3.742283950617283e-05
1425786843280,142578684328,0,0,70609325068,1.0,"""[7.62939453125e-05",7.62939453125e-05,7.62939453125e-05,0.00031280517578100004,0.000321388244628,0.000329971313476,0.000338554382324,0.000348091125488,0.0035400390625,0.0035400390625," 0.0035400390625]""",0.0035400390625,0.000995635986328,0.0,0.0,0.0007524490356440001,4.100799560546875e-05,0.00043582916259700004,0.00021743774414,0.50210686728395,0.502108410493827,1.5432098765432092e-06
1425786843280,142578684328,0,0,70609325068,1.0,"""[9.5367431640625e-07",9.5367431640625e-07,9.5367431640625e-07,9.5367431640625e-07,9.5367431640625e-07,9.5367431640625e-07,9.5367431640625e-07,9.5367431640625e-07,9.5367431640625e-07,9.5367431640625e-07," 9.5367431640625e-07]""",0.0,0.0,0.0,0.0,0.0007524490356440001,0.000135421752929,0.00014209747314400002,0.00014209747314400002,0.501765046296296,0.501765432098765,3.858024691358024e-07
1425786843280,142578684328,0,0,70609325068,1.0,"""[0",0.0,0.0,0.0,0.0,0.0,0.0,0.0,0.0,0.0," 0]""",0.0,0.0,0.0,0.0,0.0007524490356440001,0.0,9.5367431640625e-07,9.5367431640625e-07,0.501715663580246,0.5017160493827161,3.858024691358024e-07
1425786843280,142578684328,0,0,70609325068,1.0,"""[4.673004150390626e-05",8.106231689453125e-05,9.727478027343751e-05,0.000107765197753,0.00011920928955000001,0.000130653381347,0.000153541564941,0.00018215179443300001,0.000226020812988,0.000299453735351," 0.006607055664062]""",0.006607055664062,0.000287055969238,0.0,0.0,0.0007524490356440001,0.00011730194091700002,0.000538825988769,0.000513076782226,0.5021095679012341,0.50215586419753,4.6296296296296294e-05
1425786843280,142578684328,0,0,70609325068,1.0,"""[0",0.0,0.0,0.0,0.0,0.0,0.0,0.0,0.0,0.0,"0]""",0.0,0.0,0.0,0.0,0.0007524490356440001,0.0,9.5367431640625e-07,9.5367431640625e-07,0.5021091820987651,0.5021095679012341,3.858024691358024e-07
1425786843280,142578684328,0,0,70609325068,1.0,"""[4.196166992187501e-05",6.29425048828125e-05,8.487701416015626e-05,0.00010013580322200001,0.000114440917968,0.000127792358398,0.000149726867675,0.000175476074218,0.00020790100097600002,0.000260353088378," 0.009353637695312]""",0.009323120117187,0.000276565551757,0.0,0.0,0.0007524490356440001,4.76837158203125e-06,0.00040817260742100005,0.000388145446777,0.501765046296296,0.5018113425925921,4.6296296296296294e-05
1425786843280,142578684328,0,0,70609325068,1.0,"""[4.291534423828126e-05",7.05718994140625e-05,9.250640869140626e-05,0.00010395050048800001,0.000114440917968,0.000125885009765,0.00014209747314400002,0.000164985656738,0.00019359588623000002,0.000247001647949," 0.00543212890625]""",0.00543212890625,0.000253677368164,0.0,0.0,0.0007524490356440001,3.814697265625e-06,0.000443458557128,0.000422477722167,0.501863425925925,0.501910108024691,4.668209876543209e-05
1425786843280,142578684328,0,0,70609325068,1.0,"""[0",0.0,0.0,0.0,0.0,0.0,0.0,0.0,0.0,0.0,"0]""",0.0,0.0,0.0,0.0,0.0007524490356440001,0.00013351440429600002,0.00013828277587800002,0.00013828277587800002,0.501863425925925,0.501863811728395,3.858024691358024e-07
1425786843280,142578684328,0,0,70609325068,1.0,"""[0",0.0,0.0,0.0,0.0,0.0,0.0,0.0,0.0,0.0," 0]""",0.0,0.0,0.0,0.0,0.0007524490356440001,0.0,9.5367431640625e-07,9.5367431640625e-07,0.501715277777777,0.501715663580246,3.858024691358024e-07
1425786843280,142578684328,0,0,70609325068,1.0,"""[9.059906005859376e-05",9.632110595703126e-05,0.00010299682617100001,0.000109672546386,0.000116348266601,0.000123977661132,0.000130653381347,0.00017738342285100002,0.00020980834960900003,0.000246047973632," 0.00028324127197200004]""",0.00033760070800700005,0.00015163421630800001,0.0,0.0,0.0007524490356440001,3.4332275390625e-05,0.00043582916259700004,0.000432968139648,0.502083333333333,0.50210686728395,2.353395061728394e-05
1425786843280,142578684328,0,0,70609325068,1.0,"""[5.722045898437501e-05",5.722045898437501e-05,5.722045898437501e-05,7.2479248046875e-05,0.000109672546386,0.000154495239257,0.00017642974853500002,0.00019836425781200002,0.0016918182373040001,0.003162384033203," 0.003162384033203]""",0.003177642822265,0.0006914138793940001,0.0,0.0,0.0007524490356440001,1.3351440429687502e-05,0.00041675567626900005,0.00019741058349600002,0.5018113425925921,0.501813271604938,1.929012345679012e-06
1425786843280,142578684328,0,0,70609325068,1.0,"""[0",0.0,2.1934509277343753e-05,5.531311035156251e-05,6.580352783203125e-05,7.724761962890625e-05,0.000154495239257,0.00024223327636700001,0.00154685974121,0.002826690673828," 0.002826690673828]""",0.002826690673828,0.0006618499755850001,0.0,0.0,0.0007524490356440001,0.000127792358398,0.000529289245605,0.000288009643554,0.5020578703703701,0.502059799382716,1.929012345679012e-06
1425786843280,142578684328,0,0,70609325068,1.0,"""[0",0.0,0.0,0.0,0.0,0.0,0.0,0.0,0.0,0.0," 0]""",0.0,0.0,0.0,0.0,0.0007524490356440001,0.0,9.5367431640625e-07,9.5367431640625e-07,0.502060185185185,0.502060570987654,3.858024691358024e-07
1425786843280,142578684328,0,0,70609325068,1.0,"""[0",0.0,0.0,0.0,0.0,0.0,0.0,0.0,0.0,0.0," 0]""",0.0,0.0,0.0,0.0,0.0007524490356440001,0.000155448913574,0.00016212463378900002,0.00016212463378900002,0.5019610339506171,0.501961805555555,7.716049382716048e-07
1425786843280,142578684328,0,0,70609325068,1.0,"""[0",0.0,0.0,0.0,0.0,0.0,0.0,0.0,0.0,0.0," 0]""",0.0,0.0,0.0,0.0,0.0007524490356440001,0.0,9.5367431640625e-06,9.5367431640625e-06,0.501912422839506,0.5019128086419751,3.858024691358024e-07
1425786843280,142578684328,0,0,70609325068,1.0,"""[0",0.0,0.0,0.00022888183593700002,0.000247001647949,0.000792503356933,0.001338958740234,0.0013561248779290001,0.002494812011718,0.002494812011718," 0.002494812011718]""",0.0024986267089840003,0.0013198852539060002,0.0,0.0,0.0007524490356440001,0.00013637542724600002,0.000537872314453,0.00042343139648400003,0.50215586419753,0.502157021604938,1.157407407407407e-06
1425786843280,142578684328,0,0,70609325068,1.0,"""[9.5367431640625e-07",9.5367431640625e-07,9.5367431640625e-07,9.5367431640625e-07,9.5367431640625e-07,9.5367431640625e-07,9.5367431640625e-07,9.5367431640625e-07,9.5367431640625e-07,9.5367431640625e-07," 9.5367431640625e-07]""",0.0,0.0,0.0,0.0,0.0007524490356440001,0.000155448913574,0.00016212463378900002,0.00016212463378900002,0.501961805555555,0.501962191358024,3.858024691358024e-07
1425786843280,142578684328,0,0,70609325068,1.0,"""[0",0.0,0.0,0.0,0.0,0.0,0.0,0.0,0.0,0.0," 0]""",0.002571105957031,0.001285552978515,0.0,0.0,0.0007524490356440001,0.000154495239257,0.00016307830810500002,0.00016307830810500002,0.501665895061728,0.501666666666666,7.716049382716048e-07
