UniqJobId,collection_id,instance_index,priority,machine_id,sample_rate,cpu_usage_distribution1,cpu_usage_distribution2,cpu_usage_distribution3,cpu_usage_distribution4,cpu_usage_distribution5,cpu_usage_distribution6,cpu_usage_distribution7,cpu_usage_distribution8,cpu_usage_distribution9,cpu_usage_distribution10,cpu_usage_distribution11,max_cpu,avg_cpu,cycles_per_instruction,memory_accesses_per_instruction,assigned_memory,page_cache_memory,max_memory,avg_memory,start_time,end_time,time_window
1426458770280,142645877028,0,0,70609325068,1.0,"""[4.959106445312501e-05",4.959106445312501e-05,4.959106445312501e-05,0.00014114379882800002,0.00015830993652300002,0.00026416778564400005,0.000370025634765,0.00038719177246000004,0.001960754394531,0.001960754394531," 0.001960754394531]""",0.003772735595703,0.0009403228759760001,0.0,0.0,0.000804901123046,1.0490417480468752e-05,0.00041484832763600003,0.00017738342285100002,0.5085300925925921,0.508532021604938,1.929012345679012e-06
1426458770280,142645877028,0,0,70609325068,1.0,"""[0",0.0,0.0,0.0,0.0,0.0,0.0,0.0,0.0,0.0," 0]""",0.0,0.0,0.0,0.0,0.000804901123046,0.0,9.5367431640625e-07,9.5367431640625e-07,0.5085817901234561,0.508582175925925,3.858024691358024e-07
1426458770280,142645877028,0,0,70609325068,1.0,"""[1.71661376953125e-05",1.71661376953125e-05,1.71661376953125e-05,1.71661376953125e-05,1.71661376953125e-05,1.71661376953125e-05,1.71661376953125e-05,1.71661376953125e-05,1.71661376953125e-05,1.71661376953125e-05," 1.71661376953125e-05]""",0.0,0.0,0.0,0.0,0.000804901123046,0.0,9.5367431640625e-07,9.5367431640625e-07,0.508532407407407,0.508532793209876,3.858024691358024e-07
1426458770280,142645877028,0,0,70609325068,1.0,"""[5.626678466796876e-05",9.059906005859376e-05,0.00010204315185500001,0.000112533569335,0.000123977661132,0.000140190124511,0.00016689300537100002,0.00019836425781200002,0.00024223327636700001,0.00038528442382800005," 0.007713317871093001]""",0.007713317871093001,0.000370025634765,0.0,0.0,0.000804901123046,0.00012111663818300001,0.000551223754882,0.0005264282226560001,0.5081381172839501,0.508184413580246,4.6296296296296294e-05
1426458770280,142645877028,0,0,70609325068,1.0,"""[0",0.0,0.0,0.0,0.0,0.0,0.0,0.0,0.0,0.0," 0]""",0.0,0.0,0.0,0.0,0.000804901123046,2.8610229492187503e-05,3.719329833984375e-05,3.62396240234375e-05,0.508630787037037,0.508631944444444,1.157407407407407e-06
1426458770280,142645877028,0,0,70609325068,1.0,"""[0",0.0,2.1934509277343753e-05,5.531311035156251e-05,6.580352783203125e-05,7.724761962890625e-05,0.000154495239257,0.00024223327636700001,0.001787185668945,0.0033111572265620004," 0.0033111572265620004]""",0.0033111572265620004,0.000767707824707,0.0,0.0,0.000804901123046,0.00013828277587800002,0.0005578994750970001,0.000308036804199,0.508579475308642,0.5085814043209871,1.929012345679012e-06
1426458770280,142645877028,0,0,70609325068,1.0,"""[5.245208740234376e-05",8.20159912109375e-05,9.727478027343751e-05,0.000109672546386,0.0001220703125,0.000135421752929,0.000160217285156,0.00019359588623000002,0.00024223327636700001,0.00033378601074200004," 0.009231567382812]""",0.009231567382812,0.000320434570312,0.0,0.0,0.000804901123046,0.000114440917968,0.0005340576171870001,0.000506401062011,0.508237268518518,0.5082835648148141,4.6296296296296294e-05
1426458770280,142645877028,0,0,70609325068,1.0,"""[5.054473876953126e-05",7.152557373046875e-05,9.346008300781251e-05,0.000109672546386,0.000124931335449,0.000149726867675,0.0001802444458,0.00020408630371000002,0.000231742858886,0.0006294250488280001," 0.008285522460937]""",0.008270263671875,0.000432014465332,0.0,0.0,0.000804901123046,5.7220458984375e-06,0.000401496887207,0.000372886657714,0.5081875,0.508217592592592,3.0092592592592593e-05
1426458770280,142645877028,0,0,70609325068,1.0,"""[9.5367431640625e-07",9.5367431640625e-07,9.5367431640625e-07,9.5367431640625e-07,9.5367431640625e-07,9.5367431640625e-07,9.5367431640625e-07,9.5367431640625e-07,9.5367431640625e-07,9.5367431640625e-07," 9.5367431640625e-07]""",0.0,0.0,0.0,0.0,0.000804901123046,0.00013732910156200002,0.00014591217041000002,0.00014591217041000002,0.5082862654320981,0.5082866512345681,3.858024691358024e-07
1426458770280,142645877028,0,0,70609325068,1.0,"""[1.9073486328125e-06",1.9073486328125e-06,1.9073486328125e-06,1.9073486328125e-06,1.9073486328125e-06,1.9073486328125e-06,1.9073486328125e-06,1.9073486328125e-06,1.9073486328125e-06,1.9073486328125e-06," 1.9073486328125e-06]""",0.0,0.0,0.0,0.0,0.000804901123046,0.0001220703125,0.000130653381347,0.000130653381347,0.508680555555555,0.508680941358024,3.858024691358024e-07
1426458770280,142645877028,0,0,70609325068,1.0,"""[6.29425048828125e-05",6.29425048828125e-05,6.29425048828125e-05,0.000361442565917,0.000378608703613,0.0005941390991210001,0.0008096694946280001,0.0008277893066400001,0.0022850036621090003,0.0022850036621090003," 0.0022850036621090003]""",0.0022850036621090003,0.00080394744873,0.0,0.0,0.000804901123046,1.621246337890625e-05,0.000411987304687,0.00018978118896400002,0.5084317129629631,0.5084332561728391,1.5432098765432092e-06
1426458770280,142645877028,0,0,70609325068,1.0,"""[0",0.0,0.0,0.0,0.0,0.0,0.0,0.0,0.0,0.0," 0]""",0.000245094299316,6.103515625e-05,0.0,0.0,0.000804901123046,0.00012016296386700001,0.000123977661132,0.000123023986816,0.508384259259259,0.508385802469135,1.5432098765432092e-06
1426458770280,142645877028,0,0,70609325068,1.0,"""[0",0.0,0.0,0.0,0.0,0.0,0.0,0.0,0.0,0.0," 0]""",0.000140190124511,9.5367431640625e-06,0.0,0.0,0.000804901123046,1.2397766113281252e-05,2.1934509277343753e-05,2.0980834960937503e-05,0.508532021604938,0.508533950617283,1.929012345679012e-06
1426458770280,142645877028,0,0,70609325068,1.0,"""[0",0.0,0.0,0.0,0.0,0.0,0.0,0.0,0.0,0.0,"0]""",0.0,0.0,0.0,0.0,0.000804901123046,2.7656555175781253e-05,3.528594970703125e-05,3.528594970703125e-05,0.508336033950617,0.5083364197530861,3.858024691358024e-07
1426458770280,142645877028,0,0,70609325068,1.0,"""[0",0.0,0.0,0.0,0.0,0.0,0.0,0.0,0.0,0.0," 0]""",0.0,0.0,0.0,0.0,0.000804901123046,0.000155448913574,0.00014591217041000002,0.00014591217041000002,0.508186342592592,0.50818711419753,7.716049382716048e-07
1426458770280,142645877028,0,0,70609325068,1.0,"""[0",0.0,0.0,0.0,0.0,8.58306884765625e-06,1.71661376953125e-05,1.71661376953125e-05,1.71661376953125e-05,1.71661376953125e-05," 1.71661376953125e-05]""",0.0,0.0,0.0,0.0,0.000804901123046,0.0,9.5367431640625e-07,9.5367431640625e-07,0.5084830246913581,0.5084834104938271,3.858024691358024e-07
1426458770280,142645877028,0,0,70609325068,1.0,"""[4.768371582031251e-05",6.389617919921875e-05,8.392333984375001e-05,9.918212890625001e-05,0.000113487243652,0.000127792358398,0.000152587890625,0.00018501281738200003,0.000231742858886,0.000568389892578," 0.003620147705078]""",0.003662109375,0.000341415405273,0.0,0.0,0.000804901123046,0.00011825561523400002,0.000555992126464,0.000520706176757,0.5085331790123451,0.5085648148148141,3.16358024691358e-05
1426458770280,142645877028,0,0,70609325068,1.0,"""[0",0.0,0.0,0.0,0.0,0.0,0.0,0.0,0.0,0.0," 0]""",0.0,0.0,0.0,0.0,0.000804901123046,0.0,9.5367431640625e-07,9.5367431640625e-07,0.508582175925925,0.508582561728395,3.858024691358024e-07
1426458770280,142645877028,0,0,70609325068,1.0,"""[9.059906005859376e-05",9.822845458984376e-05,0.000107765197753,0.00011730194091700002,0.000125885009765,0.00013828277587800002,0.00015640258789,0.00017356872558500002,0.00021457672119100003,0.000246047973632," 0.00039386749267500003]""",0.00039386749267500003,0.000153541564941,0.0,0.0,0.000804901123046,0.00012016296386700001,0.000543594360351,0.0005407333374020001,0.508449074074074,0.508480709876543,3.16358024691358e-05
1426458770280,142645877028,0,0,70609325068,1.0,"""[6.103515625e-05",8.773803710937501e-05,0.00010585784912100001,0.000123977661132,0.00014114379882800002,0.00015640258789,0.00017261505126900002,0.000201225280761,0.00023746490478500002,0.00029468536376900005," 0.010711669921875]""",0.010711669921875,0.000336647033691,0.0,0.0,0.000804901123046,3.814697265625e-06,0.000412940979003,0.00039291381835900003,0.508483796296296,0.5085300925925921,4.6296296296296294e-05
1426458770280,142645877028,0,0,70609325068,1.0,"""[7.343292236328125e-05",7.343292236328125e-05,7.343292236328125e-05,7.62939453125e-05,8.20159912109375e-05,0.000154495239257,0.00023746490478500002,0.000255584716796,0.002876281738281,0.002876281738281," 0.002876281738281]""",0.002876281738281,0.000792503356933,0.0,0.0,0.000804901123046,0.00012016296386700001,0.000519752502441,0.00034332275390600004,0.508382716049382,0.508384259259259,1.5432098765432092e-06
1426458770280,142645877028,0,0,70609325068,1.0,"""[0",0.0,0.0,0.0,0.0,0.0,0.0,0.0,0.0,0.0," 0]""",0.0,0.0,0.0,0.0,0.000804901123046,0.00013828277587800002,0.00014686584472600002,0.00014686584472600002,0.5085814043209871,0.508582561728395,1.157407407407407e-06
1426458770280,142645877028,0,0,70609325068,1.0,"""[0",0.0,2.1934509277343753e-05,5.531311035156251e-05,6.580352783203125e-05,7.724761962890625e-05,0.000154495239257,0.00024223327636700001,0.001604080200195,0.0029449462890620004," 0.0029449462890620004]""",0.0029449462890620004,0.000460624694824,0.0,0.0,0.000804901123046,1.52587890625e-05,0.00040626525878900005,0.000140190124511,0.5082337962962961,0.5082364969135801,2.7006172839506168e-06
1426458770280,142645877028,0,0,70609325068,1.0,"""[0",0.0,0.0,0.0,0.0,0.0,0.0,0.0,0.0,0.0,"0]""",0.000124931335449,0.0001220703125,0.0,0.0,0.000804901123046,9.5367431640625e-06,0.00041866302490200006,0.00041866302490200006,0.508332947530864,0.5083333333333331,3.858024691358024e-07
1426458770280,142645877028,0,0,70609325068,1.0,"""[0",0.0,0.0,0.0,0.0,0.0,0.0,0.0,0.0,0.0," 0]""",0.0,0.0,0.0,0.0,0.000804901123046,0.0,9.5367431640625e-07,9.5367431640625e-07,0.508631172839506,0.5086315586419751,3.858024691358024e-07
1426458770280,142645877028,0,0,70609325068,1.0,"""[9.346008300781251e-05",9.918212890625001e-05,0.000106811523437,0.000114440917968,0.0001220703125,0.000129699707031,0.000144958496093,0.00016212463378900002,0.00018787384033200002,0.00023269653320300002," 0.000256538391113]""",0.00046634674072200004,0.00014591217041000002,0.0,0.0,0.000804901123046,0.0001220703125,0.0005578994750970001,0.000554084777832,0.5085648148148141,0.508579475308642,1.4660493827160491e-05
1426458770280,142645877028,0,0,70609325068,1.0,"""[0",9.632110595703126e-05,0.000110626220703,0.000124931335449,0.00014209747314400002,0.00016307830810500002,0.00018405914306600003,0.000205039978027,0.00023460388183500002,0.000336647033691," 0.008682250976562]""",0.008682250976562,0.00040626525878900005,0.0,0.0,0.000804901123046,0.000109672546386,0.000517845153808,0.000494003295898,0.5086315586419751,0.508677854938271,4.6296296296296294e-05
1426458770280,142645877028,0,0,70609325068,1.0,"""[0",0.0,2.1934509277343753e-05,6.580352783203125e-05,0.00013160705566400002,0.00019836425781200002,0.00028610229492100005,0.00037384033203100004,0.0015563964843750002,0.002716064453125," 0.002716064453125]""",0.002716064453125,0.000689506530761,0.0,0.0,0.000804901123046,0.00013732910156200002,0.0005407333374020001,0.000297546386718,0.508480709876543,0.508482638888888,1.929012345679012e-06
1426458770280,142645877028,0,0,70609325068,1.0,"""[0",0.0,0.0,0.0,0.0,6.67572021484375e-06,1.3351440429687502e-05,1.3351440429687502e-05,1.3351440429687502e-05,1.3351440429687502e-05," 1.3351440429687502e-05]""",0.0,0.0,0.0,0.0,0.000804901123046,0.0,9.5367431640625e-07,9.5367431640625e-07,0.5081867283950611,0.5081875,7.716049382716048e-07
1426458770280,142645877028,0,0,70609325068,1.0,"""[0",0.0,0.0,0.0,0.0,0.0,0.0,0.0,0.0,0.0," 0]""",0.0,0.0,0.0,0.0,0.000804901123046,0.0,9.5367431640625e-07,9.5367431640625e-07,0.508137731481481,0.5081381172839501,3.858024691358024e-07
1426458770280,142645877028,0,0,70609325068,1.0,"""[0",0.0,2.1934509277343753e-05,6.580352783203125e-05,0.00017642974853500002,0.00028610229492100005,0.001033782958984,0.0017833709716790001,0.001840591430664,0.0018749237060540001," 0.0018749237060540001]""",0.0018787384033200002,0.0008249282836910001,0.0,0.0,0.000804901123046,0.000155448913574,0.0005407333374020001,0.000299453735351,0.508184413580246,0.508186342592592,1.929012345679012e-06
1426458770280,142645877028,0,0,70609325068,1.0,"""[9.536743164062501e-05",0.00010013580322200001,0.000106811523437,0.000113487243652,0.00012016296386700001,0.000126838684082,0.00014114379882800002,0.00017166137695300002,0.00020217895507800002,0.000226020812988," 0.00023555755615200003]""",0.00023555755615200003,0.00014781951904200002,0.0,0.0,0.000804901123046,5.7220458984375e-06,0.00040626525878900005,0.000403404235839,0.508217592592592,0.5082337962962961,1.62037037037037e-05
1426458770280,142645877028,0,0,70609325068,1.0,"""[0",0.0,0.0,0.0,0.0,0.0,0.0,0.0,0.0,0.0," 0]""",0.00043773651123000005,0.000109672546386,0.0,0.0,0.000804901123046,2.002716064453125e-05,2.9563903808593753e-05,2.9563903808593753e-05,0.5084332561728391,0.5084347993827161,1.5432098765432092e-06
1426458770280,142645877028,0,0,70609325068,1.0,"""[0",0.0,0.0,0.0,0.0,0.0,0.0,0.0,0.0,0.0," 0]""",0.0,0.0,0.0,0.0,0.000804901123046,0.00013732910156200002,0.000144958496093,0.000144004821777,0.508482638888888,0.508483796296296,1.157407407407407e-06
1426458770280,142645877028,0,0,70609325068,1.0,"""[0",0.0,0.0,0.0,0.0,0.0,0.0,0.0,0.0,0.0," 0]""",0.0,0.0,0.0,0.0,0.000804901123046,0.0,9.5367431640625e-07,9.5367431640625e-07,0.508236882716049,0.508237268518518,3.858024691358024e-07
1426458770280,142645877028,0,0,70609325068,1.0,"""[0",0.0,0.0,0.0,0.0,0.0,0.0,0.0,0.0,0.0," 0]""",0.0,0.0,0.0,0.0,0.000804901123046,0.0,9.5367431640625e-07,9.5367431640625e-07,0.5082862654320981,0.5082866512345681,3.858024691358024e-07
1426458770280,142645877028,0,0,70609325068,0.9916666746139521,"""[4.959106445312501e-05",8.0108642578125e-05,9.822845458984376e-05,0.000111579895019,0.000124931335449,0.00014209747314400002,0.00016689300537100002,0.000196456909179,0.00023460388183500002,0.000336647033691," 0.008895874023437]""",0.0089111328125,0.00033473968505800004,0.0,0.0,0.000804901123046,5.7220458984375e-06,0.000411987304687,0.00039577484130800004,0.508385416666666,0.5084317129629631,4.6296296296296294e-05
1426458770280,142645877028,0,0,70609325068,1.0,"""[0",0.0,0.0,0.0,0.0,0.0,0.0,0.0,0.0,0.0," 0]""",0.000350952148437,0.00011730194091700002,0.0,0.0,0.000804901123046,0.0001220703125,0.00013256072998000002,0.00013160705566400002,0.508679398148148,0.508680555555555,1.157407407407407e-06
1426458770280,142645877028,0,0,70609325068,1.0,"""[4.577636718750001e-05",5.817413330078126e-05,7.343292236328125e-05,9.059906005859376e-05,0.000114440917968,0.00014305114746000002,0.00018787384033200002,0.000277519226074,0.0008544921875,0.001857757568359," 0.006553649902343001]""",0.006553649902343001,0.000609397888183,0.0,0.0,0.000804901123046,0.000112533569335,0.000536918640136,0.00047016143798800006,0.508434413580246,0.508449074074074,1.4660493827160491e-05
1426458770280,142645877028,0,0,70609325068,1.0,"""[1.9073486328125e-06",1.9073486328125e-06,1.9073486328125e-06,1.9073486328125e-06,1.9073486328125e-06,1.9073486328125e-06,1.9073486328125e-06,1.9073486328125e-06,1.9073486328125e-06,1.9073486328125e-06," 1.9073486328125e-06]""",0.0,0.0,0.0,0.0,0.000804901123046,0.00013732910156200002,0.000144004821777,0.000144004821777,0.508483796296296,0.508484182098765,3.858024691358024e-07
1426458770280,142645877028,0,0,70609325068,1.0,"""[0",0.0,0.0,0.0,0.0,0.0,0.0,0.0,0.0,0.0," 0]""",0.000258445739746,6.4849853515625e-05,0.0,0.0,0.000804901123046,1.71661376953125e-05,2.4795532226562503e-05,2.4795532226562503e-05,0.5082364969135801,0.5082380401234561,1.5432098765432092e-06
1426458770280,142645877028,0,0,70609325068,1.0,"""[0",0.0,0.0,0.0,0.0,0.0,0.0,0.0,0.0,0.0," 0]""",0.0,0.0,0.0,0.0,0.000804901123046,0.0,9.5367431640625e-07,9.5367431640625e-07,0.5083850308641971,0.508385416666666,3.858024691358024e-07
1426458770280,142645877028,0,0,70609325068,1.0,"""[0",0.0,0.0,0.0,0.0,0.0,0.0,0.0,0.0,0.0," 0]""",0.0,0.0,0.0,0.0,0.000804901123046,0.0,9.5367431640625e-07,9.5367431640625e-07,0.508532793209876,0.5085331790123451,3.858024691358024e-07
1426458770280,142645877028,0,0,70609325068,1.0,"""[5.817413330078126e-05",9.059906005859376e-05,0.000106811523437,0.000123023986816,0.00013828277587800002,0.000152587890625,0.000165939331054,0.00019359588623000002,0.00024032592773400003,0.000288963317871," 0.006187438964843001]""",0.011398315429687,0.00036525726318300004,0.0,0.0,0.000804901123046,0.00010871887207,0.0005111694335930001,0.00048732757568300004,0.508336033950617,0.508382716049382,4.668209876543209e-05
1426458770280,142645877028,0,0,70609325068,1.0,"""[0",0.0,0.0,0.00014114379882800002,0.00015830993652300002,0.00024223327636700001,0.00032615661621000004,0.00034332275390600004,0.002815246582031,0.002815246582031," 0.002815246582031]""",0.002815246582031,0.0007772445678710001,0.0,0.0,0.000804901123046,0.00012016296386700001,0.000516891479492,0.00029563903808500004,0.508677854938271,0.508679398148148,1.5432098765432092e-06
1426458770280,142645877028,0,0,70609325068,1.0,"""[5.817413330078126e-05",9.250640869140626e-05,0.00010204315185500001,0.000112533569335,0.0001220703125,0.00013160705566400002,0.00015830993652300002,0.000185966491699,0.00021457672119100003,0.000288009643554," 0.00885009765625]""",0.008834838867187,0.00033473968505800004,0.0,0.0,0.000804901123046,8.58306884765625e-06,0.00041961669921800006,0.00039863586425700005,0.5082866512345681,0.508332947530864,4.6296296296296294e-05
1426458770280,142645877028,0,0,70609325068,1.0,"""[4.959106445312501e-05",7.915496826171875e-05,9.727478027343751e-05,0.000110626220703,0.000123023986816,0.00013732910156200002,0.00015640258789,0.000174522399902,0.00021457672119100003,0.000289916992187," 0.00885009765625]""",0.00885009765625,0.000430107116699,0.0,0.0,0.000804901123046,4.76837158203125e-06,0.00041866302490200006,0.00039386749267500003,0.508582561728395,0.508628858024691,4.6296296296296294e-05
1426458770280,142645877028,0,0,70609325068,1.0,"""[0",0.0,0.0,0.0,0.0,0.0,0.0,0.0,0.0,0.0,"0]""",0.0,0.0,0.0,0.0,0.000804901123046,0.0,9.5367431640625e-07,9.5367431640625e-07,0.5084834104938271,0.508483796296296,3.858024691358024e-07
1426458770280,142645877028,0,0,70609325068,1.0,"""[0",0.0,0.0,0.0,0.0,0.0,0.0,0.0,0.0,0.0," 0]""",0.0,0.0,0.0,0.0,0.000804901123046,0.00013732910156200002,0.00014591217041000002,0.00014591217041000002,0.50828549382716,0.5082862654320981,7.716049382716048e-07
1426458770280,142645877028,0,0,70609325068,1.0,"""[0",0.0,2.1934509277343753e-05,6.580352783203125e-05,0.000109672546386,0.000154495239257,0.00022029876708900002,0.00028610229492100005,0.0016002655029290001,0.002891540527343," 0.002891540527343]""",0.002918243408203,0.000707626342773,0.0,0.0,0.000804901123046,0.00013732910156200002,0.0005340576171870001,0.000296592712402,0.5082835648148141,0.50828549382716,1.929012345679012e-06
