UniqJobId,collection_id,instance_index,priority,machine_id,sample_rate,cpu_usage_distribution1,cpu_usage_distribution2,cpu_usage_distribution3,cpu_usage_distribution4,cpu_usage_distribution5,cpu_usage_distribution6,cpu_usage_distribution7,cpu_usage_distribution8,cpu_usage_distribution9,cpu_usage_distribution10,cpu_usage_distribution11,max_cpu,avg_cpu,cycles_per_instruction,memory_accesses_per_instruction,assigned_memory,page_cache_memory,max_memory,avg_memory,start_time,end_time,time_window
1494131386830,149413138683,0,0,1578989065,1.0,"""[1.0490417480468752e-05",2.3841857910156253e-05,7.915496826171875e-05,0.000933647155761,0.0018749237060540001,0.0032806396484370004,0.004791259765625,0.005355834960937,0.005477905273437,0.006195068359375001," 0.006217956542968001]""",0.0062255859375,0.0039024353027340003,0.0,0.0,0.0009622573852530001,0.000148773193359,0.000791549682617,0.000638961791992,0.506235339506172,0.506238425925925,3.0864197530864187e-06
1494131386830,149413138683,0,0,20967707,1.0,"""[0",2.6702880859375003e-05,0.000493049621582,0.001003265380859,0.0028800964355460003,0.0035667419433590003,0.005043029785156,0.005386352539062,0.005531311035156,0.006790161132812," 0.006866455078125001]""",0.0111083984375,0.00302505493164,0.0,0.0,0.0009622573852530001,0.00015735626220700002,0.0007715225219720001,0.000569343566894,0.505270447530864,0.505273148148148,2.7006172839506168e-06
1494131386830,149413138683,0,0,198556190123,1.0,"""[3.0517578125e-05",0.00010585784912100001,0.000299453735351,0.001638412475585,0.002490997314453,0.003192901611328,0.004859924316406,0.004920959472656,0.005302429199218001,0.005867004394531," 0.006698608398437]""",0.005409240722656,0.001773834228515,0.0,0.0,0.0009622573852530001,0.00014591217041000002,0.000800132751464,0.000590324401855,0.500359567901234,0.5003618827160491,2.314814814814814e-06
1494131386830,149413138683,0,0,198556190123,1.0,"""[0",0.0,0.0,0.0,0.0,0.0,0.0,0.0,0.0,0.0," 0]""",0.000430107116699,0.000126838684082,0.0,0.0,0.0009622573852530001,0.00018405914306600003,0.00030326843261700004,0.00030231475830000003,0.506417052469135,0.506417824074074,7.716049382716048e-07
1494131386830,149413138683,0,0,1713257708,1.0,"""[0",0.00014114379882800002,0.00045776367187500005,0.0009069442749020001,0.0016193389892570002,0.002510070800781,0.003532409667968,0.004066467285156,0.004631042480468001,0.005355834960937," 0.005683898925781]""",0.005683898925781,0.002693176269531,0.0,0.0,0.0009622573852530001,0.00015163421630800001,0.000757217407226,0.0005636215209960001,0.50706674382716,0.5070717592592591,5.015432098765432e-06
1494131386830,149413138683,0,0,21393415,1.0,"""[0",0.0,0.0,0.0,0.0,9.5367431640625e-07,9.5367431640625e-07,9.5367431640625e-07,9.5367431640625e-07,9.5367431640625e-07," 9.5367431640625e-07]""",0.001224517822265,2.002716064453125e-05,0.0,0.0,0.0009622573852530001,0.0001802444458,0.000268936157226,0.000255584716796,0.507010030864197,0.507011574074074,1.5432098765432092e-06
1494131386830,149413138683,0,0,382797076623,1.0,"""[0",0.0,0.0,0.0,0.0,0.0,9.5367431640625e-07,9.5367431640625e-07,9.5367431640625e-07,9.5367431640625e-07," 9.5367431640625e-07]""",0.0009355545043940001,0.0,0.0,0.0,0.0009622573852530001,0.00018310546875,0.000298500061035,0.00028228759765600004,0.5018445216049381,0.5018460648148141,1.5432098765432092e-06
1494131386830,149413138683,0,0,311203837347,1.0,"""[0",2.1934509277343753e-05,0.000154495239257,0.001079559326171,0.0013427734375,0.001430511474609,0.002399444580078,0.004867553710937,0.00506591796875,0.005500793457031," 0.005859375]""",0.005661010742187,0.0021781921386710003,0.0,0.0,0.0009622573852530001,0.00014686584472600002,0.0008392333984370001,0.000611305236816,0.502801311728395,0.5028036265432091,2.314814814814814e-06
1494131386830,149413138683,0,0,57549112366,1.0,"""[0",0.0,0.0,0.0,0.0,0.0,0.0,0.0,0.0,0.0," 0]""",0.00036525726318300004,3.62396240234375e-05,0.0,0.0,0.0009622573852530001,0.000179290771484,0.00026798248291,0.00026512145996000004,0.505032021604938,0.5050354938271601,3.4722222222222215e-06
1494131386830,149413138683,0,0,21394550,1.0,"""[0",0.0,0.0,0.0,9.5367431640625e-07,9.5367431640625e-07,9.5367431640625e-07,1.9073486328125e-06,1.9073486328125e-06,1.9073486328125e-06," 1.9073486328125e-06]""",0.001338958740234,0.0,0.0,0.0,0.0009622573852530001,0.00018119812011700001,0.00026321411132800005,0.000245094299316,0.5048506944444441,0.5048522376543211,1.5432098765432092e-06
1494131386830,149413138683,0,0,21284324,1.0,"""[0",0.0,0.0,0.0,0.0,9.5367431640625e-07,9.5367431640625e-07,9.5367431640625e-07,9.5367431640625e-07,9.5367431640625e-07," 9.5367431640625e-07]""",0.0013427734375,0.0,0.0,0.0,0.0009622573852530001,0.0001802444458,0.00026512145996000004,0.00025177001953100004,0.5001790123456791,0.500180169753086,1.157407407407407e-06
1494131386830,149413138683,0,0,2059474546,1.0,"""[4.577636718750001e-05",0.00020217895507800002,0.0009765625,0.001047134399414,0.0015583038330070002,0.003852844238281,0.00445556640625,0.005035400390625,0.005615234375,0.006790161132812," 0.006866455078125001]""",0.006828308105468001,0.0030326843261710003,0.0,0.0,0.0009622573852530001,0.00014305114746000002,0.0007658004760740001,0.0005331039428710001,0.5029826388888881,0.502985725308641,3.0864197530864187e-06
1494131386830,149413138683,0,0,21205046,1.0,"""[0",0.0,0.0,0.0,0.0,0.0,9.5367431640625e-07,9.5367431640625e-07,9.5367431640625e-07,9.5367431640625e-07," 9.5367431640625e-07]""",0.001047134399414,0.0,0.0,0.0,0.0009622573852530001,0.00018405914306600003,0.000279426574707,0.000256538391113,0.509001543209876,0.5090034722222221,1.929012345679012e-06
1494131386830,149413138683,0,0,21218149,1.0,"""[0",0.0,0.0,0.0,0.0,9.5367431640625e-07,9.5367431640625e-07,9.5367431640625e-07,1.9073486328125e-06,1.9073486328125e-06," 1.9073486328125e-06]""",0.0013561248779290001,0.0,0.0,0.0,0.0009622573852530001,0.00019359588623000002,0.00028610229492100005,0.00026416778564400005,0.5066558641975301,0.5066574074074071,1.5432098765432092e-06
1494131386830,149413138683,0,0,19875845169,1.0,"""[0",0.0,0.0,0.0,0.0,0.0,0.0,0.0,0.0,0.0," 0]""",0.000651359558105,8.296966552734376e-05,0.0,0.0,0.0009622573852530001,0.00018119812011700001,0.00026512145996000004,0.00026416778564400005,0.506476080246913,0.5064772376543211,1.157407407407407e-06
1494131386830,149413138683,0,0,22620985,1.0,"""[0",0.0,0.0,0.0,0.0,9.5367431640625e-07,9.5367431640625e-07,9.5367431640625e-07,9.5367431640625e-07,9.5367431640625e-07," 9.5367431640625e-07]""",0.0011749267578120002,9.5367431640625e-07,0.0,0.0,0.0009622573852530001,0.000190734863281,0.000275611877441,0.000256538391113,0.504429398148148,0.504430941358024,1.5432098765432092e-06
1494131386830,149413138683,0,0,21393415,1.0,"""[0",0.0,0.0,0.0,0.0,0.0,0.0,9.5367431640625e-07,9.5367431640625e-07,9.5367431640625e-07," 9.5367431640625e-07]""",0.0006685256958000001,0.0,0.0,0.0,0.0009622573852530001,0.00018310546875,0.000297546386718,0.000285148620605,0.5014891975308641,0.501490354938271,1.157407407407407e-06
1494131386830,149413138683,0,0,20967707,1.0,"""[0",0.0,0.0,0.0,0.0,0.0,0.0,0.0,0.0,0.0," 0]""",0.00026512145996000004,7.152557373046875e-05,0.0,0.0,0.0009622573852530001,0.000185966491699,0.00027084350585900003,0.00027084350585900003,0.505273148148148,0.5052743055555551,1.157407407407407e-06
1494131386830,149413138683,0,0,21394550,1.0,"""[7.62939453125e-06",2.1934509277343753e-05,7.915496826171875e-05,0.000580787658691,0.000775337219238,0.003192901611328,0.00345230102539,0.004737854003906,0.005905151367187,0.005966186523437," 0.006027221679687]""",0.005966186523437,0.0025177001953120004,0.0,0.0,0.0009622573852530001,0.00015068054199200001,0.000761985778808,0.0006103515625,0.5009567901234561,0.500959104938271,2.314814814814814e-06
1494131386830,149413138683,0,0,21378227,1.0,"""[0",3.0517578125e-05,0.00019359588623000002,0.0007524490356440001,0.001399993896484,0.002445220947265,0.002799987792968,0.004219055175781,0.005424499511718001,0.005752563476562," 0.006088256835937]""",0.005302429199218001,0.0010509490966790001,0.0,0.0,0.0009622573852530001,0.000144004821777,0.0007791519165030001,0.000430107116699,0.505757330246913,0.505760416666666,3.0864197530864187e-06
1494131386830,149413138683,0,0,311203837347,1.0,"""[0",0.0,0.0,0.0,0.0,0.0,9.5367431640625e-07,9.5367431640625e-07,9.5367431640625e-07,9.5367431640625e-07," 9.5367431640625e-07]""",0.0010433197021480001,0.0,0.0,0.0,0.0009622573852530001,0.00020408630371000002,0.00032234191894500003,0.000310897827148,0.502804783950617,0.502805941358024,1.157407407407407e-06
1494131386830,149413138683,0,0,21218149,1.0,"""[0",0.0,0.0,0.0,0.0,0.0,0.0,0.0,0.0,0.0," 0]""",0.000299453735351,7.534027099609375e-05,0.0,0.0,0.0009622573852530001,0.00019359588623000002,0.000288963317871,0.000288009643554,0.5066543209876541,0.5066558641975301,1.5432098765432092e-06
1494131386830,149413138683,0,0,21393415,1.0,"""[1.52587890625e-05",0.000114440917968,0.0008010864257810001,0.001003265380859,0.00274658203125,0.00347900390625,0.0038108825683590003,0.004684448242187,0.004913330078125,0.005584716796875001," 0.005683898925781]""",0.005706787109375001,0.0034332275390620004,0.0,0.0,0.0009622573852530001,0.00013351440429600002,0.0007896423339840001,0.000650405883789,0.5070050154320981,0.5070096450617281,4.629629629629629e-06
1494131386830,149413138683,0,0,2059474546,1.0,"""[0",0.0,0.0,0.0,0.0,0.0,9.5367431640625e-07,9.5367431640625e-07,9.5367431640625e-07,9.5367431640625e-07," 9.5367431640625e-07]""",0.001420974731445,0.0,0.0,0.0,0.0009622573852530001,0.00018310546875,0.00026798248291,0.00022792816162100002,0.502987268518518,0.502988811728395,1.5432098765432092e-06
1494131386830,149413138683,0,0,21393415,1.0,"""[0",0.0,0.0,0.0,0.0,3.910064697265625e-05,7.82012939453125e-05,7.82012939453125e-05,7.82012939453125e-05,7.82012939453125e-05," 7.82012939453125e-05]""",0.0007162094116210001,0.000125885009765,0.0,0.0,0.0009622573852530001,0.0001802444458,0.00027084350585900003,0.00027084350585900003,0.5070096450617281,0.507010030864197,3.858024691358024e-07
1494131386830,149413138683,0,0,21394550,1.0,"""[0",2.002716064453125e-05,0.000123023986816,0.000955581665039,0.00130271911621,0.001651763916015,0.004241943359375,0.005043029785156,0.005477905273437,0.006172180175781," 0.006431579589843001]""",0.00640869140625,0.0020408630371090003,0.0,0.0,0.0009622573852530001,0.00014209747314400002,0.00080394744873,0.000579833984375,0.508145061728395,0.508148533950617,3.4722222222222215e-06
1494131386830,149413138683,0,0,1713257708,1.0,"""[0",0.0,0.0,0.0,0.0,0.0,9.5367431640625e-07,9.5367431640625e-07,9.5367431640625e-07,9.5367431640625e-07," 9.5367431640625e-07]""",0.001415252685546,0.0,0.0,0.0,0.0009622573852530001,0.00018501281738200003,0.00026798248291,0.000247955322265,0.507072530864197,0.507074074074074,1.5432098765432092e-06
1494131386830,149413138683,0,0,21378227,1.0,"""[0",0.0,0.0,0.0,0.0,9.5367431640625e-07,9.5367431640625e-07,1.9073486328125e-06,1.9073486328125e-06,1.9073486328125e-06," 1.9073486328125e-06]""",0.001153945922851,0.0,0.0,0.0,0.0009622573852530001,0.00018119812011700001,0.000260353088378,0.00025272369384700004,0.5057615740740741,0.5057631172839501,1.5432098765432092e-06
1494131386830,149413138683,0,0,21393415,1.0,"""[2.9563903808593753e-05",0.00010108947753900001,0.00020217895507800002,0.0008325576782220001,0.001991271972656,0.0029258728027340003,0.004562377929687,0.004852294921875,0.005142211914062,0.00543212890625," 0.005538940429687]""",0.004768371582031,3.24249267578125e-05,0.0,0.0,0.0009622573852530001,0.00015163421630800001,0.0008268356323240001,0.000473022460937,0.5014861111111111,0.5014876543209871,1.5432098765432092e-06
1494131386830,149413138683,0,0,22620985,1.0,"""[0",2.1934509277343753e-05,0.000462532043457,0.0008583068847650001,0.0015850067138670001,0.0025749206542960003,0.004096984863281,0.004447937011718001,0.004669189453125,0.004890441894531," 0.005363464355468001]""",0.005416870117187,0.002937316894531,0.0,0.0,0.0009622573852530001,0.000139236450195,0.0007905960083000001,0.00053596496582,0.5044239969135801,0.5044286265432091,4.629629629629629e-06
1494131386830,149413138683,0,0,21394550,1.0,"""[0",0.0,0.0,0.0,0.0,0.0,9.5367431640625e-07,9.5367431640625e-07,9.5367431640625e-07,9.5367431640625e-07," 9.5367431640625e-07]""",0.0012435913085930002,0.0,0.0,0.0,0.0009622573852530001,0.00018882751464800002,0.00027179718017500003,0.00025272369384700004,0.508150077160493,0.5081516203703701,1.5432098765432092e-06
1494131386830,149413138683,0,0,57549112366,1.0,"""[0",0.0,0.0,0.0,0.0,9.5367431640625e-07,9.5367431640625e-07,9.5367431640625e-07,9.5367431640625e-07,9.5367431640625e-07," 9.5367431640625e-07]""",0.001186370849609,0.0,0.0,0.0,0.0009622573852530001,0.000179290771484,0.00026321411132800005,0.000247955322265,0.5050354938271601,0.5050366512345671,1.157407407407407e-06
1494131386830,149413138683,0,0,311203837347,1.0,"""[0",0.0,0.0,0.0,0.0,0.0,0.0,0.0,0.0,0.0," 0]""",0.00029182434082000003,6.008148193359376e-05,0.0,0.0,0.0009622573852530001,0.00020408630371000002,0.00032329559326100003,0.00032329559326100003,0.5028036265432091,0.502804783950617,1.157407407407407e-06
1494131386830,149413138683,0,0,21394550,1.0,"""[0",0.0,0.0,0.0,0.0,0.0,0.0,0.0,0.0,0.0," 0]""",0.000372886657714,4.100799560546875e-05,0.0,0.0,0.0009622573852530001,0.00018882751464800002,0.00027275085449200004,0.00027084350585900003,0.508148533950617,0.508150077160493,1.5432098765432092e-06
1494131386830,149413138683,0,0,21394550,1.0,"""[0",0.0,0.0,0.0,9.5367431640625e-07,9.5367431640625e-07,9.5367431640625e-07,1.9073486328125e-06,1.9073486328125e-06,1.9073486328125e-06," 1.9073486328125e-06]""",0.0006322860717770001,0.0,0.0,0.0,0.0009622573852530001,0.00018310546875,0.00026226043701100003,0.00024127960205000003,0.5009598765432091,0.500961805555555,1.929012345679012e-06
1494131386830,149413138683,0,0,21394550,1.0,"""[0",0.0,0.0,0.0,0.0,0.0,0.0,0.0,0.0,0.0," 0]""",0.000290870666503,8.0108642578125e-05,0.0,0.0,0.0009622573852530001,0.00018310546875,0.00026226043701100003,0.00026226043701100003,0.500959104938271,0.5009598765432091,7.716049382716048e-07
1494131386830,149413138683,0,0,1578989065,1.0,"""[2.3841857910156253e-05",3.4332275390625e-05,0.000154495239257,0.00028610229492100005,0.000726699829101,0.002445220947265,0.004295349121093001,0.005500793457031,0.005851745605468001,0.006141662597656," 0.006629943847656]""",0.005691528320312,0.001008987426757,0.0,0.0,0.0009622573852530001,0.000153541564941,0.000743865966796,0.00044822692871000004,0.503041666666666,0.503043981481481,2.314814814814814e-06
1494131386830,149413138683,0,0,21218149,1.0,"""[1.2397766113281252e-05",7.915496826171875e-05,0.00020217895507800002,0.0014266967773430002,0.002079010009765,0.002861022949218,0.004562377929687,0.005073547363281,0.005165100097656,0.005828857421875001," 0.006599426269531]""",0.006599426269531,0.00320816040039,0.0,0.0,0.0009622573852530001,0.00015068054199200001,0.0008211135864250001,0.0004920959472650001,0.506647762345679,0.5066543209876541,6.558641975308642e-06
1494131386830,149413138683,0,0,21205046,1.0,"""[0",0.0,0.0,0.0,0.0,0.0,0.0,0.0,0.0,0.0," 0]""",0.00026798248291,4.196166992187501e-05,0.0,0.0,0.0009622573852530001,0.00018405914306600003,0.00028324127197200004,0.000281333923339,0.5089992283950611,0.509001543209876,2.314814814814814e-06
1494131386830,149413138683,0,0,21284324,1.0,"""[0",0.0,0.0,0.0,0.0,0.0,0.0,0.0,0.0,0.0," 0]""",0.00027370452880800004,9.155273437500001e-05,0.0,0.0,0.0009622573852530001,0.0001802444458,0.00026321411132800005,0.00026321411132800005,0.500177854938271,0.5001790123456791,1.157407407407407e-06
1494131386830,149413138683,0,0,198556190123,1.0,"""[0",0.0,0.0,0.0,0.0,0.0,9.5367431640625e-07,9.5367431640625e-07,9.5367431640625e-07,9.5367431640625e-07," 9.5367431640625e-07]""",0.000680923461914,0.0,0.0,0.0,0.0009622573852530001,0.00018215179443300001,0.00032901763916,0.00031661987304600005,0.5003634259259261,0.500364583333333,1.157407407407407e-06
1494131386830,149413138683,0,0,19875845169,1.0,"""[0",0.0,0.0,0.0,9.5367431640625e-07,9.5367431640625e-07,9.5367431640625e-07,1.9073486328125e-06,1.9073486328125e-06,1.9073486328125e-06," 1.9073486328125e-06]""",0.001331329345703,9.5367431640625e-07,0.0,0.0,0.0009622573852530001,0.00018119812011700001,0.00026416778564400005,0.00025272369384700004,0.5064772376543211,0.5064787808641971,1.5432098765432092e-06
1494131386830,149413138683,0,0,1578989065,1.0,"""[0",0.0,0.0,0.0,0.0,0.0,0.0,0.0,0.0,0.0," 0]""",0.00026321411132800005,0.00010490417480400001,0.0,0.0,0.0009622573852530001,0.0001802444458,0.000257492065429,0.000257492065429,0.503043981481481,0.503044753086419,7.716049382716048e-07
1494131386830,149413138683,0,0,1713257708,1.0,"""[0",0.0,0.0,0.0,0.0,0.0,0.0,0.0,0.0,0.0," 0]""",0.00041770935058500004,0.00010490417480400001,0.0,0.0,0.0009622573852530001,0.000191688537597,0.00030231475830000003,0.00030231475830000003,0.502686728395061,0.502688271604938,1.5432098765432092e-06
1494131386830,149413138683,0,0,21400972,1.0,"""[0",0.0,0.0,0.0,0.0,0.0,0.0,0.0,0.0,0.0," 0]""",0.0007181167602530001,8.869171142578126e-05,0.0,0.0,0.0009622573852530001,0.00018215179443300001,0.00032329559326100003,0.000288963317871,0.5061157407407401,0.5061168981481481,1.157407407407407e-06
1494131386830,149413138683,0,0,198556190123,1.0,"""[0",0.0,0.0,0.0,0.0,9.5367431640625e-07,9.5367431640625e-07,9.5367431640625e-07,9.5367431640625e-07,9.5367431640625e-07," 9.5367431640625e-07]""",0.001190185546875,0.0,0.0,0.0,0.0009622573852530001,0.00018405914306600003,0.00030136108398400003,0.000281333923339,0.506417824074074,0.5064193672839501,1.5432098765432092e-06
1494131386830,149413138683,0,0,21284324,1.0,"""[0",3.0517578125e-05,0.00010585784912100001,0.0007524490356440001,0.001003265380859,0.004295349121093001,0.005470275878906,0.005546569824218001,0.006126403808593001,0.006904602050781," 0.007965087890625]""",0.006927490234375001,0.0033531188964840003,0.0,0.0,0.0009622573852530001,0.000144004821777,0.000761032104492,0.0005989074707030001,0.5001743827160491,0.500177854938271,3.4722222222222215e-06
1494131386830,149413138683,0,0,2059474546,1.0,"""[0",0.0,0.0,0.0,0.0,0.0,0.0,0.0,0.0,0.0," 0]""",0.00048637390136700004,0.000114440917968,0.0,0.0,0.0009622573852530001,0.00018310546875,0.000269889831542,0.000268936157226,0.502985725308641,0.502987268518518,1.5432098765432092e-06
1494131386830,149413138683,0,0,198556190123,1.0,"""[0",0.0,0.0,4.76837158203125e-06,1.3351440429687502e-05,2.1934509277343753e-05,3.0517578125e-05,4.00543212890625e-05,0.00023841857910100002,0.00023841857910100002," 0.00023841857910100002]""",0.00032329559326100003,6.008148193359376e-05,0.0,0.0,0.0009622573852530001,0.00018215179443300001,0.00033187866210900003,0.000330924987792,0.5003618827160491,0.5003634259259261,1.5432098765432092e-06
1494131386830,149413138683,0,0,57549112366,1.0,"""[7.62939453125e-06",2.7656555175781253e-05,0.00044918060302700006,0.00217056274414,0.0023956298828120004,0.003105163574218,0.00372314453125,0.00390625,0.004737854003906,0.00518798828125," 0.006233215332031]""",0.005256652832031,0.0025787353515620004,0.0,0.0,0.0009622573852530001,0.000155448913574,0.0007963180541990001,0.000645637512207,0.505028163580246,0.505032021604938,3.858024691358024e-06
1494131386830,149413138683,0,0,1578989065,1.0,"""[0",0.0,0.0,0.0,0.0,0.0,0.0,0.0,0.0,0.0," 0]""",0.00027084350585900003,5.626678466796876e-05,0.0,0.0,0.0009622573852530001,0.0001802444458,0.00026321411132800005,0.00026226043701100003,0.506238425925925,0.506239969135802,1.5432098765432092e-06
1494131386830,149413138683,0,0,1578989065,1.0,"""[0",0.0,0.0,0.0,0.0,9.5367431640625e-07,9.5367431640625e-07,1.9073486328125e-06,1.9073486328125e-06,1.9073486328125e-06," 1.9073486328125e-06]""",0.001031875610351,9.5367431640625e-07,0.0,0.0,0.0009622573852530001,0.0001802444458,0.00026130676269500003,0.000250816345214,0.506239969135802,0.5062411265432091,1.157407407407407e-06
1494131386830,149413138683,0,0,382797076623,1.0,"""[4.00543212890625e-05",0.00020694732666000002,0.0010738372802730001,0.002689361572265,0.0029411315917960003,0.0037193298339840003,0.004074096679687,0.004661560058593001,0.004898071289062,0.005393981933593001," 0.005508422851562]""",0.005508422851562,0.003501892089843,0.0,0.0,0.0009622573852530001,0.000161170959472,0.00081729888916,0.000592231750488,0.501837577160493,0.5018433641975301,5.787037037037036e-06
1494131386830,149413138683,0,0,1713257708,1.0,"""[0",0.000107765197753,0.00021171569824200001,0.0006914138793940001,0.000995635986328,0.002399444580078,0.004379272460937,0.004692077636718001,0.005470275878906,0.005645751953125001," 0.005867004394531]""",0.005912780761718001,0.003070831298828,0.0,0.0,0.0009622573852530001,0.000161170959472,0.000791549682617,0.0005950927734370001,0.5026828703703701,0.502686728395061,3.858024691358024e-06
1494131386830,149413138683,0,0,21394550,1.0,"""[0",0.0,0.0,0.0,8.58306884765625e-06,2.1934509277343753e-05,3.528594970703125e-05,4.959106445312501e-05,4.959106445312501e-05,4.959106445312501e-05," 4.959106445312501e-05]""",0.00030136108398400003,0.00013351440429600002,0.0,0.0,0.0009622573852530001,0.00018119812011700001,0.00026512145996000004,0.00026416778564400005,0.504849922839506,0.5048506944444441,7.716049382716048e-07
