UniqJobId,collection_id,instance_index,priority,machine_id,sample_rate,cpu_usage_distribution1,cpu_usage_distribution2,cpu_usage_distribution3,cpu_usage_distribution4,cpu_usage_distribution5,cpu_usage_distribution6,cpu_usage_distribution7,cpu_usage_distribution8,cpu_usage_distribution9,cpu_usage_distribution10,cpu_usage_distribution11,max_cpu,avg_cpu,cycles_per_instruction,memory_accesses_per_instruction,assigned_memory,page_cache_memory,max_memory,avg_memory,start_time,end_time,time_window
1497815976690,149781597669,0,0,1574486030,1.0,"""[5.435943603515626e-05",6.389617919921875e-05,7.343292236328125e-05,8.296966552734376e-05,9.346008300781251e-05,0.00010395050048800001,0.000115394592285,0.000125885009765,0.000144958496093,0.000174522399902," 0.002021789550781]""",0.002021789550781,0.0001220703125,3.364933490753173,0.010339800268411001,0.0,0.0008878707885740001,0.00028324127197200004,0.000258445739746,0.505902777777777,0.5060185185185181,0.00011574074074
1497815976690,149781597669,0,0,1574486030,1.0,"""[5.722045898437501e-05",6.961822509765625e-05,8.296966552734376e-05,9.346008300781251e-05,0.00010204315185500001,0.000110626220703,0.00011920928955000001,0.000127792358398,0.000144958496093,0.00016880035400300002," 0.00068187713623]""",0.000678062438964,0.00011825561523400002,3.281842947006225,0.010893499478697001,0.0,0.0007963180541990001,0.000255584716796,0.000255584716796,0.502083333333333,0.502199074074074,0.00011574074074
1497815976690,149781597669,0,0,1574486030,1.0,"""[5.817413330078126e-05",6.580352783203125e-05,7.343292236328125e-05,8.0108642578125e-05,8.773803710937501e-05,0.00010108947753900001,0.000114440917968,0.000127792358398,0.00015735626220700002,0.00019931793212800002," 0.004051208496093001]""",0.004051208496093001,0.000140190124511,3.420410394668579,0.011142615228891001,0.0,0.0008087158203120001,0.000299453735351,0.000266075134277,0.502199074074074,0.502314814814814,0.00011574074074
1497815976690,149781597669,0,0,1574486030,1.0,"""[5.817413330078126e-05",6.4849853515625e-05,7.05718994140625e-05,7.724761962890625e-05,8.296966552734376e-05,9.250640869140626e-05,0.000109672546386,0.000125885009765,0.00015926361083900002,0.00020790100097600002," 0.008804321289062]""",0.008804321289062,0.000379562377929,3.403043746948242,0.012089971452951001,0.0,0.000890731811523,0.000319480895996,0.000279426574707,0.50636574074074,0.5064814814814811,0.00011574074074
1497815976690,149781597669,0,0,1574486030,1.0,"""[5.722045898437501e-05",9.346008300781251e-05,0.000123023986816,0.00014209747314400002,0.00015640258789,0.000170707702636,0.000185966491699,0.000201225280761,0.00021743774414,0.000247001647949," 0.000741958618164]""",0.00074291229248,0.000175476074218,3.403043746948242,0.012089971452951001,0.0,0.000890731811523,0.00028610229492100005,0.000281333923339,0.5064814814814811,0.506597222222222,0.00011574074074
1497815976690,149781597669,0,0,1574486030,1.0,"""[5.054473876953126e-05",7.343292236328125e-05,9.632110595703126e-05,0.00011730194091700002,0.00013732910156200002,0.000155448913574,0.00017356872558500002,0.000195503234863,0.00021743774414,0.000247955322265," 0.000682830810546]""",0.0005989074707030001,0.000161170959472,3.1460459232330322,0.011898849159479,0.0,0.0008554458618160001,0.000284194946289,0.000280380249023,0.502777777777777,0.502893518518518,0.00011574074074
1497815976690,149781597669,0,0,1574486030,1.0,"""[5.245208740234376e-05",6.29425048828125e-05,7.343292236328125e-05,8.487701416015626e-05,9.632110595703126e-05,0.000109672546386,0.0001220703125,0.00013732910156200002,0.00016403198242100002,0.00019836425781200002," 0.001220703125]""",0.0012130737304680002,0.000126838684082,2.111025094985961,0.005037176888436,0.0,0.000741958618164,0.00030136108398400003,0.000274658203125,0.501273148148148,0.501388888888888,0.00011574074074
1497815976690,149781597669,0,0,1574486030,1.0,"""[5.626678466796876e-05",6.866455078125e-05,8.106231689453125e-05,9.346008300781251e-05,0.00010490417480400001,0.000116348266601,0.000127792358398,0.000144958496093,0.000164985656738,0.000201225280761," 0.006500244140625001]""",0.006500244140625001,0.000149726867675,3.153450012207031,0.006226748228073,0.0,0.0008859634399410001,0.000287055969238,0.00026321411132800005,0.5055555555555551,0.505671296296296,0.00011574074074
1497815976690,149781597669,0,0,1574486030,1.0,"""[6.67572021484375e-05",8.583068847656251e-05,9.632110595703126e-05,0.000106811523437,0.000116348266601,0.000126838684082,0.00013828277587800002,0.000153541564941,0.00016784667968700002,0.000200271606445," 0.0005989074707030001]""",0.0005998611450190001,0.00013637542724600002,3.193628549575805,0.007008162327110001,0.0,0.0008869171142570001,0.000276565551757,0.00026512145996000004,0.5057870370370371,0.505902777777777,0.00011574074074
1497815976690,149781597669,0,0,1574486030,1.0,"""[6.29425048828125e-05",8.678436279296876e-05,9.822845458984376e-05,0.00010871887207,0.00011920928955000001,0.000129699707031,0.00014591217041000002,0.00016212463378900002,0.000185966491699,0.000244140625," 0.000611305236816]""",0.000761032104492,0.00014781951904200002,3.502760171890258,0.010781267657876,0.0,0.000682830810546,0.00026798248291,0.00026130676269500003,0.5001157407407401,0.500231481481481,0.00011574074074
1497815976690,149781597669,0,0,1574486030,1.0,"""[5.912780761718751e-05",8.487701416015626e-05,0.00010585784912100001,0.000124931335449,0.000149726867675,0.00017642974853500002,0.000200271606445,0.00022315979003900002,0.00024032592773400003,0.000257492065429," 0.0007019042968750001]""",0.0007028579711910001,0.00017642974853500002,3.530012607574462,0.010875338688492001,0.0,0.0008773803710930001,0.000277519226074,0.000275611877441,0.504166666666666,0.504282407407407,0.00011574074074
1497815976690,149781597669,0,0,1574486030,1.0,"""[6.008148193359376e-05",8.392333984375001e-05,0.00010585784912100001,0.000126838684082,0.00014209747314400002,0.00015640258789,0.00016975402832,0.000185966491699,0.000205039978027,0.00023078918457," 0.000640869140625]""",0.0007362365722650001,0.00016212463378900002,3.030277013778686,0.00838189292699,0.0,0.0009040832519530001,0.000281333923339,0.000281333923339,0.5083333333333331,0.508449074074074,0.00011574074074
1497815976690,149781597669,0,0,1574486030,1.0,"""[5.245208740234376e-05",6.103515625e-05,6.961822509765625e-05,7.915496826171875e-05,8.773803710937501e-05,0.00010490417480400001,0.0001220703125,0.00014114379882800002,0.000164985656738,0.00019741058349600002," 0.004325866699218001]""",0.004325866699218001,0.000139236450195,3.290303468704223,0.013104464858770001,0.0,0.0007171630859370001,0.000310897827148,0.000285148620605,0.500925925925925,0.501041666666666,0.00011574074074
1497815976690,149781597669,0,0,1574486030,1.0,"""[5.817413330078126e-05",8.392333984375001e-05,9.632110595703126e-05,0.00010490417480400001,0.000114440917968,0.000123977661132,0.000134468078613,0.000148773193359,0.00016307830810500002,0.00018405914306600003," 0.000670433044433]""",0.000670433044433,0.00013637542724600002,3.643457174301147,0.012213421054184001,0.0,0.000883102416992,0.000258445739746,0.000258445739746,0.5050925925925921,0.505208333333333,0.00011574074074
1497815976690,149781597669,0,0,1574486030,1.0,"""[6.4849853515625e-05",7.534027099609375e-05,8.583068847656251e-05,9.536743164062501e-05,0.00010490417480400001,0.000114440917968,0.000123023986816,0.000134468078613,0.00016307830810500002,0.00021553039550700003," 0.004920959472656]""",0.007034301757812,0.00015735626220700002,3.546860218048095,0.012259583920240002,0.0,0.0008935928344720001,0.000338554382324,0.00026512145996000004,0.507060185185185,0.5071759259259261,0.00011574074074
1497815976690,149781597669,0,0,1574486030,1.0,"""[6.29425048828125e-05",0.000107765197753,0.000140190124511,0.000161170959472,0.00018119812011700001,0.00019741058349600002,0.00021362304687500003,0.00023365020751900002,0.00025463104248,0.000306129455566," 0.0007238388061520001]""",0.0007238388061520001,0.00020408630371000002,3.209220170974731,0.011812042444944,0.0,0.0008630752563470001,0.000280380249023,0.000277519226074,0.503472222222222,0.503587962962962,0.00011574074074
1497815976690,149781597669,0,0,1574486030,1.0,"""[6.29425048828125e-05",9.441375732421876e-05,0.00010871887207,0.000123023986816,0.00013637542724600002,0.00014781951904200002,0.000160217285156,0.00017166137695300002,0.000195503234863,0.00023746490478500002," 0.00040626525878900005]""",0.00040626525878900005,0.00015735626220700002,3.544193506240844,0.011394514702260002,0.0,0.0008630752563470001,0.00026512145996000004,0.000260353088378,0.503587962962962,0.503703703703703,0.00011574074074
1497815976690,149781597669,0,0,1574486030,1.0,"""[5.912780761718751e-05",8.20159912109375e-05,0.00010395050048800001,0.000124931335449,0.000153541564941,0.00018215179443300001,0.000200271606445,0.00021934509277300002,0.00024032592773400003,0.00026226043701100003," 0.0007057189941400001]""",0.0007057189941400001,0.00017833709716700002,3.585688591003418,0.011342791840434002,0.0,0.000872611999511,0.00030517578125,0.00030326843261700004,0.503819444444444,0.503935185185185,0.00011574074074
1497815976690,149781597669,0,0,1574486030,1.0,"""[5.149841308593751e-05",6.103515625e-05,7.05718994140625e-05,8.0108642578125e-05,8.964538574218751e-05,9.918212890625001e-05,0.000107765197753,0.00011730194091700002,0.000125885009765,0.000149726867675," 0.00048828124999999995]""",0.000489234924316,0.00010490417480400001,3.479565858840942,0.010991583578288,0.0,0.0008983612060540001,0.000267028808593,0.000260353088378,0.507754629629629,0.5078703703703701,0.00011574074074
1497815976690,149781597669,0,0,1574486030,1.0,"""[5.912780761718751e-05",6.961822509765625e-05,8.106231689453125e-05,9.155273437500001e-05,0.00010013580322200001,0.00010871887207,0.00011730194091700002,0.000126838684082,0.00014114379882800002,0.00016880035400300002," 0.0005331039428710001]""",0.0005331039428710001,0.00011730194091700002,3.281842947006225,0.010893499478697001,0.0,0.0007963180541990001,0.00026321411132800005,0.000258445739746,0.501967592592592,0.502083333333333,0.00011574074074
1497815976690,149781597669,0,0,1574486030,1.0,"""[6.103515625e-05",8.869171142578126e-05,9.918212890625001e-05,0.000110626220703,0.0001220703125,0.00013256072998000002,0.00014591217041000002,0.00015926361083900002,0.00017166137695300002,0.000205993652343," 0.001155853271484]""",0.001155853271484,0.000144958496093,3.251983880996704,0.010530897416174,0.0,0.000872611999511,0.000299453735351,0.00027275085449200004,0.503935185185185,0.504050925925925,0.00011574074074
1497815976690,149781597669,0,0,1574486030,1.0,"""[5.912780761718751e-05",8.964538574218751e-05,0.000109672546386,0.000128746032714,0.00015068054199200001,0.00017261505126900002,0.00019264221191400002,0.00021171569824200001,0.00023746490478500002,0.00027275085449200004," 0.010879516601562]""",0.010879516601562,0.00021457672119100003,3.226214170455932,0.012007223442196001,0.0,0.0008554458618160001,0.000290870666503,0.000287055969238,0.502662037037037,0.502777777777777,0.00011574074074
1497815976690,149781597669,0,0,1574486030,1.0,"""[5.245208740234376e-05",8.20159912109375e-05,9.632110595703126e-05,0.000107765197753,0.00011825561523400002,0.000129699707031,0.00014114379882800002,0.000153541564941,0.000165939331054,0.00018405914306600003," 0.000880241394042]""",0.000880241394042,0.00013637542724600002,3.209220170974731,0.011812042444944,0.0,0.000859260559082,0.000258445739746,0.000257492065429,0.50324074074074,0.503356481481481,0.00011574074074
1497815976690,149781597669,0,0,1574486030,1.0,"""[5.531311035156251e-05",6.580352783203125e-05,7.62939453125e-05,8.678436279296876e-05,9.727478027343751e-05,0.000107765197753,0.00011730194091700002,0.000127792358398,0.00014781951904200002,0.00017356872558500002," 0.0010204315185540001]""",0.0013561248779290001,0.00012016296386700001,3.6697981357574463,0.009697652421891,0.0,0.000895500183105,0.000258445739746,0.000257492065429,0.5074074074074071,0.507523148148148,0.00011574074074
1497815976690,149781597669,0,0,1574486030,1.0,"""[5.245208740234376e-05",6.103515625e-05,6.961822509765625e-05,7.82012939453125e-05,8.773803710937501e-05,0.00010013580322200001,0.000112533569335,0.000124931335449,0.00014686584472600002,0.00018119812011700001," 0.00970458984375]""",0.013442993164062,0.00021553039550700003,3.3249869346618652,0.011138210073113,0.0,0.000757217407226,0.00035381317138600003,0.000277519226074,0.50162037037037,0.501736111111111,0.00011574074074
1497815976690,149781597669,0,0,1574486030,1.0,"""[5.626678466796876e-05",6.866455078125e-05,8.20159912109375e-05,9.727478027343751e-05,0.000114440917968,0.00013160705566400002,0.00015830993652300002,0.00018215179443300001,0.00020313262939400002,0.00023078918457," 0.000628471374511]""",0.000627517700195,0.00014781951904200002,3.951674461364746,0.012097720988094002,0.0,0.000849723815917,0.000300407409667,0.000300407409667,0.502314814814814,0.502430555555555,0.00011574074074
1497815976690,149781597669,0,0,1574486030,1.0,"""[4.863739013671876e-05",5.722045898437501e-05,6.67572021484375e-05,7.62939453125e-05,8.583068847656251e-05,9.918212890625001e-05,0.000113487243652,0.000127792358398,0.000161170959472,0.00021457672119100003," 0.003982543945312]""",0.003982543945312,0.000130653381347,2.7241780757904053,0.011328551918268,0.0,0.0008573532104490001,0.00029373168945300005,0.000276565551757,0.503009259259259,0.5031249999999999,0.00011574074074
1497815976690,149781597669,0,0,1574486030,1.0,"""[5.054473876953126e-05",8.392333984375001e-05,0.000123977661132,0.000164985656738,0.00018501281738200003,0.000196456909179,0.00020790100097600002,0.00021934509277300002,0.000247955322265,0.000309944152832," 0.000677108764648]""",0.000678062438964,0.000196456909179,2.111025094985961,0.005037176888436,0.0,0.000741958618164,0.000287055969238,0.000284194946289,0.501388888888888,0.501504629629629,0.00011574074074
1497815976690,149781597669,0,0,1574486030,1.0,"""[6.4849853515625e-05",8.773803710937501e-05,0.00010108947753900001,0.000114440917968,0.000126838684082,0.00014114379882800002,0.00015640258789,0.00017261505126900002,0.00019359588623000002,0.00021743774414," 0.000745773315429]""",0.000744819641113,0.00015163421630800001,3.411480665206909,0.009654351510107,0.0,0.0008850097656250001,0.000258445739746,0.000257492065429,0.505439814814814,0.5055555555555551,0.00011574074074
1497815976690,149781597669,0,0,1574486030,1.0,"""[5.245208740234376e-05",6.29425048828125e-05,7.43865966796875e-05,8.583068847656251e-05,0.000107765197753,0.00013256072998000002,0.00015735626220700002,0.00018119812011700001,0.00019836425781200002,0.000216484069824," 0.0054931640625]""",0.005500793457031,0.00015640258789,3.6697981357574463,0.009697652421891,0.0,0.0008983612060540001,0.00027847290039,0.000276565551757,0.507523148148148,0.5076388888888881,0.00011574074074
1497815976690,149781597669,0,0,1574486030,1.0,"""[6.29425048828125e-05",7.43865966796875e-05,8.678436279296876e-05,0.000106811523437,0.000127792358398,0.00015926361083900002,0.000185966491699,0.000205993652343,0.00022792816162100002,0.000253677368164," 0.001068115234375]""",0.001068115234375,0.000165939331054,3.364933490753173,0.010339800268411001,0.0,0.0008888244628900001,0.000284194946289,0.000277519226074,0.5060185185185181,0.506134259259259,0.00011574074074
1497815976690,149781597669,0,0,1574486030,1.0,"""[7.343292236328125e-05",0.000115394592285,0.00014305114746000002,0.00016403198242100002,0.00018215179443300001,0.00019836425781200002,0.00021457672119100003,0.000244140625,0.000281333923339,0.00032329559326100003," 0.0007162094116210001]""",0.0007162094116210001,0.00021171569824200001,3.825999498367309,0.008737879805266,0.0,0.000683784484863,0.000268936157226,0.00026798248291,0.500347222222222,0.500462962962963,0.00011574074074
1497815976690,149781597669,0,0,1574486030,1.0,"""[5.912780761718751e-05",7.343292236328125e-05,8.869171142578126e-05,9.632110595703126e-05,0.00010299682617100001,0.000110626220703,0.00011825561523400002,0.000125885009765,0.00013732910156200002,0.00016307830810500002," 0.000473022460937]""",0.000472068786621,0.000115394592285,3.030277013778686,0.00838189292699,0.0,0.0009040832519530001,0.000280380249023,0.00026512145996000004,0.508449074074074,0.5085648148148141,0.00011574074074
1497815976690,149781597669,0,0,1574486030,1.0,"""[5.435943603515626e-05",6.389617919921875e-05,7.343292236328125e-05,8.20159912109375e-05,9.250640869140626e-05,0.00010490417480400001,0.00011730194091700002,0.000129699707031,0.000152587890625,0.00018119812011700001," 0.004043579101562]""",0.004043579101562,0.000127792358398,2.537941455841064,0.007457894738763001,0.0,0.0009050369262690001,0.000309944152832,0.00026130676269500003,0.5085648148148141,0.508680555555555,0.00011574074074
1497815976690,149781597669,0,0,1574486030,1.0,"""[6.008148193359376e-05",8.964538574218751e-05,0.00010871887207,0.000127792358398,0.00014686584472600002,0.000165939331054,0.000185966491699,0.000205039978027,0.000226974487304,0.000253677368164," 0.0006942749023430001]""",0.0006942749023430001,0.00017261505126900002,3.738622665405273,0.012948649004101,0.0,0.000883102416992,0.000284194946289,0.000280380249023,0.504976851851851,0.5050925925925921,0.00011574074074
1497815976690,149781597669,0,0,1574486030,1.0,"""[5.626678466796876e-05",6.389617919921875e-05,7.2479248046875e-05,8.106231689453125e-05,9.059906005859376e-05,0.00010395050048800001,0.000116348266601,0.000129699707031,0.00015640258789,0.000196456909179," 0.002887725830078]""",0.002887725830078,0.000134468078613,3.801999568939209,0.013433442451059001,0.0,0.0009069442749020001,0.00028324127197200004,0.00026416778564400005,0.509143518518518,0.5092592592592591,0.00011574074074
1497815976690,149781597669,0,0,1574486030,1.0,"""[5.626678466796876e-05",7.915496826171875e-05,9.536743164062501e-05,0.000107765197753,0.00011920928955000001,0.00013160705566400002,0.00014591217041000002,0.000161170959472,0.000175476074218,0.00025177001953100004," 0.000525474548339]""",0.000525474548339,0.00014591217041000002,2.567150831222534,0.007329537998884,0.0,0.000741958618164,0.000266075134277,0.00026512145996000004,0.501504629629629,0.50162037037037,0.00011574074074
1497815976690,149781597669,0,0,1574486030,1.0,"""[5.054473876953126e-05",6.198883056640625e-05,7.2479248046875e-05,8.392333984375001e-05,9.536743164062501e-05,0.000106811523437,0.00011825561523400002,0.000129699707031,0.00015640258789,0.00019264221191400002," 0.006973266601562]""",0.006973266601562,0.000139236450195,3.585688591003418,0.011342791840434002,0.0,0.000865936279296,0.00033187866210900003,0.000269889831542,0.503703703703703,0.503819444444444,0.00011574074074
1497815976690,149781597669,0,0,1574486030,1.0,"""[6.67572021484375e-05",0.000106811523437,0.00013732910156200002,0.00015830993652300002,0.00017738342285100002,0.00018978118896400002,0.00020217895507800002,0.00021362304687500003,0.00023460388183500002,0.00026416778564400005," 0.0007333755493160001]""",0.000732421875,0.00019454956054600002,3.46750259399414,0.011616020463407001,0.0,0.000688552856445,0.00028324127197200004,0.000279426574707,0.500694444444444,0.500810185185185,0.00011574074074
1497815976690,149781597669,0,0,1574486030,1.0,"""[5.817413330078126e-05",6.4849853515625e-05,7.152557373046875e-05,7.82012939453125e-05,8.392333984375001e-05,9.536743164062501e-05,0.000110626220703,0.000125885009765,0.00015163421630800001,0.00018978118896400002," 0.004074096679687]""",0.004074096679687,0.000129699707031,3.360732316970825,0.009116129949688,0.0,0.000891685485839,0.00028324127197200004,0.000268936157226,0.5067129629629631,0.506828703703703,0.00011574074074
1497815976690,149781597669,0,0,1574486030,1.0,"""[6.198883056640625e-05",8.964538574218751e-05,9.918212890625001e-05,0.00010871887207,0.00011825561523400002,0.000127792358398,0.000140190124511,0.000154495239257,0.00016880035400300002,0.00019836425781200002," 0.0011348724365230001]""",0.0011348724365230001,0.00014114379882800002,2.3521382808685303,0.006686600856482001,0.0,0.000741958618164,0.00026798248291,0.00026130676269500003,0.501157407407407,0.501273148148148,0.00011574074074
1497815976690,149781597669,0,0,1574486030,1.0,"""[5.245208740234376e-05",8.106231689453125e-05,0.00010871887207,0.000135421752929,0.000155448913574,0.00017642974853500002,0.00018787384033200002,0.00019931793212800002,0.00021076202392500003,0.00022983551025300002," 0.00043773651123000005]""",0.00043773651123000005,0.000165939331054,2.738044261932373,0.011342373676598001,0.0,0.000859260559082,0.000285148620605,0.000274658203125,0.5031249999999999,0.50324074074074,0.00011574074074
1497815976690,149781597669,0,0,1574486030,1.0,"""[6.29425048828125e-05",7.2479248046875e-05,8.20159912109375e-05,9.346008300781251e-05,0.00010490417480400001,0.000116348266601,0.000127792358398,0.00014591217041000002,0.00016784667968700002,0.00020313262939400002," 0.005287170410156]""",0.005287170410156,0.00014686584472600002,3.195522785186767,0.010393528267741,0.0,0.0008735656738280001,0.000285148620605,0.00026130676269500003,0.504050925925925,0.504166666666666,0.00011574074074
1497815976690,149781597669,0,0,1574486030,1.0,"""[5.626678466796876e-05",6.389617919921875e-05,7.152557373046875e-05,8.0108642578125e-05,8.773803710937501e-05,9.727478027343751e-05,0.000107765197753,0.00011730194091700002,0.000126838684082,0.000148773193359," 0.000802993774414]""",0.00080394744873,0.00010490417480400001,3.403043746948242,0.012089971452951001,0.0,0.0008888244628900001,0.000267028808593,0.000260353088378,0.5062500000000001,0.50636574074074,0.00011574074074
1497815976690,149781597669,0,0,1574486030,1.0,"""[6.103515625e-05",8.106231689453125e-05,0.00010395050048800001,0.000127792358398,0.000149726867675,0.000170707702636,0.000191688537597,0.00021266937255800001,0.00023841857910100002,0.00027179718017500003," 0.00048828124999999995]""",0.0005159378051750001,0.000174522399902,3.951674461364746,0.012097720988094002,0.0,0.000849723815917,0.000299453735351,0.000277519226074,0.502430555555555,0.502546296296296,0.00011574074074
1497815976690,149781597669,0,0,1574486030,1.0,"""[5.245208740234376e-05",6.67572021484375e-05,8.20159912109375e-05,9.346008300781251e-05,0.00010395050048800001,0.000113487243652,0.000123977661132,0.000135421752929,0.000154495239257,0.00017356872558500002," 0.006744384765625001]""",0.006706237792968001,0.00016212463378900002,3.8616442680358882,0.011188624426722001,0.0,0.0008773803710930001,0.000281333923339,0.000256538391113,0.504398148148148,0.504513888888888,0.00011574074074
1497815976690,149781597669,0,0,1574486030,1.0,"""[5.245208740234376e-05",7.152557373046875e-05,8.964538574218751e-05,9.918212890625001e-05,0.00010871887207,0.00011730194091700002,0.000126838684082,0.00014114379882800002,0.000160217285156,0.000186920166015," 0.000568389892578]""",0.000609397888183,0.000127792358398,3.32869267463684,0.012782002799212001,0.0,0.000688552856445,0.000266075134277,0.00026416778564400005,0.500810185185185,0.500925925925925,0.00011574074074
1497815976690,149781597669,0,0,1574486030,1.0,"""[4.959106445312501e-05",7.05718994140625e-05,8.964538574218751e-05,9.822845458984376e-05,0.00010585784912100001,0.000114440917968,0.0001220703125,0.000130653381347,0.00014781951904200002,0.00016784667968700002," 0.00048637390136700004]""",0.00048637390136700004,0.00012111663818300001,2.7241780757904053,0.011328551918268,0.0,0.0008554458618160001,0.00026130676269500003,0.000257492065429,0.502893518518518,0.503009259259259,0.00011574074074
1497815976690,149781597669,0,0,1574486030,1.0,"""[5.912780761718751e-05",6.580352783203125e-05,7.343292236328125e-05,8.20159912109375e-05,8.964538574218751e-05,0.00010204315185500001,0.000114440917968,0.000126838684082,0.00015163421630800001,0.000191688537597," 0.005661010742187]""",0.005661010742187,0.000134468078613,3.5494601726531982,0.011487226001918,0.0,0.000884056091308,0.000289916992187,0.00027084350585900003,0.505208333333333,0.5053240740740741,0.00011574074074
1497815976690,149781597669,0,0,1574486030,1.0,"""[5.912780761718751e-05",7.43865966796875e-05,9.059906005859376e-05,0.000110626220703,0.000130653381347,0.00015830993652300002,0.00018501281738200003,0.00021076202392500003,0.00023460388183500002,0.000256538391113," 0.000772476196289]""",0.0007781982421870001,0.00016689300537100002,3.546860218048095,0.012259583920240002,0.0,0.000895500183105,0.00028228759765600004,0.000281333923339,0.5071759259259261,0.507291666666666,0.00011574074074
1497815976690,149781597669,0,0,1574486030,1.0,"""[5.435943603515626e-05",6.771087646484375e-05,8.20159912109375e-05,9.346008300781251e-05,0.00010299682617100001,0.000112533569335,0.0001220703125,0.00013160705566400002,0.00016784667968700002,0.000226974487304," 0.004776000976562]""",0.005722045898437,0.000148773193359,3.209220170974731,0.011812042444944,0.0,0.000861167907714,0.00031566619873000005,0.000269889831542,0.503356481481481,0.503472222222222,0.00011574074074
1497815976690,149781597669,0,0,1574486030,1.0,"""[6.389617919921875e-05",9.346008300781251e-05,0.00010299682617100001,0.000113487243652,0.000123023986816,0.00013351440429600002,0.00014591217041000002,0.00015830993652300002,0.000170707702636,0.00020694732666000002," 0.0005340576171870001]""",0.0005350112915030001,0.000144004821777,3.640718460083007,0.010303651914000001,0.0,0.000895500183105,0.00027847290039,0.000266075134277,0.507291666666666,0.5074074074074071,0.00011574074074
1497815976690,149781597669,0,0,1574486030,1.0,"""[5.626678466796876e-05",6.67572021484375e-05,7.724761962890625e-05,8.773803710937501e-05,0.000129699707031,0.00015926361083900002,0.00018310546875,0.00019836425781200002,0.00021362304687500003,0.000249862670898," 0.000641822814941]""",0.000640869140625,0.00015640258789,3.801999568939209,0.013433442451059001,0.0,0.000908851623535,0.00028324127197200004,0.00028324127197200004,0.5092592592592591,0.509375,0.00011574074074
1497815976690,149781597669,0,0,1574486030,1.0,"""[5.722045898437501e-05",8.869171142578126e-05,0.00010490417480400001,0.00012111663818300001,0.000135421752929,0.00014686584472600002,0.00015926361083900002,0.000170707702636,0.00018978118896400002,0.00021457672119100003," 0.001138687133789]""",0.001140594482421,0.000155448913574,3.305705070495605,0.011028843931853001,0.0,0.0007963180541990001,0.00031280517578100004,0.00029563903808500004,0.501851851851851,0.501967592592592,0.00011574074074
1497815976690,149781597669,0,0,1574486030,1.0,"""[5.245208740234376e-05",5.912780761718751e-05,6.67572021484375e-05,7.343292236328125e-05,8.106231689453125e-05,8.773803710937501e-05,0.00010871887207,0.000129699707031,0.00016403198242100002,0.00020790100097600002," 0.00531005859375]""",0.00531005859375,0.00013828277587800002,3.411385297775268,0.011569039896130002,0.0,0.0009002685546870001,0.000299453735351,0.00028228759765600004,0.5078703703703701,0.507986111111111,0.00011574074074
1497815976690,149781597669,0,0,1574486030,1.0,"""[5.245208740234376e-05",5.912780761718751e-05,6.67572021484375e-05,7.343292236328125e-05,8.106231689453125e-05,8.869171142578126e-05,0.00010299682617100001,0.00011730194091700002,0.00013160705566400002,0.00016689300537100002," 0.004371643066406]""",0.004371643066406,0.00011730194091700002,3.240857362747192,0.010629335418343001,0.0,0.00090217590332,0.000327110290527,0.000268936157226,0.508217592592592,0.5083333333333331,0.00011574074074
1497815976690,149781597669,0,0,1574486030,1.0,"""[5.722045898437501e-05",6.389617919921875e-05,7.152557373046875e-05,7.915496826171875e-05,8.678436279296876e-05,0.00010585784912100001,0.000128746032714,0.00016689300537100002,0.00020217895507800002,0.000249862670898," 0.005226135253906]""",0.005226135253906,0.00015068054199200001,3.46750259399414,0.011616020463407001,0.0,0.0006875991821280001,0.00029182434082000003,0.00027370452880800004,0.500578703703703,0.500694444444444,0.00011574074074
1497815976690,149781597669,0,0,1574486030,1.0,"""[5.531311035156251e-05",7.343292236328125e-05,9.155273437500001e-05,0.000110626220703,0.000129699707031,0.00015926361083900002,0.00018787384033200002,0.00021457672119100003,0.00023651123046800003,0.000256538391113," 0.0006637573242180001]""",0.000647544860839,0.000165939331054,3.927940845489502,0.011189851909875,0.0,0.000880241394042,0.00028324127197200004,0.00028228759765600004,0.504513888888888,0.504629629629629,0.00011574074074
1497815976690,149781597669,0,0,1574486030,1.0,"""[6.103515625e-05",9.536743164062501e-05,0.000113487243652,0.00013160705566400002,0.00014591217041000002,0.00015926361083900002,0.00017261505126900002,0.000190734863281,0.00020980834960900003,0.00023841857910100002," 0.001045227050781]""",0.001045227050781,0.00016975402832,3.927940845489502,0.011189851909875,0.0,0.000880241394042,0.00028324127197200004,0.00026798248291,0.504629629629629,0.50474537037037,0.00011574074074
1497815976690,149781597669,0,0,1574486030,1.0,"""[6.4849853515625e-05",8.106231689453125e-05,9.346008300781251e-05,0.00010204315185500001,0.000110626220703,0.00011920928955000001,0.000127792358398,0.000140190124511,0.00015640258789,0.00017166137695300002," 0.000732421875]""",0.000731468200683,0.000126838684082,3.361107349395752,0.009142508730292001,0.0,0.000890731811523,0.000274658203125,0.00026798248291,0.506597222222222,0.5067129629629631,0.00011574074074
1497815976690,149781597669,0,0,1574486030,1.0,"""[6.29425048828125e-05",7.2479248046875e-05,8.392333984375001e-05,9.632110595703126e-05,0.000111579895019,0.000126838684082,0.000152587890625,0.00018310546875,0.00020980834960900003,0.00024032592773400003," 0.003684997558593]""",0.003684997558593,0.00015640258789,3.738622665405273,0.012948649004101,0.0,0.0008821487426750001,0.00029182434082000003,0.00028324127197200004,0.5048611111111111,0.504976851851851,0.00011574074074
1497815976690,149781597669,0,0,1574486030,1.0,"""[6.4849853515625e-05",8.869171142578126e-05,9.822845458984376e-05,0.00010871887207,0.00011825561523400002,0.000127792358398,0.00014114379882800002,0.00015735626220700002,0.00017261505126900002,0.000201225280761," 0.0008878707885740001]""",0.0008878707885740001,0.00014114379882800002,2.261825561523437,0.007326324936002,0.0,0.0009059906005850001,0.000268936157226,0.00026416778564400005,0.5087962962962961,0.508912037037037,0.00011574074074
1497815976690,149781597669,0,0,1574486030,1.0,"""[5.626678466796876e-05",6.103515625e-05,6.580352783203125e-05,6.961822509765625e-05,7.43865966796875e-05,7.915496826171875e-05,8.392333984375001e-05,9.059906005859376e-05,0.00010871887207,0.000126838684082," 0.000585556030273]""",0.000585556030273,8.964538574218751e-05,2.8548097610473633,0.009673422202467,0.0,0.0009059906005850001,0.000256538391113,0.000255584716796,0.5090277777777771,0.509143518518518,0.00011574074074
1497815976690,149781597669,0,0,1574486030,1.0,"""[5.626678466796876e-05",6.67572021484375e-05,7.82012939453125e-05,8.964538574218751e-05,0.000114440917968,0.00014305114746000002,0.000179290771484,0.00019454956054600002,0.00020885467529200002,0.000231742858886," 0.00048065185546800006]""",0.00048065185546800006,0.000148773193359,3.3249869346618652,0.011138210073113,0.0,0.0007963180541990001,0.00032424926757800005,0.00031566619873000005,0.501736111111111,0.501851851851851,0.00011574074074
1497815976690,149781597669,0,0,1574486030,1.0,"""[5.245208740234376e-05",7.534027099609375e-05,9.632110595703126e-05,0.000111579895019,0.000127792358398,0.00014591217041000002,0.00016403198242100002,0.00018119812011700001,0.00019741058349600002,0.00021457672119100003," 0.000639915466308]""",0.000639915466308,0.00015163421630800001,3.36539888381958,0.011958519928157002,0.0,0.0009012222290030001,0.00029277801513600003,0.00027847290039,0.507986111111111,0.5081018518518511,0.00011574074074
1497815976690,149781597669,0,0,1574486030,1.0,"""[5.912780761718751e-05",9.536743164062501e-05,0.000111579895019,0.000127792358398,0.00014209747314400002,0.000154495239257,0.00016784667968700002,0.00018310546875,0.00020217895507800002,0.000221252441406," 0.0006570816040030001]""",0.00065803527832,0.000160217285156,3.368704080581665,0.010512966662645,0.0,0.0008888244628900001,0.000277519226074,0.00027084350585900003,0.506134259259259,0.5062500000000001,0.00011574074074
1497815976690,149781597669,0,0,1574486030,1.0,"""[5.817413330078126e-05",7.43865966796875e-05,8.964538574218751e-05,9.822845458984376e-05,0.00010585784912100001,0.000114440917968,0.0001220703125,0.000130653381347,0.00014781951904200002,0.00016880035400300002," 0.001115798950195]""",0.001115798950195,0.000124931335449,3.36539888381958,0.011958519928157002,0.0,0.0009012222290030001,0.00026226043701100003,0.000260353088378,0.5081018518518511,0.508217592592592,0.00011574074074
1497815976690,149781597669,0,0,1574486030,1.0,"""[6.103515625e-05",8.964538574218751e-05,0.00010108947753900001,0.000112533569335,0.000123977661132,0.00013637542724600002,0.00014781951904200002,0.00015926361083900002,0.00017166137695300002,0.00020217895507800002," 0.000623703002929]""",0.000623703002929,0.000144004821777,3.526186466217041,0.011910430155694,0.0,0.0008926391601560001,0.000279426574707,0.000268936157226,0.5069444444444441,0.507060185185185,0.00011574074074
1497815976690,149781597669,0,0,1574486030,1.0,"""[6.198883056640625e-05",8.0108642578125e-05,0.00010299682617100001,0.000129699707031,0.000155448913574,0.00017833709716700002,0.00019264221191400002,0.000205993652343,0.00022029876708900002,0.00025463104248," 0.0011730194091790001]""",0.0011730194091790001,0.00017833709716700002,3.5494601726531982,0.011487226001918,0.0,0.0008850097656250001,0.000281333923339,0.000277519226074,0.5053240740740741,0.505439814814814,0.00011574074074
1497815976690,149781597669,0,0,1574486030,0.996666669845581,"""[5.722045898437501e-05",7.724761962890625e-05,0.00010108947753900001,0.000126838684082,0.000148773193359,0.00016975402832,0.00019264221191400002,0.000216484069824,0.00024127960205000003,0.00026798248291," 0.0007028579711910001]""",0.0012187957763670001,0.00017642974853500002,3.153450012207031,0.006226748228073,0.0,0.0008869171142570001,0.000284194946289,0.00028228759765600004,0.505671296296296,0.5057870370370371,0.00011574074074
1497815976690,149781597669,0,0,1574486030,1.0,"""[6.008148193359376e-05",8.392333984375001e-05,9.632110595703126e-05,0.00010585784912100001,0.000115394592285,0.000125885009765,0.00013732910156200002,0.000153541564941,0.00016975402832,0.000201225280761," 0.000568389892578]""",0.000568389892578,0.00013828277587800002,3.544259309768676,0.010551546700298,0.0,0.0008983612060540001,0.00027847290039,0.000274658203125,0.5076388888888881,0.507754629629629,0.00011574074074
