UniqJobId,collection_id,instance_index,priority,machine_id,sample_rate,cpu_usage_distribution1,cpu_usage_distribution2,cpu_usage_distribution3,cpu_usage_distribution4,cpu_usage_distribution5,cpu_usage_distribution6,cpu_usage_distribution7,cpu_usage_distribution8,cpu_usage_distribution9,cpu_usage_distribution10,cpu_usage_distribution11,max_cpu,avg_cpu,cycles_per_instruction,memory_accesses_per_instruction,assigned_memory,page_cache_memory,max_memory,avg_memory,start_time,end_time,time_window
1601022368042,160102236804,2,0,20143010143,1.0,"""[0.000113487243652",0.00012016296386700001,0.000127792358398,0.000134468078613,0.00014209747314400002,0.000148773193359,0.00015640258789,0.00016307830810500002,0.000170707702636,0.000190734863281," 0.000578880310058]""",0.000585556030273,0.00016212463378900002,4.8447771072387695,0.011035304516553001,0.002693176269531,6.4849853515625e-05,0.000269889831542,0.000268936157226,0.508217592592592,0.5083333333333331,0.00011574074074
1601022368042,160102236804,2,0,20143010143,1.0,"""[0.00010585784912100001",0.000109672546386,0.000115394592285,0.00012016296386700001,0.000124931335449,0.000129699707031,0.00013732910156200002,0.000149726867675,0.000161170959472,0.00017356872558500002," 0.000673294067382]""",0.0006742477416990001,0.000149726867675,4.362833499908447,0.011650837026536002,0.002693176269531,6.4849853515625e-05,0.000268936157226,0.00026798248291,0.5081018518518511,0.508217592592592,0.00011574074074
1601022368042,160102236804,2,0,20143010143,1.0,"""[0.00010871887207",0.000115394592285,0.0001220703125,0.000128746032714,0.000135421752929,0.00014305114746000002,0.00015068054199200001,0.00015830993652300002,0.000165939331054,0.00017356872558500002," 0.0008382797241210001]""",0.000835418701171,0.000160217285156,5.035918235778808,0.012243390083312001,0.002693176269531,6.4849853515625e-05,0.000275611877441,0.000274658203125,0.508912037037037,0.5090277777777771,0.00011574074074
1601022368042,160102236804,2,0,20143010143,1.0,"""[0.000113487243652",0.00011825561523400002,0.000123023986816,0.000127792358398,0.00013256072998000002,0.00014114379882800002,0.000149726867675,0.00015735626220700002,0.000165939331054,0.000174522399902," 0.000711441040039]""",0.000707626342773,0.000154495239257,4.489634037017822,0.011851103045046002,0.002693176269531,6.4849853515625e-05,0.000274658203125,0.00027370452880800004,0.5087962962962961,0.508912037037037,0.00011574074074
1601022368042,160102236804,2,0,20143010143,1.0,"""[0.00010490417480400001",0.000110626220703,0.000116348266601,0.00012111663818300001,0.000126838684082,0.00013351440429600002,0.000144004821777,0.000154495239257,0.000164985656738,0.000175476074218," 0.000411987304687]""",0.000411987304687,0.00014686584472600002,5.243194103240966,0.012392234057188001,0.002693176269531,6.4849853515625e-05,0.000275611877441,0.000275611877441,0.509143518518518,0.5092592592592591,0.00011574074074
1601022368042,160102236804,2,0,20143010143,1.0,"""[6.198883056640625e-05",7.724761962890625e-05,9.441375732421876e-05,0.000109672546386,0.000124931335449,0.000140190124511,0.000154495239257,0.00016975402832,0.00021362304687500003,0.000933647155761," 0.003059387207031]""",0.002967834472656,0.000335693359375,0.0,0.0,0.002693176269531,7.915496826171875e-05,0.00029182434082000003,0.000269889831542,0.5065752314814811,0.506597222222222,2.199074074074074e-05
1601022368042,160102236804,2,0,20143010143,1.0,"""[0.000113487243652",0.00011825561523400002,0.000123023986816,0.000126838684082,0.00013160705566400002,0.000140190124511,0.000149726867675,0.00015830993652300002,0.00016784667968700002,0.00018787384033200002," 0.0007820129394530001]""",0.0007858276367180001,0.00015926361083900002,4.88533067703247,0.010983511805534,0.002693176269531,6.4849853515625e-05,0.00027275085449200004,0.00027084350585900003,0.5083333333333331,0.508449074074074,0.00011574074074
1601022368042,160102236804,2,0,20143010143,1.0,"""[0.000111579895019",0.000116348266601,0.0001220703125,0.000126838684082,0.00013160705566400002,0.00014114379882800002,0.000149726867675,0.00015926361083900002,0.00016784667968700002,0.00018501281738200003," 0.0005264282226560001]""",0.000528335571289,0.00015735626220700002,4.88533067703247,0.010983511805534,0.002693176269531,6.4849853515625e-05,0.00027179718017500003,0.00027084350585900003,0.508449074074074,0.5085648148148141,0.00011574074074
1601022368042,160102236804,2,0,20143010143,1.0,"""[0.00012016296386700001",0.000130653381347,0.00013732910156200002,0.00014305114746000002,0.000149726867675,0.000155448913574,0.000161170959472,0.00016689300537100002,0.00017356872558500002,0.000201225280761," 0.000590324401855]""",0.000713348388671,0.00016880035400300002,4.898411750793457,0.012581260874867,0.002693176269531,7.915496826171875e-05,0.000246047973632,0.00024318695068300001,0.507060185185185,0.5071759259259261,0.00011574074074
1601022368042,160102236804,2,0,20143010143,1.0,"""[0.000112533569335",0.00011920928955000001,0.000125885009765,0.00013256072998000002,0.000140190124511,0.00014781951904200002,0.000154495239257,0.00016212463378900002,0.00016975402832,0.000186920166015," 0.0008449554443350001]""",0.0008440017700190001,0.000161170959472,5.243194103240966,0.012392234057188001,0.002693176269531,6.4849853515625e-05,0.000276565551757,0.000275611877441,0.5090277777777771,0.509143518518518,0.00011574074074
1601022368042,160102236804,2,0,20143010143,1.0,"""[0.00011825561523400002",0.000123977661132,0.000129699707031,0.00013637542724600002,0.00014305114746000002,0.000149726867675,0.00015640258789,0.00016307830810500002,0.00016975402832,0.00017833709716700002," 0.000537872314453]""",0.0005350112915030001,0.00015735626220700002,4.70947790145874,0.011909686960279001,0.002693176269531,6.4849853515625e-05,0.00025272369384700004,0.00025177001953100004,0.507291666666666,0.5074074074074071,0.00011574074074
1601022368042,160102236804,2,0,20143010143,1.0,"""[0.000112533569335",0.00011825561523400002,0.000123977661132,0.000129699707031,0.00013637542724600002,0.000144004821777,0.00015163421630800001,0.00015926361083900002,0.00016784667968700002,0.000175476074218," 0.0007848739624020001]""",0.0007858276367180001,0.00015926361083900002,5.019540309906005,0.012243004515767,0.002693176269531,6.4849853515625e-05,0.00026130676269500003,0.000257492065429,0.507523148148148,0.5076388888888881,0.00011574074074
1601022368042,160102236804,2,0,20143010143,1.0,"""[0.000115394592285",0.00012111663818300001,0.000126838684082,0.00013351440429600002,0.000140190124511,0.00014686584472600002,0.000154495239257,0.000161170959472,0.00016880035400300002,0.000175476074218," 0.000772476196289]""",0.000774383544921,0.00016212463378900002,5.019540309906005,0.012243004515767,0.002693176269531,6.4849853515625e-05,0.000260353088378,0.000259399414062,0.5076388888888881,0.507754629629629,0.00011574074074
1601022368042,160102236804,2,0,20143010143,1.0,"""[0.000116348266601",0.00012111663818300001,0.000125885009765,0.000129699707031,0.00013637542724600002,0.00014305114746000002,0.00015068054199200001,0.00015830993652300002,0.000164985656738,0.00017261505126900002," 0.00046539306640600004]""",0.00046634674072200004,0.00015068054199200001,4.362833499908447,0.011650837026536002,0.002693176269531,6.4849853515625e-05,0.000267028808593,0.000266075134277,0.507986111111111,0.5081018518518511,0.00011574074074
1601022368042,160102236804,2,0,20143010143,1.0,"""[0.000116348266601",0.000126838684082,0.000134468078613,0.00014114379882800002,0.00014686584472600002,0.000153541564941,0.00015926361083900002,0.000164985656738,0.00017166137695300002,0.00019359588623000002," 0.000647544860839]""",0.0006494522094720001,0.00016784667968700002,4.964828968048095,0.012817345559597002,0.002693176269531,7.915496826171875e-05,0.00022983551025300002,0.00022411346435500002,0.5067129629629631,0.506828703703703,0.00011574074074
1601022368042,160102236804,2,0,20143010143,1.0,"""[0.000112533569335",0.00011730194091700002,0.000123023986816,0.000128746032714,0.000135421752929,0.00014305114746000002,0.00015068054199200001,0.00015830993652300002,0.00016689300537100002,0.000174522399902," 0.0013713836669920001]""",0.001369476318359,0.000155448913574,4.362833499908447,0.011650837026536002,0.002693176269531,6.4849853515625e-05,0.000266075134277,0.00026130676269500003,0.5078703703703701,0.507986111111111,0.00011574074074
1601022368042,160102236804,2,0,20143010143,1.0,"""[0.000114440917968",0.000134468078613,0.000140190124511,0.00014591217041000002,0.000152587890625,0.00015830993652300002,0.00016403198242100002,0.00016975402832,0.000175476074218,0.00020694732666000002," 0.0005102157592770001]""",0.000514030456542,0.000170707702636,0.0,0.0,0.002693176269531,8.0108642578125e-05,0.00029277801513600003,0.00024127960205000003,0.506597222222222,0.5067129629629631,0.00011574074074
1601022368042,160102236804,2,0,20143010143,1.0,"""[0.000123977661132",0.00013351440429600002,0.000139236450195,0.00014591217041000002,0.00015163421630800001,0.00015735626220700002,0.00016307830810500002,0.00016880035400300002,0.000174522399902,0.00020885467529200002," 0.001033782958984]""",0.001033782958984,0.00017356872558500002,4.70947790145874,0.011909686960279001,0.002693176269531,7.343292236328125e-05,0.000250816345214,0.000247001647949,0.5071759259259261,0.507291666666666,0.00011574074074
1601022368042,160102236804,2,0,20143010143,1.0,"""[0.000115394592285",0.00012016296386700001,0.000125885009765,0.00013160705566400002,0.000139236450195,0.00014686584472600002,0.000154495239257,0.00016212463378900002,0.00016975402832,0.00019454956054600002," 0.00142478942871]""",0.00142478942871,0.00016307830810500002,5.243194103240966,0.012392234057188001,0.002693176269531,6.4849853515625e-05,0.00027847290039,0.000276565551757,0.5092592592592591,0.509375,0.00011574074074
1601022368042,160102236804,2,0,20143010143,1.0,"""[0.000111579895019",0.000116348266601,0.00012111663818300001,0.000125885009765,0.000130653381347,0.000139236450195,0.000148773193359,0.00015735626220700002,0.00016689300537100002,0.00018119812011700001," 0.001201629638671]""",0.001201629638671,0.000161170959472,4.563218593597412,0.011689764447510001,0.002693176269531,6.4849853515625e-05,0.000274658203125,0.00027275085449200004,0.5085648148148141,0.508680555555555,0.00011574074074
1601022368042,160102236804,2,0,20143010143,1.0,"""[0.00011825561523400002",0.00013160705566400002,0.00013828277587800002,0.000144004821777,0.000149726867675,0.00015640258789,0.00016212463378900002,0.00016784667968700002,0.000174522399902,0.000205039978027," 0.000689506530761]""",0.0006904602050780001,0.000170707702636,4.964829444885253,0.012817345559597002,0.002693176269531,7.915496826171875e-05,0.00024032592773400003,0.00023841857910100002,0.5069444444444441,0.507060185185185,0.00011574074074
1601022368042,160102236804,2,0,20143010143,1.0,"""[0.00010395050048800001",0.000111579895019,0.00011920928955000001,0.000126838684082,0.000134468078613,0.00014305114746000002,0.00015068054199200001,0.00015926361083900002,0.00016689300537100002,0.000175476074218," 0.000525474548339]""",0.000524520874023,0.00015163421630800001,4.75282335281372,0.011854984797537,0.002693176269531,6.4849853515625e-05,0.00027847290039,0.000277519226074,0.509375,0.5094907407407401,0.00011574074074
