UniqJobId,collection_id,instance_index,priority,machine_id,sample_rate,cpu_usage_distribution1,cpu_usage_distribution2,cpu_usage_distribution3,cpu_usage_distribution4,cpu_usage_distribution5,cpu_usage_distribution6,cpu_usage_distribution7,cpu_usage_distribution8,cpu_usage_distribution9,cpu_usage_distribution10,cpu_usage_distribution11,max_cpu,avg_cpu,cycles_per_instruction,memory_accesses_per_instruction,assigned_memory,page_cache_memory,max_memory,avg_memory,start_time,end_time,time_window
1603905534656,160390553465,6,0,381055910865,1.0,"""[4.768371582031251e-05",5.149841308593751e-05,5.626678466796876e-05,6.008148193359376e-05,6.4849853515625e-05,6.961822509765625e-05,7.343292236328125e-05,7.82012939453125e-05,8.20159912109375e-05,8.678436279296876e-05," 0.000175476074218]""",0.000259399414062,6.4849853515625e-05,1.445491552352905,0.021182490512728,0.0009374618530270001,0.00026226043701100003,0.0005216598510740001,0.000519752502441,0.5078703703703701,0.507986111111111,0.00011574074074
1603905534656,160390553465,6,0,381055910865,1.0,"""[4.863739013671876e-05",5.245208740234376e-05,5.722045898437501e-05,6.103515625e-05,6.580352783203125e-05,6.961822509765625e-05,7.43865966796875e-05,7.82012939453125e-05,8.20159912109375e-05,8.678436279296876e-05," 0.000170707702636]""",0.000170707702636,6.389617919921875e-05,2.67486548423767,0.024683535099029003,0.0009374618530270001,0.00026226043701100003,0.000530242919921,0.0005273818969720001,0.5083333333333331,0.508449074074074,0.00011574074074
1603905534656,160390553465,6,0,381055910865,1.0,"""[4.863739013671876e-05",5.245208740234376e-05,5.722045898437501e-05,6.103515625e-05,6.580352783203125e-05,6.961822509765625e-05,7.43865966796875e-05,7.82012939453125e-05,8.296966552734376e-05,8.678436279296876e-05," 0.000473022460937]""",0.00047779083251900005,6.29425048828125e-05,1.461821436882019,0.017670523375272,0.0009374618530270001,0.00026321411132800005,0.000505447387695,0.0005044937133780001,0.506828703703703,0.5069444444444441,0.00011574074074
1603905534656,160390553465,6,0,381055910865,1.0,"""[4.673004150390626e-05",5.054473876953126e-05,5.531311035156251e-05,5.912780761718751e-05,6.389617919921875e-05,6.866455078125e-05,7.343292236328125e-05,7.724761962890625e-05,8.20159912109375e-05,8.678436279296876e-05," 0.000144004821777]""",0.000144004821777,6.008148193359376e-05,1.437343478202819,0.017563287168741,0.0009374618530270001,0.00026226043701100003,0.000508308410644,0.000506401062011,0.5069444444444441,0.507060185185185,0.00011574074074
1603905534656,160390553465,6,0,381055910865,1.0,"""[4.863739013671876e-05",5.340576171875001e-05,5.722045898437501e-05,6.103515625e-05,6.580352783203125e-05,6.961822509765625e-05,7.43865966796875e-05,7.82012939453125e-05,8.296966552734376e-05,8.678436279296876e-05," 0.000155448913574]""",0.00023651123046800003,6.389617919921875e-05,1.7389259338378902,0.02091259509325,0.0009374618530270001,0.00026226043701100003,0.00053596496582,0.0005350112915030001,0.5092592592592591,0.509375,0.00011574074074
1603905534656,160390553465,6,0,381055910865,1.0,"""[5.054473876953126e-05",5.435943603515626e-05,5.817413330078126e-05,6.198883056640625e-05,6.580352783203125e-05,7.05718994140625e-05,7.43865966796875e-05,7.82012939453125e-05,8.20159912109375e-05,8.678436279296876e-05," 0.000127792358398]""",0.00021934509277300002,6.29425048828125e-05,1.807764530181884,0.019186107441782,0.0009374618530270001,0.00026321411132800005,0.000497817993164,0.0004959106445310001,0.5064814814814811,0.506597222222222,0.00011574074074
1603905534656,160390553465,6,0,381055910865,1.0,"""[5.054473876953126e-05",5.435943603515626e-05,5.817413330078126e-05,6.29425048828125e-05,6.67572021484375e-05,7.05718994140625e-05,7.43865966796875e-05,7.82012939453125e-05,8.296966552734376e-05,8.678436279296876e-05," 0.000148773193359]""",0.00026130676269500003,6.67572021484375e-05,1.6207736730575562,0.018004540354013002,0.0009374618530270001,0.00027084350585900003,0.00047779083251900005,0.00047492980957000003,0.5057870370370371,0.505902777777777,0.00011574074074
1603905534656,160390553465,6,0,381055910865,1.0,"""[4.863739013671876e-05",5.340576171875001e-05,5.722045898437501e-05,6.103515625e-05,6.580352783203125e-05,6.961822509765625e-05,7.43865966796875e-05,7.82012939453125e-05,8.296966552734376e-05,8.678436279296876e-05," 0.0008764266967770001]""",0.00087833404541,6.771087646484375e-05,1.6207736730575562,0.018004540354013002,0.0009374618530270001,0.00027084350585900003,0.000483512878417,0.00048065185546800006,0.505902777777777,0.5060185185185181,0.00011574074074
1603905534656,160390553465,6,0,381055910865,1.0,"""[4.959106445312501e-05",5.340576171875001e-05,5.722045898437501e-05,6.198883056640625e-05,6.580352783203125e-05,6.961822509765625e-05,7.43865966796875e-05,7.82012939453125e-05,8.20159912109375e-05,8.678436279296876e-05," 0.000154495239257]""",0.000154495239257,6.29425048828125e-05,2.67486548423767,0.024683535099029003,0.0009374618530270001,0.00026226043701100003,0.000530242919921,0.000530242919921,0.5085648148148141,0.508680555555555,0.00011574074074
1603905534656,160390553465,6,0,381055910865,1.0,"""[4.959106445312501e-05",5.340576171875001e-05,5.817413330078126e-05,6.198883056640625e-05,6.580352783203125e-05,6.961822509765625e-05,7.43865966796875e-05,7.82012939453125e-05,8.20159912109375e-05,8.678436279296876e-05," 0.0008668899536130001]""",0.000872611999511,6.67572021484375e-05,2.345626354217529,0.02330301515758,0.0009374618530270001,0.00026226043701100003,0.000531196594238,0.000531196594238,0.508680555555555,0.5087962962962961,0.00011574074074
1603905534656,160390553465,6,0,381055910865,1.0,"""[4.291534423828126e-05",4.863739013671876e-05,5.340576171875001e-05,5.817413330078126e-05,6.389617919921875e-05,6.866455078125e-05,7.343292236328125e-05,7.82012939453125e-05,8.296966552734376e-05,9.155273437500001e-05," 0.001644134521484]""",0.001644134521484,7.724761962890625e-05,0.0,0.0,0.0009374618530270001,0.00027179718017500003,0.0007181167602530001,0.000611305236816,0.5053240740740741,0.505439814814814,0.00011574074074
1603905534656,160390553465,6,0,381055910865,1.0,"""[4.768371582031251e-05",5.245208740234376e-05,5.626678466796876e-05,6.103515625e-05,6.4849853515625e-05,6.961822509765625e-05,7.43865966796875e-05,7.82012939453125e-05,8.296966552734376e-05,8.678436279296876e-05," 0.000628471374511]""",0.000628471374511,6.961822509765625e-05,2.056875228881835,0.023648614063858,0.0009374618530270001,0.00026226043701100003,0.000537872314453,0.00053596496582,0.509375,0.5094907407407401,0.00011574074074
1603905534656,160390553465,6,0,381055910865,1.0,"""[4.863739013671876e-05",5.245208740234376e-05,5.722045898437501e-05,6.103515625e-05,6.4849853515625e-05,6.961822509765625e-05,7.343292236328125e-05,7.82012939453125e-05,8.20159912109375e-05,8.583068847656251e-05," 0.00044536590576100003]""",0.00044441223144500003,6.29425048828125e-05,2.67486548423767,0.024683535099029003,0.0009374618530270001,0.00026226043701100003,0.000530242919921,0.000530242919921,0.508449074074074,0.5085648148148141,0.00011574074074
1603905534656,160390553465,6,0,381055910865,1.0,"""[4.768371582031251e-05",5.149841308593751e-05,5.531311035156251e-05,6.008148193359376e-05,6.389617919921875e-05,6.866455078125e-05,7.2479248046875e-05,7.62939453125e-05,8.106231689453125e-05,8.487701416015626e-05," 0.000494003295898]""",0.000497817993164,6.198883056640625e-05,1.807764530181884,0.019186107441782,0.0009374618530270001,0.00026321411132800005,0.0005044937133780001,0.000497817993164,0.506597222222222,0.5067129629629631,0.00011574074074
1603905534656,160390553465,6,0,381055910865,1.0,"""[4.577636718750001e-05",4.959106445312501e-05,5.435943603515626e-05,5.912780761718751e-05,6.389617919921875e-05,6.771087646484375e-05,7.2479248046875e-05,7.724761962890625e-05,8.20159912109375e-05,8.583068847656251e-05," 0.00044441223144500003]""",0.00044441223144500003,6.389617919921875e-05,1.445491552352905,0.021182490512728,0.0009374618530270001,0.00026226043701100003,0.000516891479492,0.0005159378051750001,0.507523148148148,0.5076388888888881,0.00011574074074
1603905534656,160390553465,6,0,381055910865,1.0,"""[4.959106445312501e-05",5.340576171875001e-05,5.817413330078126e-05,6.198883056640625e-05,6.67572021484375e-05,7.05718994140625e-05,7.534027099609375e-05,7.915496826171875e-05,8.392333984375001e-05,8.773803710937501e-05," 0.00044536590576100003]""",0.00044536590576100003,6.580352783203125e-05,1.445491552352905,0.021182490512728,0.0009374618530270001,0.00026226043701100003,0.000518798828125,0.000517845153808,0.507754629629629,0.5078703703703701,0.00011574074074
1603905534656,160390553465,6,0,381055910865,1.0,"""[5.054473876953126e-05",5.054473876953126e-05,8.0108642578125e-05,0.0006027221679680001,0.000730514526367,0.0008144378662100001,0.001161575317382,0.002124786376953,0.0026512145996090003,0.0036430358886710003," 0.0036430358886710003]""",0.003669738769531,0.00131607055664,0.0,0.0,0.0009374618530270001,0.00014781951904200002,0.000707626342773,0.00031280517578100004,0.505320601851851,0.5053240740740741,3.4722222222222215e-06
1603905534656,160390553465,6,0,381055910865,0.996666669845581,"""[4.863739013671876e-05",5.340576171875001e-05,5.722045898437501e-05,6.103515625e-05,6.580352783203125e-05,6.961822509765625e-05,7.43865966796875e-05,7.82012939453125e-05,8.20159912109375e-05,8.678436279296876e-05," 0.0009708404541010001]""",0.0009698867797850001,6.580352783203125e-05,2.063071250915527,0.022941248491406,0.0009374618530270001,0.00026226043701100003,0.000523567199707,0.0005216598510740001,0.507986111111111,0.5081018518518511,0.00011574074074
1603905534656,160390553465,6,0,381055910865,1.0,"""[4.673004150390626e-05",5.054473876953126e-05,5.531311035156251e-05,6.008148193359376e-05,6.389617919921875e-05,6.866455078125e-05,7.343292236328125e-05,7.724761962890625e-05,8.20159912109375e-05,8.583068847656251e-05," 0.00047111511230400006]""",0.0005035400390620001,6.580352783203125e-05,1.704133152961731,0.020613195374608,0.0009374618530270001,0.00026226043701100003,0.0005331039428710001,0.000532150268554,0.508912037037037,0.5090277777777771,0.00011574074074
1603905534656,160390553465,6,0,381055910865,0.990000009536743,"""[4.577636718750001e-05",5.054473876953126e-05,5.531311035156251e-05,5.912780761718751e-05,6.389617919921875e-05,6.771087646484375e-05,7.2479248046875e-05,7.724761962890625e-05,8.106231689453125e-05,8.583068847656251e-05," 0.00014591217041000002]""",0.00046634674072200004,6.29425048828125e-05,1.437343478202819,0.017563287168741,0.0009374618530270001,0.00026226043701100003,0.00051212310791,0.0005111694335930001,0.5071759259259261,0.507291666666666,0.00011574074074
1603905534656,160390553465,6,0,381055910865,1.0,"""[5.340576171875001e-05",5.722045898437501e-05,6.103515625e-05,6.4849853515625e-05,6.866455078125e-05,7.2479248046875e-05,7.62939453125e-05,8.0108642578125e-05,8.392333984375001e-05,8.964538574218751e-05," 0.000978469848632]""",0.0009737014770500001,7.2479248046875e-05,1.437343478202819,0.017563287168741,0.0009374618530270001,0.00026226043701100003,0.0005149841308590001,0.000514030456542,0.507291666666666,0.5074074074074071,0.00011574074074
1603905534656,160390553465,6,0,381055910865,1.0,"""[4.863739013671876e-05",5.245208740234376e-05,5.722045898437501e-05,6.103515625e-05,6.580352783203125e-05,6.961822509765625e-05,7.343292236328125e-05,7.82012939453125e-05,8.20159912109375e-05,8.678436279296876e-05," 0.000439643859863]""",0.000440597534179,6.4849853515625e-05,1.6207736730575562,0.018004540354013002,0.0009374618530270001,0.00027084350585900003,0.000473976135253,0.00047111511230400006,0.505671296296296,0.5057870370370371,0.00011574074074
1603905534656,160390553465,6,0,381055910865,1.0,"""[4.863739013671876e-05",5.245208740234376e-05,5.626678466796876e-05,6.103515625e-05,6.580352783203125e-05,6.961822509765625e-05,7.43865966796875e-05,7.82012939453125e-05,8.296966552734376e-05,8.678436279296876e-05," 0.00020217895507800002]""",0.00020313262939400002,6.4849853515625e-05,1.704133152961731,0.020613195374608,0.0009374618530270001,0.00026226043701100003,0.0005340576171870001,0.0005331039428710001,0.5090277777777771,0.509143518518518,0.00011574074074
1603905534656,160390553465,6,0,381055910865,0.996666669845581,"""[4.863739013671876e-05",5.245208740234376e-05,5.626678466796876e-05,6.103515625e-05,6.4849853515625e-05,6.961822509765625e-05,7.343292236328125e-05,7.724761962890625e-05,8.20159912109375e-05,8.583068847656251e-05," 0.00013732910156200002]""",0.0004959106445310001,6.389617919921875e-05,1.445491552352905,0.021182490512728,0.0009374618530270001,0.00026226043701100003,0.000517845153808,0.000516891479492,0.5076388888888881,0.507754629629629,0.00011574074074
1603905534656,160390553465,6,0,381055910865,1.0,"""[4.863739013671876e-05",5.245208740234376e-05,5.626678466796876e-05,6.103515625e-05,6.4849853515625e-05,6.961822509765625e-05,7.343292236328125e-05,7.724761962890625e-05,8.20159912109375e-05,8.583068847656251e-05," 0.000140190124511]""",0.00023841857910100002,6.198883056640625e-05,1.807764530181884,0.019186107441782,0.0009374618530270001,0.00027084350585900003,0.0004911422729490001,0.000490188598632,0.5062500000000001,0.50636574074074,0.00011574074074
1603905534656,160390553465,6,0,381055910865,1.0,"""[4.768371582031251e-05",5.149841308593751e-05,5.626678466796876e-05,6.008148193359376e-05,6.4849853515625e-05,6.866455078125e-05,7.343292236328125e-05,7.724761962890625e-05,8.20159912109375e-05,8.583068847656251e-05," 0.00039577484130800004]""",0.00039577484130800004,6.29425048828125e-05,1.437343478202819,0.017563287168741,0.0009374618530270001,0.00026226043701100003,0.00050926208496,0.000508308410644,0.507060185185185,0.5071759259259261,0.00011574074074
1603905534656,160390553465,6,0,381055910865,1.0,"""[4.673004150390626e-05",5.149841308593751e-05,5.531311035156251e-05,6.008148193359376e-05,6.4849853515625e-05,6.866455078125e-05,7.343292236328125e-05,7.724761962890625e-05,8.20159912109375e-05,8.583068847656251e-05," 0.0001220703125]""",0.000161170959472,6.008148193359376e-05,2.67486548423767,0.024683535099029003,0.0009374618530270001,0.00026226043701100003,0.000524520874023,0.000523567199707,0.5081018518518511,0.508217592592592,0.00011574074074
1603905534656,160390553465,6,0,381055910865,0.996666669845581,"""[4.863739013671876e-05",5.245208740234376e-05,5.626678466796876e-05,6.103515625e-05,6.4849853515625e-05,6.866455078125e-05,7.343292236328125e-05,7.724761962890625e-05,8.20159912109375e-05,8.583068847656251e-05," 0.00017261505126900002]""",0.000452041625976,6.29425048828125e-05,1.704133152961731,0.020613195374608,0.0009374618530270001,0.00026226043701100003,0.000532150268554,0.000531196594238,0.5087962962962961,0.508912037037037,0.00011574074074
1603905534656,160390553465,6,0,381055910865,1.0,"""[4.768371582031251e-05",5.245208740234376e-05,5.626678466796876e-05,6.103515625e-05,6.4849853515625e-05,6.961822509765625e-05,7.43865966796875e-05,7.82012939453125e-05,8.296966552734376e-05,8.678436279296876e-05," 0.00044918060302700006]""",0.000452041625976,6.580352783203125e-05,1.704133152961731,0.020613195374608,0.0009374618530270001,0.00026226043701100003,0.0005350112915030001,0.0005340576171870001,0.509143518518518,0.5092592592592591,0.00011574074074
1603905534656,160390553465,6,0,381055910865,1.0,"""[4.768371582031251e-05",5.245208740234376e-05,5.626678466796876e-05,6.103515625e-05,6.4849853515625e-05,6.961822509765625e-05,7.343292236328125e-05,7.82012939453125e-05,8.20159912109375e-05,8.583068847656251e-05," 0.00013732910156200002]""",0.000164985656738,6.29425048828125e-05,1.6207736730575562,0.018004540354013002,0.0009374618530270001,0.00027084350585900003,0.00048542022705000003,0.00048446655273400003,0.5060185185185181,0.506134259259259,0.00011574074074
1603905534656,160390553465,6,0,381055910865,0.9866666793823241,"""[4.863739013671876e-05",5.245208740234376e-05,5.722045898437501e-05,6.103515625e-05,6.4849853515625e-05,6.961822509765625e-05,7.343292236328125e-05,7.724761962890625e-05,8.20159912109375e-05,8.583068847656251e-05," 0.00047588348388600003]""",0.000532150268554,6.29425048828125e-05,1.807764530181884,0.019186107441782,0.0009374618530270001,0.00026321411132800005,0.000493049621582,0.0004920959472650001,0.50636574074074,0.5064814814814811,0.00011574074074
1603905534656,160390553465,6,0,381055910865,1.0,"""[4.673004150390626e-05",5.149841308593751e-05,5.531311035156251e-05,6.008148193359376e-05,6.4849853515625e-05,6.866455078125e-05,7.343292236328125e-05,7.724761962890625e-05,8.20159912109375e-05,8.678436279296876e-05," 0.00014209747314400002]""",0.000164985656738,6.29425048828125e-05,1.6207736730575562,0.018004540354013002,0.0009374618530270001,0.00027179718017500003,0.00047111511230400006,0.00046730041503900005,0.5055555555555551,0.505671296296296,0.00011574074074
