UniqJobId,collection_id,instance_index,priority,machine_id,sample_rate,cpu_usage_distribution1,cpu_usage_distribution2,cpu_usage_distribution3,cpu_usage_distribution4,cpu_usage_distribution5,cpu_usage_distribution6,cpu_usage_distribution7,cpu_usage_distribution8,cpu_usage_distribution9,cpu_usage_distribution10,cpu_usage_distribution11,max_cpu,avg_cpu,cycles_per_instruction,memory_accesses_per_instruction,assigned_memory,page_cache_memory,max_memory,avg_memory,start_time,end_time,time_window
1604402282212,160440228221,2,0,104792458301,0.996666669845581,"""[6.29425048828125e-05",6.580352783203125e-05,6.866455078125e-05,7.2479248046875e-05,7.534027099609375e-05,7.915496826171875e-05,8.20159912109375e-05,8.487701416015626e-05,9.155273437500001e-05,0.000114440917968," 0.00022029876708900002]""",0.000281333923339,8.296966552734376e-05,2.4600601196289062,0.027798494324088003,0.0008974075317380001,0.000175476074218,0.000612258911132,0.000612258911132,0.505902777777777,0.5060185185185181,0.00011574074074
1604402282212,160440228221,2,0,104792458301,0.996666669845581,"""[5.817413330078126e-05",6.198883056640625e-05,6.580352783203125e-05,6.961822509765625e-05,7.2479248046875e-05,7.62939453125e-05,8.0108642578125e-05,8.392333984375001e-05,8.869171142578126e-05,0.000113487243652," 0.00017261505126900002]""",0.00021362304687500003,7.82012939453125e-05,2.332189321517944,0.02283346094191,0.0008974075317380001,0.000175476074218,0.000590324401855,0.000590324401855,0.500347222222222,0.500462962962963,0.00011574074074
1604402282212,160440228221,2,0,104792458301,1.0,"""[6.103515625e-05",6.4849853515625e-05,6.771087646484375e-05,7.152557373046875e-05,7.534027099609375e-05,7.82012939453125e-05,8.20159912109375e-05,8.583068847656251e-05,9.632110595703126e-05,0.00012016296386700001," 0.00025177001953100004]""",0.000253677368164,8.296966552734376e-05,2.25325608253479,0.030762542039155003,0.0008974075317380001,0.000175476074218,0.000616073608398,0.000616073608398,0.508217592592592,0.5083333333333331,0.00011574074074
1604402282212,160440228221,2,0,104792458301,0.996666669845581,"""[5.722045898437501e-05",6.103515625e-05,6.4849853515625e-05,6.866455078125e-05,7.2479248046875e-05,7.62939453125e-05,8.0108642578125e-05,8.392333984375001e-05,8.773803710937501e-05,0.000110626220703," 0.000591278076171]""",0.0005874633789060001,7.82012939453125e-05,2.088827848434448,0.024681599810719,0.0008974075317380001,0.000175476074218,0.0005941390991210001,0.000593185424804,0.500925925925925,0.501041666666666,0.00011574074074
1604402282212,160440228221,2,0,104792458301,0.996666669845581,"""[6.4849853515625e-05",6.771087646484375e-05,7.05718994140625e-05,7.343292236328125e-05,7.62939453125e-05,7.915496826171875e-05,8.296966552734376e-05,8.583068847656251e-05,9.250640869140626e-05,0.000115394592285," 0.000580787658691]""",0.000584602355957,8.583068847656251e-05,2.270000696182251,0.026742998510599,0.0008974075317380001,0.000175476074218,0.00062084197998,0.00062084197998,0.5090277777777771,0.509143518518518,0.00011574074074
1604402282212,160440228221,2,0,104792458301,1.0,"""[5.340576171875001e-05",5.722045898437501e-05,6.103515625e-05,6.580352783203125e-05,6.961822509765625e-05,7.343292236328125e-05,7.724761962890625e-05,8.106231689453125e-05,8.583068847656251e-05,0.00010013580322200001," 0.00045108795166]""",0.000452041625976,7.152557373046875e-05,2.218985557556152,0.020168840885162003,0.0008974075317380001,0.000175476074218,0.0005989074707030001,0.0005989074707030001,0.502083333333333,0.502199074074074,0.00011574074074
1604402282212,160440228221,2,0,104792458301,0.996666669845581,"""[6.4849853515625e-05",6.771087646484375e-05,7.152557373046875e-05,7.43865966796875e-05,7.724761962890625e-05,8.0108642578125e-05,8.296966552734376e-05,8.678436279296876e-05,9.727478027343751e-05,0.00011730194091700002," 0.000544548034667]""",0.000544548034667,8.583068847656251e-05,2.4600601196289062,0.027798494324088003,0.0008974075317380001,0.000175476074218,0.0006132125854490001,0.000612258911132,0.5060185185185181,0.506134259259259,0.00011574074074
1604402282212,160440228221,2,0,104792458301,0.9933333396911621,"""[5.054473876953126e-05",5.435943603515626e-05,5.817413330078126e-05,6.29425048828125e-05,6.67572021484375e-05,7.05718994140625e-05,7.534027099609375e-05,7.915496826171875e-05,8.296966552734376e-05,8.678436279296876e-05," 0.000155448913574]""",0.00022315979003900002,6.771087646484375e-05,2.218985557556152,0.020168840885162003,0.0008974075317380001,0.000175476074218,0.0006017684936520001,0.0006008148193350001,0.502430555555555,0.502546296296296,0.00011574074074
1604402282212,160440228221,2,0,104792458301,0.9933333396911621,"""[6.29425048828125e-05",6.67572021484375e-05,6.961822509765625e-05,7.2479248046875e-05,7.62939453125e-05,7.915496826171875e-05,8.20159912109375e-05,8.583068847656251e-05,9.346008300781251e-05,0.000114440917968," 0.000269889831542]""",0.000266075134277,8.106231689453125e-05,2.25325608253479,0.030762542039155003,0.0008974075317380001,0.000175476074218,0.0006189346313470001,0.0006179809570310001,0.508449074074074,0.5085648148148141,0.00011574074074
1604402282212,160440228221,2,0,104792458301,1.0,"""[5.435943603515626e-05",5.817413330078126e-05,6.198883056640625e-05,6.580352783203125e-05,6.961822509765625e-05,7.43865966796875e-05,7.82012939453125e-05,8.20159912109375e-05,8.583068847656251e-05,0.00010299682617100001," 0.00018215179443300001]""",0.000216484069824,7.2479248046875e-05,2.026267290115356,0.024199681356549003,0.0008974075317380001,0.000175476074218,0.0006017684936520001,0.0006017684936520001,0.502662037037037,0.502777777777777,0.00011574074074
1604402282212,160440228221,2,0,104792458301,0.996666669845581,"""[5.435943603515626e-05",5.817413330078126e-05,6.198883056640625e-05,6.580352783203125e-05,6.961822509765625e-05,7.343292236328125e-05,7.724761962890625e-05,8.106231689453125e-05,8.487701416015626e-05,8.964538574218751e-05," 0.000463485717773]""",0.000463485717773,7.05718994140625e-05,1.9886256456375122,0.024986980482935003,0.0008974075317380001,0.000175476074218,0.000603675842285,0.0006027221679680001,0.502777777777777,0.502893518518518,0.00011574074074
1604402282212,160440228221,2,0,104792458301,1.0,"""[5.722045898437501e-05",6.103515625e-05,6.4849853515625e-05,6.866455078125e-05,7.2479248046875e-05,7.62939453125e-05,8.0108642578125e-05,8.392333984375001e-05,8.773803710937501e-05,0.00010871887207," 0.000160217285156]""",0.00017642974853500002,7.43865966796875e-05,2.088827848434448,0.024681599810719,0.0008974075317380001,0.000175476074218,0.0005941390991210001,0.000593185424804,0.501041666666666,0.501157407407407,0.00011574074074
1604402282212,160440228221,2,0,104792458301,0.9933333396911621,"""[6.198883056640625e-05",6.580352783203125e-05,6.866455078125e-05,7.2479248046875e-05,7.534027099609375e-05,7.915496826171875e-05,8.296966552734376e-05,8.583068847656251e-05,9.632110595703126e-05,0.000115394592285," 0.00014114379882800002]""",0.00021171569824200001,8.20159912109375e-05,2.824229478836059,0.023488022387027,0.0008974075317380001,0.000175476074218,0.0006103515625,0.000609397888183,0.505439814814814,0.5055555555555551,0.00011574074074
1604402282212,160440228221,2,0,104792458301,1.0,"""[6.008148193359376e-05",6.389617919921875e-05,6.771087646484375e-05,7.152557373046875e-05,7.43865966796875e-05,7.82012939453125e-05,8.20159912109375e-05,8.583068847656251e-05,9.536743164062501e-05,0.000115394592285," 0.00020408630371000002]""",0.000280380249023,8.0108642578125e-05,2.270000696182251,0.026742998510599,0.0008974075317380001,0.000175476074218,0.000621795654296,0.000621795654296,0.509375,0.5094907407407401,0.00011574074074
1604402282212,160440228221,2,0,104792458301,0.996666669845581,"""[5.435943603515626e-05",5.817413330078126e-05,6.198883056640625e-05,6.580352783203125e-05,6.961822509765625e-05,7.343292236328125e-05,7.724761962890625e-05,8.106231689453125e-05,8.487701416015626e-05,8.964538574218751e-05," 0.00020408630371000002]""",0.00020408630371000002,6.866455078125e-05,1.745657086372375,0.022816011682152002,0.0008974075317380001,0.000175476074218,0.0005989074707030001,0.00059700012207,0.501736111111111,0.501851851851851,0.00011574074074
1604402282212,160440228221,2,0,104792458301,1.0,"""[5.817413330078126e-05",6.198883056640625e-05,6.580352783203125e-05,6.961822509765625e-05,7.343292236328125e-05,7.724761962890625e-05,8.106231689453125e-05,8.487701416015626e-05,9.250640869140626e-05,0.000113487243652," 0.00019931793212800002]""",0.00019931793212800002,7.82012939453125e-05,3.496879577636718,0.025554073974490003,0.0008974075317380001,0.000175476074218,0.000616073608398,0.000616073608398,0.507986111111111,0.5081018518518511,0.00011574074074
1604402282212,160440228221,2,0,104792458301,0.9933333396911621,"""[5.722045898437501e-05",6.103515625e-05,6.4849853515625e-05,6.866455078125e-05,7.2479248046875e-05,7.62939453125e-05,8.0108642578125e-05,8.296966552734376e-05,8.678436279296876e-05,0.00010871887207," 0.00023078918457]""",0.000482559204101,7.62939453125e-05,2.142366409301757,0.024235384538769,0.0008974075317380001,0.000175476074218,0.0006103515625,0.000608444213867,0.504513888888888,0.504629629629629,0.00011574074074
1604402282212,160440228221,2,0,104792458301,1.0,"""[6.103515625e-05",6.4849853515625e-05,6.771087646484375e-05,7.152557373046875e-05,7.43865966796875e-05,7.82012939453125e-05,8.20159912109375e-05,8.487701416015626e-05,9.155273437500001e-05,0.000114440917968," 0.0011959075927730001]""",0.0012664794921870002,8.583068847656251e-05,2.25325608253479,0.030762542039155003,0.0008974075317380001,0.000175476074218,0.000619888305664,0.0006189346313470001,0.5085648148148141,0.508680555555555,0.00011574074074
1604402282212,160440228221,2,0,104792458301,1.0,"""[5.531311035156251e-05",5.912780761718751e-05,6.29425048828125e-05,6.67572021484375e-05,7.05718994140625e-05,7.43865966796875e-05,7.82012939453125e-05,8.20159912109375e-05,8.583068847656251e-05,0.00010204315185500001," 0.00018405914306600003]""",0.00023460388183500002,7.152557373046875e-05,2.142366409301757,0.024235384538769,0.0008974075317380001,0.000175476074218,0.000608444213867,0.000608444213867,0.50474537037037,0.5048611111111111,0.00011574074074
1604402282212,160440228221,2,0,104792458301,1.0,"""[6.389617919921875e-05",6.771087646484375e-05,7.05718994140625e-05,7.343292236328125e-05,7.62939453125e-05,7.915496826171875e-05,8.296966552734376e-05,8.583068847656251e-05,9.346008300781251e-05,0.000114440917968," 0.000639915466308]""",0.000641822814941,8.392333984375001e-05,2.824229478836059,0.023488022387027,0.0008974075317380001,0.000175476074218,0.000612258911132,0.0006103515625,0.5055555555555551,0.505671296296296,0.00011574074074
1604402282212,160440228221,2,0,104792458301,1.0,"""[5.245208740234376e-05",5.626678466796876e-05,6.008148193359376e-05,6.389617919921875e-05,6.866455078125e-05,7.2479248046875e-05,7.62939453125e-05,8.0108642578125e-05,8.487701416015626e-05,9.346008300781251e-05," 0.000153541564941]""",0.000153541564941,6.961822509765625e-05,1.770993947982788,0.022674312815070003,0.0008974075317380001,0.000175476074218,0.0005989074707030001,0.0005989074707030001,0.501967592592592,0.502083333333333,0.00011574074074
1604402282212,160440228221,2,0,104792458301,1.0,"""[5.817413330078126e-05",6.198883056640625e-05,6.580352783203125e-05,6.961822509765625e-05,7.343292236328125e-05,7.724761962890625e-05,8.106231689453125e-05,8.392333984375001e-05,8.869171142578126e-05,0.000114440917968," 0.00020313262939400002]""",0.000200271606445,7.724761962890625e-05,1.807628393173217,0.023759128525853,0.0008974075317380001,0.000175476074218,0.0006074905395500001,0.0006065368652340001,0.504050925925925,0.504166666666666,0.00011574074074
1604402282212,160440228221,2,0,104792458301,1.0,"""[5.722045898437501e-05",6.103515625e-05,6.580352783203125e-05,6.961822509765625e-05,7.43865966796875e-05,7.82012939453125e-05,8.296966552734376e-05,8.678436279296876e-05,0.00010395050048800001,0.000123977661132," 0.000494956970214]""",0.000494956970214,8.678436279296876e-05,2.332189321517944,0.02283346094191,0.0008974075317380001,0.000175476074218,0.000593185424804,0.000592231750488,0.500694444444444,0.500810185185185,0.00011574074074
1604402282212,160440228221,2,0,104792458301,0.996666669845581,"""[6.008148193359376e-05",6.389617919921875e-05,6.771087646484375e-05,7.2479248046875e-05,7.62939453125e-05,8.0108642578125e-05,8.392333984375001e-05,8.964538574218751e-05,0.00010585784912100001,0.0001220703125," 0.000164985656738]""",0.00036334991455000003,8.487701416015626e-05,2.228878736495971,0.023618023842573003,0.0008974075317380001,0.000175476074218,0.000593185424804,0.000593185424804,0.500810185185185,0.500925925925925,0.00011574074074
1604402282212,160440228221,2,0,104792458301,0.996666669845581,"""[6.008148193359376e-05",6.389617919921875e-05,6.771087646484375e-05,7.05718994140625e-05,7.43865966796875e-05,7.82012939453125e-05,8.20159912109375e-05,8.487701416015626e-05,9.250640869140626e-05,0.000114440917968," 0.0005569458007810001]""",0.0005578994750970001,8.20159912109375e-05,2.412450551986694,0.028933968394994004,0.0008974075317380001,0.000175476074218,0.0006141662597650001,0.0006141662597650001,0.5074074074074071,0.507523148148148,0.00011574074074
1604402282212,160440228221,2,0,104792458301,0.9933333396911621,"""[5.626678466796876e-05",6.008148193359376e-05,6.389617919921875e-05,6.771087646484375e-05,7.152557373046875e-05,7.62939453125e-05,8.0108642578125e-05,8.392333984375001e-05,8.773803710937501e-05,0.000109672546386," 0.0009012222290030001]""",0.000903129577636,7.915496826171875e-05,1.788659572601318,0.021849924698472002,0.0008974075317380001,0.000175476074218,0.0006065368652340001,0.0006065368652340001,0.503703703703703,0.503819444444444,0.00011574074074
1604402282212,160440228221,2,0,104792458301,0.9933333396911621,"""[6.198883056640625e-05",6.4849853515625e-05,6.866455078125e-05,7.152557373046875e-05,7.534027099609375e-05,7.82012939453125e-05,8.20159912109375e-05,8.487701416015626e-05,8.964538574218751e-05,0.000113487243652," 0.0012950897216790001]""",0.0012950897216790001,8.296966552734376e-05,2.4600601196289062,0.027798494324088003,0.0008974075317380001,0.000175476074218,0.0006132125854490001,0.000612258911132,0.5057870370370371,0.505902777777777,0.00011574074074
1604402282212,160440228221,2,0,104792458301,0.996666669845581,"""[5.817413330078126e-05",6.198883056640625e-05,6.580352783203125e-05,6.961822509765625e-05,7.343292236328125e-05,7.724761962890625e-05,8.106231689453125e-05,8.487701416015626e-05,9.346008300781251e-05,0.000114440917968," 0.0010128021240230001]""",0.001008987426757,8.296966552734376e-05,3.496879577636718,0.025554073974490003,0.0008974075317380001,0.000175476074218,0.000616073608398,0.000615119934082,0.5078703703703701,0.507986111111111,0.00011574074074
1604402282212,160440228221,2,0,104792458301,0.996666669845581,"""[5.912780761718751e-05",6.29425048828125e-05,6.67572021484375e-05,6.961822509765625e-05,7.343292236328125e-05,7.724761962890625e-05,8.106231689453125e-05,8.487701416015626e-05,8.773803710937501e-05,0.000110626220703," 0.000144004821777]""",0.000201225280761,7.82012939453125e-05,1.807628393173217,0.023759128525853,0.0008974075317380001,0.000175476074218,0.0006065368652340001,0.0006065368652340001,0.504282407407407,0.504398148148148,0.00011574074074
1604402282212,160440228221,2,0,104792458301,1.0,"""[5.626678466796876e-05",6.008148193359376e-05,6.389617919921875e-05,6.771087646484375e-05,7.152557373046875e-05,7.62939453125e-05,8.0108642578125e-05,8.392333984375001e-05,8.773803710937501e-05,0.000111579895019," 0.00053596496582]""",0.0005350112915030001,7.62939453125e-05,2.25325608253479,0.030762542039155003,0.0008974075317380001,0.000175476074218,0.000617027282714,0.000616073608398,0.5083333333333331,0.508449074074074,0.00011574074074
1604402282212,160440228221,2,0,104792458301,1.0,"""[5.817413330078126e-05",6.198883056640625e-05,6.580352783203125e-05,6.961822509765625e-05,7.343292236328125e-05,7.724761962890625e-05,8.106231689453125e-05,8.392333984375001e-05,8.869171142578126e-05,0.000111579895019," 0.000152587890625]""",0.000196456909179,7.62939453125e-05,2.288018941879272,0.026053048670291002,0.0008974075317380001,0.000175476074218,0.0006132125854490001,0.0006132125854490001,0.506597222222222,0.5067129629629631,0.00011574074074
1604402282212,160440228221,2,0,104792458301,0.996666669845581,"""[5.626678466796876e-05",6.008148193359376e-05,6.389617919921875e-05,6.771087646484375e-05,7.152557373046875e-05,7.534027099609375e-05,7.915496826171875e-05,8.296966552734376e-05,8.678436279296876e-05,0.00010871887207," 0.00019931793212800002]""",0.00021076202392500003,7.43865966796875e-05,1.9886256456375122,0.024986980482935003,0.0008974075317380001,0.000175476074218,0.000603675842285,0.000603675842285,0.502893518518518,0.503009259259259,0.00011574074074
1604402282212,160440228221,2,0,104792458301,0.996666669845581,"""[5.531311035156251e-05",5.912780761718751e-05,6.389617919921875e-05,6.771087646484375e-05,7.152557373046875e-05,7.62939453125e-05,8.0108642578125e-05,8.392333984375001e-05,8.964538574218751e-05,0.000113487243652," 0.0006265640258780001]""",0.0006265640258780001,7.915496826171875e-05,2.25325608253479,0.030762542039155003,0.0008974075317380001,0.000175476074218,0.000619888305664,0.0006189346313470001,0.5087962962962961,0.508912037037037,0.00011574074074
1604402282212,160440228221,2,0,104792458301,1.0,"""[5.626678466796876e-05",5.912780761718751e-05,6.29425048828125e-05,6.67572021484375e-05,7.05718994140625e-05,7.43865966796875e-05,7.82012939453125e-05,8.20159912109375e-05,8.583068847656251e-05,0.00010204315185500001," 0.000422477722167]""",0.000422477722167,7.343292236328125e-05,1.8477221727371211,0.022776493802666,0.0008974075317380001,0.000175476074218,0.000604629516601,0.000603675842285,0.50324074074074,0.503356481481481,0.00011574074074
1604402282212,160440228221,2,0,104792458301,1.0,"""[5.626678466796876e-05",6.008148193359376e-05,6.389617919921875e-05,6.771087646484375e-05,7.05718994140625e-05,7.43865966796875e-05,7.82012939453125e-05,8.20159912109375e-05,8.583068847656251e-05,0.00010204315185500001," 0.000154495239257]""",0.00018119812011700001,7.152557373046875e-05,1.788659572601318,0.021849924698472002,0.0008974075317380001,0.000175476074218,0.000604629516601,0.000603675842285,0.503356481481481,0.503472222222222,0.00011574074074
1604402282212,160440228221,2,0,104792458301,0.996666669845581,"""[6.198883056640625e-05",6.4849853515625e-05,6.866455078125e-05,7.152557373046875e-05,7.534027099609375e-05,7.915496826171875e-05,8.20159912109375e-05,8.583068847656251e-05,9.441375732421876e-05,0.000113487243652," 0.00021362304687500003]""",0.00021362304687500003,8.0108642578125e-05,2.412450551986694,0.028933968394994004,0.0008974075317380001,0.000175476074218,0.0006141662597650001,0.0006141662597650001,0.507291666666666,0.5074074074074071,0.00011574074074
1604402282212,160440228221,2,0,104792458301,1.0,"""[6.389617919921875e-05",6.67572021484375e-05,7.05718994140625e-05,7.343292236328125e-05,7.62939453125e-05,7.915496826171875e-05,8.296966552734376e-05,8.583068847656251e-05,9.441375732421876e-05,0.000116348266601," 0.00017833709716700002]""",0.000222206115722,8.296966552734376e-05,2.515160083770752,0.027146304026246,0.0008974075317380001,0.000175476074218,0.000612258911132,0.000611305236816,0.505671296296296,0.5057870370370371,0.00011574074074
1604402282212,160440228221,2,0,104792458301,1.0,"""[5.626678466796876e-05",6.008148193359376e-05,6.389617919921875e-05,6.771087646484375e-05,7.2479248046875e-05,7.62939453125e-05,8.0108642578125e-05,8.392333984375001e-05,8.964538574218751e-05,0.000112533569335," 0.000179290771484]""",0.000226020812988,7.724761962890625e-05,3.496879577636718,0.025554073974490003,0.0008974075317380001,0.000175476074218,0.000615119934082,0.000615119934082,0.507754629629629,0.5078703703703701,0.00011574074074
1604402282212,160440228221,2,0,104792458301,1.0,"""[5.817413330078126e-05",6.103515625e-05,6.4849853515625e-05,6.866455078125e-05,7.2479248046875e-05,7.62939453125e-05,8.0108642578125e-05,8.392333984375001e-05,8.773803710937501e-05,0.000109672546386," 0.0006179809570310001]""",0.000619888305664,7.82012939453125e-05,2.359683036804199,0.023267889395356,0.0008974075317380001,0.000175476074218,0.000591278076171,0.000590324401855,0.500231481481481,0.500347222222222,0.00011574074074
1604402282212,160440228221,2,0,104792458301,1.0,"""[5.340576171875001e-05",5.722045898437501e-05,6.103515625e-05,6.4849853515625e-05,6.961822509765625e-05,7.343292236328125e-05,7.724761962890625e-05,8.106231689453125e-05,8.487701416015626e-05,9.250640869140626e-05," 0.000130653381347]""",0.00021743774414,6.771087646484375e-05,2.218985557556152,0.020168840885162003,0.0008974075317380001,0.000175476074218,0.0006008148193350001,0.0005998611450190001,0.502199074074074,0.502314814814814,0.00011574074074
1604402282212,160440228221,2,0,104792458301,1.0,"""[5.817413330078126e-05",6.103515625e-05,6.4849853515625e-05,6.866455078125e-05,7.2479248046875e-05,7.62939453125e-05,8.106231689453125e-05,8.487701416015626e-05,8.964538574218751e-05,0.000112533569335," 0.00020885467529200002]""",0.00021743774414,7.82012939453125e-05,2.266456127166748,0.027593862265348,0.0008974075317380001,0.000175476074218,0.000619888305664,0.000619888305664,0.508912037037037,0.5090277777777771,0.00011574074074
1604402282212,160440228221,2,0,104792458301,0.9933333396911621,"""[5.722045898437501e-05",6.103515625e-05,6.389617919921875e-05,6.771087646484375e-05,7.152557373046875e-05,7.534027099609375e-05,7.82012939453125e-05,8.20159912109375e-05,8.583068847656251e-05,9.918212890625001e-05," 0.00013828277587800002]""",0.000279426574707,7.152557373046875e-05,1.9886256456375122,0.024986980482935003,0.0008974075317380001,0.000175476074218,0.000604629516601,0.000603675842285,0.5031249999999999,0.50324074074074,0.00011574074074
1604402282212,160440228221,2,0,104792458301,1.0,"""[6.198883056640625e-05",6.4849853515625e-05,6.866455078125e-05,7.152557373046875e-05,7.534027099609375e-05,7.82012939453125e-05,8.20159912109375e-05,8.583068847656251e-05,9.250640869140626e-05,0.000113487243652," 0.001056671142578]""",0.0010528564453120002,8.392333984375001e-05,2.270000696182251,0.026742998510599,0.0008974075317380001,0.000175476074218,0.000621795654296,0.00062084197998,0.5092592592592591,0.509375,0.00011574074074
1604402282212,160440228221,2,0,104792458301,1.0,"""[5.245208740234376e-05",5.626678466796876e-05,6.103515625e-05,6.4849853515625e-05,6.961822509765625e-05,7.343292236328125e-05,7.82012939453125e-05,8.20159912109375e-05,8.678436279296876e-05,0.000106811523437," 0.000914573669433]""",0.0009117126464840001,7.43865966796875e-05,1.745657086372375,0.022816011682152002,0.0008974075317380001,0.000175476074218,0.00059700012207,0.0005950927734370001,0.50162037037037,0.501736111111111,0.00011574074074
1604402282212,160440228221,2,0,104792458301,0.9933333396911621,"""[5.912780761718751e-05",6.29425048828125e-05,6.67572021484375e-05,7.05718994140625e-05,7.343292236328125e-05,7.724761962890625e-05,8.106231689453125e-05,8.487701416015626e-05,9.441375732421876e-05,0.00011730194091700002," 0.000221252441406]""",0.000258445739746,8.106231689453125e-05,1.7974412441253662,0.022733794525265003,0.0008974075317380001,0.000175476074218,0.0006074905395500001,0.0006065368652340001,0.503819444444444,0.503935185185185,0.00011574074074
1604402282212,160440228221,2,0,104792458301,0.996666669845581,"""[6.29425048828125e-05",6.580352783203125e-05,6.961822509765625e-05,7.2479248046875e-05,7.534027099609375e-05,7.915496826171875e-05,8.20159912109375e-05,8.583068847656251e-05,9.250640869140626e-05,0.000113487243652," 0.00014591217041000002]""",0.00035381317138600003,8.20159912109375e-05,2.4600601196289062,0.027798494324088003,0.0008974075317380001,0.000175476074218,0.0006132125854490001,0.000612258911132,0.506134259259259,0.5062500000000001,0.00011574074074
1604402282212,160440228221,2,0,104792458301,1.0,"""[5.626678466796876e-05",6.008148193359376e-05,6.4849853515625e-05,6.866455078125e-05,7.2479248046875e-05,7.724761962890625e-05,8.106231689453125e-05,8.487701416015626e-05,9.346008300781251e-05,0.000116348266601," 0.000514030456542]""",0.000516891479492,8.20159912109375e-05,3.465970993041992,0.025683520361781002,0.0008974075317380001,0.000175476074218,0.000617027282714,0.000617027282714,0.5081018518518511,0.508217592592592,0.00011574074074
1604402282212,160440228221,2,0,104792458301,1.0,"""[5.912780761718751e-05",6.29425048828125e-05,6.67572021484375e-05,7.05718994140625e-05,7.343292236328125e-05,7.724761962890625e-05,8.106231689453125e-05,8.487701416015626e-05,9.059906005859376e-05,0.000115394592285," 0.000532150268554]""",0.000532150268554,8.0108642578125e-05,2.332189321517944,0.02283346094191,0.0008974075317380001,0.000175476074218,0.000591278076171,0.000590324401855,0.500462962962963,0.500578703703703,0.00011574074074
1604402282212,160440228221,2,0,104792458301,1.0,"""[6.29425048828125e-05",6.580352783203125e-05,6.961822509765625e-05,7.2479248046875e-05,7.62939453125e-05,7.915496826171875e-05,8.296966552734376e-05,8.583068847656251e-05,9.441375732421876e-05,0.000116348266601," 0.000226020812988]""",0.000226020812988,8.296966552734376e-05,2.288018941879272,0.026053048670291002,0.0008974075317380001,0.000175476074218,0.0006132125854490001,0.000612258911132,0.50636574074074,0.5064814814814811,0.00011574074074
1604402282212,160440228221,2,0,104792458301,1.0,"""[5.626678466796876e-05",5.912780761718751e-05,6.29425048828125e-05,6.67572021484375e-05,7.05718994140625e-05,7.43865966796875e-05,7.82012939453125e-05,8.20159912109375e-05,8.583068847656251e-05,0.00010204315185500001," 0.00041961669921800006]""",0.000422477722167,7.2479248046875e-05,2.218985557556152,0.020168840885162003,0.0008974075317380001,0.000175476074218,0.0006017684936520001,0.0006017684936520001,0.502546296296296,0.502662037037037,0.00011574074074
1604402282212,160440228221,2,0,104792458301,1.0,"""[5.626678466796876e-05",6.008148193359376e-05,6.389617919921875e-05,6.771087646484375e-05,7.152557373046875e-05,7.534027099609375e-05,8.0108642578125e-05,8.392333984375001e-05,8.773803710937501e-05,0.000109672546386," 0.000543594360351]""",0.000542640686035,7.62939453125e-05,2.142366409301757,0.024235384538769,0.0008974075317380001,0.000175476074218,0.000608444213867,0.000608444213867,0.504629629629629,0.50474537037037,0.00011574074074
1604402282212,160440228221,2,0,104792458301,0.996666669845581,"""[5.626678466796876e-05",6.008148193359376e-05,6.389617919921875e-05,6.866455078125e-05,7.2479248046875e-05,7.62939453125e-05,8.106231689453125e-05,8.487701416015626e-05,9.250640869140626e-05,0.000113487243652," 0.000555992126464]""",0.000554084777832,7.915496826171875e-05,2.288018941879272,0.026053048670291002,0.0008974075317380001,0.000175476074218,0.0006132125854490001,0.0006132125854490001,0.5067129629629631,0.506828703703703,0.00011574074074
1604402282212,160440228221,2,0,104792458301,1.0,"""[5.149841308593751e-05",5.626678466796876e-05,6.103515625e-05,6.4849853515625e-05,6.961822509765625e-05,7.43865966796875e-05,7.915496826171875e-05,8.296966552734376e-05,8.773803710937501e-05,0.000110626220703," 0.00023269653320300002]""",0.00025177001953100004,7.534027099609375e-05,2.25325608253479,0.030762542039155003,0.0008974075317380001,0.000175476074218,0.000619888305664,0.0006189346313470001,0.508680555555555,0.5087962962962961,0.00011574074074
1604402282212,160440228221,2,0,104792458301,1.0,"""[5.435943603515626e-05",5.817413330078126e-05,6.198883056640625e-05,6.580352783203125e-05,6.961822509765625e-05,7.343292236328125e-05,7.82012939453125e-05,8.20159912109375e-05,8.583068847656251e-05,0.00010013580322200001," 0.0004911422729490001]""",0.000490188598632,7.2479248046875e-05,2.142366409301757,0.024235384538769,0.0008974075317380001,0.000175476074218,0.000609397888183,0.000608444213867,0.5048611111111111,0.504976851851851,0.00011574074074
1604402282212,160440228221,2,0,104792458301,1.0,"""[5.912780761718751e-05",6.29425048828125e-05,6.771087646484375e-05,7.152557373046875e-05,7.534027099609375e-05,7.915496826171875e-05,8.392333984375001e-05,8.773803710937501e-05,0.00010299682617100001,0.00011920928955000001," 0.00016403198242100002]""",0.00017833709716700002,8.487701416015626e-05,2.288018941879272,0.026053048670291002,0.0008974075317380001,0.000175476074218,0.0006132125854490001,0.0006132125854490001,0.506828703703703,0.5069444444444441,0.00011574074074
1604402282212,160440228221,2,0,104792458301,1.0,"""[6.103515625e-05",6.4849853515625e-05,6.866455078125e-05,7.152557373046875e-05,7.534027099609375e-05,7.82012939453125e-05,8.20159912109375e-05,8.487701416015626e-05,9.250640869140626e-05,0.000114440917968," 0.00037670135498000005]""",0.000378608703613,8.20159912109375e-05,2.270000696182251,0.026742998510599,0.0008974075317380001,0.000175476074218,0.00062084197998,0.00062084197998,0.509143518518518,0.5092592592592591,0.00011574074074
1604402282212,160440228221,2,0,104792458301,0.996666669845581,"""[5.722045898437501e-05",6.103515625e-05,6.4849853515625e-05,6.866455078125e-05,7.2479248046875e-05,7.62939453125e-05,8.0108642578125e-05,8.392333984375001e-05,8.773803710937501e-05,0.000111579895019," 0.000482559204101]""",0.000481605529785,7.62939453125e-05,1.9885225296020501,0.024136308580636003,0.0008974075317380001,0.000175476074218,0.0005950927734370001,0.0005950927734370001,0.501388888888888,0.501504629629629,0.00011574074074
1604402282212,160440228221,2,0,104792458301,0.996666669845581,"""[6.008148193359376e-05",6.389617919921875e-05,6.771087646484375e-05,7.05718994140625e-05,7.43865966796875e-05,7.82012939453125e-05,8.20159912109375e-05,8.487701416015626e-05,9.250640869140626e-05,0.000116348266601," 0.00021362304687500003]""",0.000284194946289,8.0108642578125e-05,2.662639617919921,0.028154188767075,0.0008974075317380001,0.000175476074218,0.000615119934082,0.0006141662597650001,0.507523148148148,0.5076388888888881,0.00011574074074
1604402282212,160440228221,2,0,104792458301,1.0,"""[6.198883056640625e-05",6.580352783203125e-05,6.866455078125e-05,7.2479248046875e-05,7.62939453125e-05,8.0108642578125e-05,8.392333984375001e-05,8.773803710937501e-05,0.00010299682617100001,0.00012016296386700001," 0.00027847290039]""",0.000279426574707,8.487701416015626e-05,2.413158178329467,0.024112848564982,0.0008974075317380001,0.000175476074218,0.000590324401855,0.0005884170532220001,0.5001157407407401,0.500231481481481,0.00011574074074
1604402282212,160440228221,2,0,104792458301,0.996666669845581,"""[5.722045898437501e-05",6.103515625e-05,6.4849853515625e-05,6.866455078125e-05,7.2479248046875e-05,7.62939453125e-05,8.0108642578125e-05,8.392333984375001e-05,8.773803710937501e-05,0.000111579895019," 0.0005455017089840001]""",0.000544548034667,7.82012939453125e-05,1.807628393173217,0.023759128525853,0.0008974075317380001,0.000175476074218,0.0006074905395500001,0.0006065368652340001,0.504166666666666,0.504282407407407,0.00011574074074
1604402282212,160440228221,2,0,104792458301,1.0,"""[6.008148193359376e-05",6.389617919921875e-05,6.771087646484375e-05,7.05718994140625e-05,7.43865966796875e-05,7.82012939453125e-05,8.20159912109375e-05,8.583068847656251e-05,9.441375732421876e-05,0.000114440917968," 0.0010604858398430002]""",0.001062393188476,8.487701416015626e-05,2.288018941879272,0.026053048670291002,0.0008974075317380001,0.000175476074218,0.0006132125854490001,0.0006132125854490001,0.5064814814814811,0.506597222222222,0.00011574074074
1604402282212,160440228221,2,0,104792458301,0.996666669845581,"""[5.722045898437501e-05",6.103515625e-05,6.4849853515625e-05,6.866455078125e-05,7.2479248046875e-05,7.62939453125e-05,8.0108642578125e-05,8.392333984375001e-05,8.773803710937501e-05,0.000109672546386," 0.000848770141601]""",0.000849723815917,7.724761962890625e-05,2.824229478836059,0.023488022387027,0.0008974075317380001,0.000175476074218,0.0006103515625,0.000609397888183,0.5050925925925921,0.505208333333333,0.00011574074074
1604402282212,160440228221,2,0,104792458301,0.996666669845581,"""[6.29425048828125e-05",6.67572021484375e-05,6.961822509765625e-05,7.343292236328125e-05,7.62939453125e-05,7.915496826171875e-05,8.296966552734376e-05,8.583068847656251e-05,9.632110595703126e-05,0.000115394592285," 0.0001802444458]""",0.000186920166015,8.20159912109375e-05,2.412450551986694,0.028933968394994004,0.0008974075317380001,0.000175476074218,0.0006141662597650001,0.0006132125854490001,0.507060185185185,0.5071759259259261,0.00011574074074
1604402282212,160440228221,2,0,104792458301,1.0,"""[5.626678466796876e-05",6.008148193359376e-05,6.389617919921875e-05,6.771087646484375e-05,7.152557373046875e-05,7.43865966796875e-05,7.82012939453125e-05,8.20159912109375e-05,8.583068847656251e-05,0.00010204315185500001," 0.00016975402832]""",0.000170707702636,7.05718994140625e-05,1.745657086372375,0.022816011682152002,0.0008974075317380001,0.000175476074218,0.0005950927734370001,0.0005950927734370001,0.501504629629629,0.50162037037037,0.00011574074074
1604402282212,160440228221,2,0,104792458301,1.0,"""[5.722045898437501e-05",6.103515625e-05,6.4849853515625e-05,6.866455078125e-05,7.2479248046875e-05,7.62939453125e-05,7.915496826171875e-05,8.296966552734376e-05,8.678436279296876e-05,0.000106811523437," 0.000442504882812]""",0.000443458557128,7.43865966796875e-05,1.788659572601318,0.021849924698472002,0.0008974075317380001,0.000175476074218,0.000604629516601,0.000604629516601,0.503472222222222,0.503587962962962,0.00011574074074
1604402282212,160440228221,2,0,104792458301,1.0,"""[5.149841308593751e-05",5.626678466796876e-05,6.008148193359376e-05,6.389617919921875e-05,6.771087646484375e-05,7.152557373046875e-05,7.62939453125e-05,8.0108642578125e-05,8.392333984375001e-05,8.773803710937501e-05," 0.000442504882812]""",0.00043773651123000005,6.961822509765625e-05,1.745657086372375,0.022816011682152002,0.0008974075317380001,0.000175476074218,0.0005989074707030001,0.0005989074707030001,0.501851851851851,0.501967592592592,0.00011574074074
1604402282212,160440228221,2,0,104792458301,1.0,"""[5.340576171875001e-05",5.817413330078126e-05,6.198883056640625e-05,6.67572021484375e-05,7.152557373046875e-05,7.534027099609375e-05,8.0108642578125e-05,8.392333984375001e-05,9.155273437500001e-05,0.000114440917968," 0.0005407333374020001]""",0.000554084777832,8.20159912109375e-05,2.344338417053222,0.026624441146850003,0.0008974075317380001,0.000175476074218,0.0006132125854490001,0.000612258911132,0.5062500000000001,0.50636574074074,0.00011574074074
1604402282212,160440228221,2,0,104792458301,1.0,"""[5.340576171875001e-05",5.722045898437501e-05,6.198883056640625e-05,6.580352783203125e-05,6.961822509765625e-05,7.343292236328125e-05,7.82012939453125e-05,8.20159912109375e-05,8.583068847656251e-05,0.00010490417480400001," 0.00099754333496]""",0.0009899139404290001,7.534027099609375e-05,1.886853456497192,0.023871850222349,0.0008974075317380001,0.000175476074218,0.000608444213867,0.0006065368652340001,0.504398148148148,0.504513888888888,0.00011574074074
1604402282212,160440228221,2,0,104792458301,0.996666669845581,"""[5.245208740234376e-05",5.626678466796876e-05,6.103515625e-05,6.4849853515625e-05,6.866455078125e-05,7.2479248046875e-05,7.724761962890625e-05,8.106231689453125e-05,8.487701416015626e-05,9.918212890625001e-05," 0.00016784667968700002]""",0.00017261505126900002,7.152557373046875e-05,2.188101291656494,0.024185257032513,0.0008974075317380001,0.000175476074218,0.000609397888183,0.000609397888183,0.504976851851851,0.5050925925925921,0.00011574074074
1604402282212,160440228221,2,0,104792458301,1.0,"""[5.531311035156251e-05",5.912780761718751e-05,6.29425048828125e-05,6.771087646484375e-05,7.152557373046875e-05,7.534027099609375e-05,7.915496826171875e-05,8.296966552734376e-05,8.678436279296876e-05,0.00010585784912100001," 0.000126838684082]""",0.00015068054199200001,7.43865966796875e-05,2.824229478836059,0.023488022387027,0.0008974075317380001,0.000175476074218,0.0006103515625,0.0006103515625,0.505208333333333,0.5053240740740741,0.00011574074074
1604402282212,160440228221,2,0,104792458301,1.0,"""[5.531311035156251e-05",5.912780761718751e-05,6.29425048828125e-05,6.67572021484375e-05,7.05718994140625e-05,7.43865966796875e-05,7.82012939453125e-05,8.296966552734376e-05,8.678436279296876e-05,0.00010490417480400001," 0.00024127960205000003]""",0.00024318695068300001,7.343292236328125e-05,1.788659572601318,0.021849924698472002,0.0008974075317380001,0.000175476074218,0.0006065368652340001,0.000604629516601,0.503587962962962,0.503703703703703,0.00011574074074
