UniqJobId,collection_id,instance_index,priority,machine_id,sample_rate,cpu_usage_distribution1,cpu_usage_distribution2,cpu_usage_distribution3,cpu_usage_distribution4,cpu_usage_distribution5,cpu_usage_distribution6,cpu_usage_distribution7,cpu_usage_distribution8,cpu_usage_distribution9,cpu_usage_distribution10,cpu_usage_distribution11,max_cpu,avg_cpu,cycles_per_instruction,memory_accesses_per_instruction,assigned_memory,page_cache_memory,max_memory,avg_memory,start_time,end_time,time_window
1863400528972,186340052897,2,0,62183951357,1.0,"""[5.817413330078126e-05",6.198883056640625e-05,6.580352783203125e-05,6.866455078125e-05,7.2479248046875e-05,7.62939453125e-05,8.0108642578125e-05,8.392333984375001e-05,8.773803710937501e-05,0.000112533569335," 0.000597953796386]""",0.000597953796386,7.82012939453125e-05,2.158212661743164,0.022215450182557002,0.0009918212890620002,3.0517578125e-05,0.000543594360351,0.000543594360351,0.501967592592592,0.502083333333333,0.00011574074074
1863400528972,186340052897,2,0,62183951357,1.0,"""[5.722045898437501e-05",6.103515625e-05,6.4849853515625e-05,6.771087646484375e-05,7.152557373046875e-05,7.534027099609375e-05,7.915496826171875e-05,8.20159912109375e-05,8.583068847656251e-05,0.00010204315185500001," 0.0006027221679680001]""",0.000609397888183,7.534027099609375e-05,1.896615982055664,0.024359181523323004,0.0009918212890620002,3.0517578125e-05,0.000531196594238,0.000530242919921,0.5001157407407401,0.500231481481481,0.00011574074074
1863400528972,186340052897,2,0,62183951357,1.0,"""[5.531311035156251e-05",5.912780761718751e-05,6.29425048828125e-05,6.67572021484375e-05,7.05718994140625e-05,7.43865966796875e-05,7.82012939453125e-05,8.20159912109375e-05,8.583068847656251e-05,0.00010204315185500001," 0.00014591217041000002]""",0.00020408630371000002,7.05718994140625e-05,1.896615982055664,0.024359181523323004,0.0009918212890620002,3.0517578125e-05,0.000532150268554,0.000532150268554,0.500231481481481,0.500347222222222,0.00011574074074
1863400528972,186340052897,2,0,62183951357,1.0,"""[5.817413330078126e-05",6.198883056640625e-05,6.580352783203125e-05,6.961822509765625e-05,7.343292236328125e-05,7.724761962890625e-05,8.106231689453125e-05,8.487701416015626e-05,9.059906005859376e-05,0.00011825561523400002," 0.000592231750488]""",0.000590324401855,8.106231689453125e-05,2.200703144073486,0.022681768983602003,0.0009918212890620002,3.0517578125e-05,0.0005455017089840001,0.000544548034667,0.502199074074074,0.502314814814814,0.00011574074074
1863400528972,186340052897,2,0,62183951357,1.0,"""[5.817413330078126e-05",6.103515625e-05,6.4849853515625e-05,6.866455078125e-05,7.152557373046875e-05,7.534027099609375e-05,7.915496826171875e-05,8.20159912109375e-05,8.583068847656251e-05,0.00010395050048800001," 0.000380516052246]""",0.00037479400634700004,7.915496826171875e-05,1.9860795736312862,0.025987094268202,0.0009918212890620002,3.147125244140625e-05,0.000555038452148,0.000554084777832,0.504282407407407,0.504398148148148,0.00011574074074
1863400528972,186340052897,2,0,62183951357,0.996666669845581,"""[6.961822509765625e-05",7.2479248046875e-05,7.62939453125e-05,7.915496826171875e-05,8.296966552734376e-05,8.583068847656251e-05,9.250640869140626e-05,0.00010490417480400001,0.000116348266601,0.000128746032714," 0.00113296508789]""",0.0011119842529290001,9.727478027343751e-05,3.277197360992431,0.026245830580592003,0.0009918212890620002,3.147125244140625e-05,0.000568389892578,0.0005655288696280001,0.506597222222222,0.5067129629629631,0.00011574074074
1863400528972,186340052897,2,0,62183951357,1.0,"""[5.435943603515626e-05",5.912780761718751e-05,6.29425048828125e-05,6.67572021484375e-05,7.152557373046875e-05,7.534027099609375e-05,8.0108642578125e-05,8.392333984375001e-05,8.869171142578126e-05,0.000113487243652," 0.000638961791992]""",0.000638961791992,8.106231689453125e-05,3.3743550777435303,0.025470769032835003,0.0009918212890620002,3.147125244140625e-05,0.0005569458007810001,0.000555992126464,0.504976851851851,0.5050925925925921,0.00011574074074
1863400528972,186340052897,2,0,62183951357,1.0,"""[5.817413330078126e-05",6.198883056640625e-05,6.580352783203125e-05,6.961822509765625e-05,7.2479248046875e-05,7.62939453125e-05,8.0108642578125e-05,8.392333984375001e-05,8.678436279296876e-05,0.00010871887207," 0.00018405914306600003]""",0.00018405914306600003,7.62939453125e-05,1.679750323295593,0.022460762411355,0.0009918212890620002,3.0517578125e-05,0.000550270080566,0.000550270080566,0.50324074074074,0.503356481481481,0.00011574074074
1863400528972,186340052897,2,0,62183951357,1.0,"""[5.817413330078126e-05",6.198883056640625e-05,6.4849853515625e-05,6.866455078125e-05,7.152557373046875e-05,7.534027099609375e-05,7.915496826171875e-05,8.20159912109375e-05,8.583068847656251e-05,9.918212890625001e-05," 0.00047016143798800006]""",0.00047016143798800006,7.724761962890625e-05,1.679750323295593,0.022460762411355,0.0009918212890620002,3.0517578125e-05,0.000551223754882,0.000550270080566,0.503356481481481,0.503472222222222,0.00011574074074
1863400528972,186340052897,2,0,62183951357,0.996666669845581,"""[5.817413330078126e-05",6.198883056640625e-05,6.580352783203125e-05,6.961822509765625e-05,7.2479248046875e-05,7.62939453125e-05,8.0108642578125e-05,8.392333984375001e-05,8.773803710937501e-05,0.000110626220703," 0.0005044937133780001]""",0.0005035400390620001,7.82012939453125e-05,2.14288067817688,0.02156370319426,0.0009918212890620002,3.0517578125e-05,0.0005416870117180001,0.0005416870117180001,0.501504629629629,0.50162037037037,0.00011574074074
1863400528972,186340052897,2,0,62183951357,1.0,"""[5.626678466796876e-05",6.008148193359376e-05,6.389617919921875e-05,6.771087646484375e-05,7.152557373046875e-05,7.534027099609375e-05,7.915496826171875e-05,8.296966552734376e-05,8.678436279296876e-05,0.000110626220703," 0.00017738342285100002]""",0.00037765502929600005,7.534027099609375e-05,2.14830470085144,0.021794270724058002,0.0009918212890620002,3.0517578125e-05,0.000542640686035,0.0005416870117180001,0.50162037037037,0.501736111111111,0.00011574074074
1863400528972,186340052897,2,0,62183951357,0.996666669845581,"""[5.626678466796876e-05",6.008148193359376e-05,6.389617919921875e-05,6.771087646484375e-05,7.152557373046875e-05,7.534027099609375e-05,7.915496826171875e-05,8.296966552734376e-05,8.678436279296876e-05,0.00010871887207," 0.0005149841308590001]""",0.000514030456542,7.724761962890625e-05,2.9303557872772212,0.0238369833678,0.0009918212890620002,3.0517578125e-05,0.000554084777832,0.000554084777832,0.503587962962962,0.503703703703703,0.00011574074074
1863400528972,186340052897,2,0,62183951357,1.0,"""[6.961822509765625e-05",7.2479248046875e-05,7.534027099609375e-05,7.82012939453125e-05,8.0108642578125e-05,8.296966552734376e-05,8.583068847656251e-05,9.059906005859376e-05,0.000106811523437,0.0001220703125," 0.00019454956054600002]""",0.000195503234863,9.059906005859376e-05,2.161908626556396,0.023315971717238003,0.0009918212890620002,3.147125244140625e-05,0.000561714172363,0.000560760498046,0.5055555555555551,0.505671296296296,0.00011574074074
1863400528972,186340052897,2,0,62183951357,1.0,"""[5.531311035156251e-05",5.912780761718751e-05,6.29425048828125e-05,6.67572021484375e-05,7.152557373046875e-05,7.534027099609375e-05,7.915496826171875e-05,8.296966552734376e-05,8.678436279296876e-05,0.000107765197753," 0.001092910766601]""",0.0010910034179680002,7.82012939453125e-05,2.158212661743164,0.022215450182557002,0.0009918212890620002,3.0517578125e-05,0.000543594360351,0.000542640686035,0.501736111111111,0.501851851851851,0.00011574074074
1863400528972,186340052897,2,0,62183951357,1.0,"""[5.722045898437501e-05",6.103515625e-05,6.4849853515625e-05,6.866455078125e-05,7.2479248046875e-05,7.62939453125e-05,8.0108642578125e-05,8.392333984375001e-05,8.773803710937501e-05,0.000112533569335," 0.0009822845458980001]""",0.000984191894531,7.915496826171875e-05,2.9303557872772212,0.0238369833678,0.0009918212890620002,3.0517578125e-05,0.000554084777832,0.000554084777832,0.503819444444444,0.503935185185185,0.00011574074074
1863400528972,186340052897,2,0,62183951357,1.0,"""[5.340576171875001e-05",5.722045898437501e-05,6.198883056640625e-05,6.580352783203125e-05,6.961822509765625e-05,7.343292236328125e-05,7.724761962890625e-05,8.20159912109375e-05,8.583068847656251e-05,0.00010204315185500001," 0.000689506530761]""",0.000689506530761,7.43865966796875e-05,1.896615982055664,0.024359181523323004,0.0009918212890620002,3.0517578125e-05,0.000536918640136,0.0005340576171870001,0.500347222222222,0.500462962962963,0.00011574074074
1863400528972,186340052897,2,0,62183951357,1.0,"""[6.4849853515625e-05",6.866455078125e-05,7.2479248046875e-05,7.534027099609375e-05,7.915496826171875e-05,8.296966552734376e-05,8.678436279296876e-05,9.727478027343751e-05,0.000110626220703,0.000124931335449," 0.000284194946289]""",0.000308036804199,9.059906005859376e-05,3.399190425872802,0.023131359368562,0.0009918212890620002,3.147125244140625e-05,0.0005636215209960001,0.000562667846679,0.5062500000000001,0.50636574074074,0.00011574074074
1863400528972,186340052897,2,0,62183951357,1.0,"""[6.389617919921875e-05",6.771087646484375e-05,7.05718994140625e-05,7.343292236328125e-05,7.62939453125e-05,8.0108642578125e-05,8.296966552734376e-05,8.583068847656251e-05,9.536743164062501e-05,0.00012111663818300001," 0.00023460388183500002]""",0.00023460388183500002,8.392333984375001e-05,2.470854043960571,0.027781240642070004,0.0009918212890620002,3.147125244140625e-05,0.000577926635742,0.0005769729614250001,0.5083333333333331,0.508449074074074,0.00011574074074
1863400528972,186340052897,2,0,62183951357,0.996666669845581,"""[6.4849853515625e-05",6.771087646484375e-05,7.05718994140625e-05,7.43865966796875e-05,7.724761962890625e-05,8.106231689453125e-05,8.392333984375001e-05,8.773803710937501e-05,0.00010490417480400001,0.000124931335449," 0.00022888183593700002]""",0.00024127960205000003,8.773803710937501e-05,3.399190425872802,0.023131359368562,0.0009918212890620002,3.147125244140625e-05,0.0005645751953120001,0.0005645751953120001,0.5064814814814811,0.506597222222222,0.00011574074074
1863400528972,186340052897,2,0,62183951357,1.0,"""[6.29425048828125e-05",6.580352783203125e-05,6.961822509765625e-05,7.2479248046875e-05,7.62939453125e-05,7.915496826171875e-05,8.296966552734376e-05,8.583068847656251e-05,9.727478027343751e-05,0.00011920928955000001," 0.0006494522094720001]""",0.0006494522094720001,8.583068847656251e-05,2.44050669670105,0.027491256594657003,0.0009918212890620002,3.147125244140625e-05,0.000577926635742,0.0005769729614250001,0.508449074074074,0.5085648148148141,0.00011574074074
1863400528972,186340052897,2,0,62183951357,1.0,"""[5.722045898437501e-05",6.008148193359376e-05,6.389617919921875e-05,6.771087646484375e-05,7.152557373046875e-05,7.534027099609375e-05,7.915496826171875e-05,8.20159912109375e-05,8.583068847656251e-05,0.00010204315185500001," 0.000185966491699]""",0.00022029876708900002,7.343292236328125e-05,1.8350670337677002,0.023672394454479002,0.0009918212890620002,3.0517578125e-05,0.000537872314453,0.000537872314453,0.500694444444444,0.500810185185185,0.00011574074074
1863400528972,186340052897,2,0,62183951357,1.0,"""[5.722045898437501e-05",6.103515625e-05,6.4849853515625e-05,6.866455078125e-05,7.2479248046875e-05,7.62939453125e-05,8.0108642578125e-05,8.392333984375001e-05,8.678436279296876e-05,0.000114440917968," 0.00019741058349600002]""",0.000276565551757,7.62939453125e-05,3.3743550777435303,0.025470769032835003,0.0009918212890620002,3.147125244140625e-05,0.000558853149414,0.0005578994750970001,0.5050925925925921,0.505208333333333,0.00011574074074
1863400528972,186340052897,2,0,62183951357,1.0,"""[6.29425048828125e-05",6.67572021484375e-05,7.05718994140625e-05,7.43865966796875e-05,7.82012939453125e-05,8.20159912109375e-05,8.583068847656251e-05,9.441375732421876e-05,0.000111579895019,0.000127792358398," 0.000196456909179]""",0.000196456909179,9.059906005859376e-05,3.732576608657836,0.024135470390319002,0.0009918212890620002,3.147125244140625e-05,0.000579833984375,0.000579833984375,0.5092592592592591,0.509375,0.00011574074074
1863400528972,186340052897,2,0,62183951357,1.0,"""[5.626678466796876e-05",6.008148193359376e-05,6.389617919921875e-05,6.771087646484375e-05,7.152557373046875e-05,7.534027099609375e-05,7.915496826171875e-05,8.296966552734376e-05,8.678436279296876e-05,0.000110626220703," 0.000505447387695]""",0.000505447387695,7.62939453125e-05,2.418987989425659,0.025001363828778003,0.0009918212890620002,3.0517578125e-05,0.000554084777832,0.000554084777832,0.504050925925925,0.504166666666666,0.00011574074074
1863400528972,186340052897,2,0,62183951357,1.0,"""[5.817413330078126e-05",6.103515625e-05,6.4849853515625e-05,6.866455078125e-05,7.2479248046875e-05,7.534027099609375e-05,7.915496826171875e-05,8.296966552734376e-05,8.583068847656251e-05,0.00010585784912100001," 0.00021743774414]""",0.000298500061035,7.43865966796875e-05,1.849865078926086,0.023837517946958,0.0009918212890620002,3.0517578125e-05,0.000536918640136,0.00053596496582,0.500462962962963,0.500578703703703,0.00011574074074
1863400528972,186340052897,2,0,62183951357,0.983333349227905,"""[5.912780761718751e-05",6.198883056640625e-05,6.580352783203125e-05,6.866455078125e-05,7.2479248046875e-05,7.62939453125e-05,7.915496826171875e-05,8.296966552734376e-05,8.583068847656251e-05,0.00010490417480400001," 0.000506401062011]""",0.0008506774902340001,7.915496826171875e-05,3.3743550777435303,0.025470769032835003,0.0009918212890620002,3.147125244140625e-05,0.000555038452148,0.000555038452148,0.50474537037037,0.5048611111111111,0.00011574074074
1863400528972,186340052897,2,0,62183951357,1.0,"""[6.198883056640625e-05",6.580352783203125e-05,6.866455078125e-05,7.2479248046875e-05,7.62939453125e-05,7.915496826171875e-05,8.296966552734376e-05,8.678436279296876e-05,9.918212890625001e-05,0.00012016296386700001," 0.00142478942871]""",0.0014057159423820002,8.773803710937501e-05,2.056989908218383,0.023826546967029003,0.0009918212890620002,3.147125244140625e-05,0.000580787658691,0.000577926635742,0.508680555555555,0.5087962962962961,0.00011574074074
1863400528972,186340052897,2,0,62183951357,1.0,"""[5.531311035156251e-05",5.912780761718751e-05,6.29425048828125e-05,6.67572021484375e-05,7.05718994140625e-05,7.43865966796875e-05,7.82012939453125e-05,8.20159912109375e-05,8.583068847656251e-05,0.00010204315185500001," 0.00015735626220700002]""",0.000359535217285,7.2479248046875e-05,1.8350670337677002,0.023672394454479002,0.0009918212890620002,3.0517578125e-05,0.000537872314453,0.000537872314453,0.500925925925925,0.501041666666666,0.00011574074074
1863400528972,186340052897,2,0,62183951357,1.0,"""[6.771087646484375e-05",7.152557373046875e-05,7.534027099609375e-05,7.82012939453125e-05,8.20159912109375e-05,8.583068847656251e-05,9.155273437500001e-05,0.00010299682617100001,0.000115394592285,0.000126838684082," 0.000623703002929]""",0.0006246566772460001,9.536743164062501e-05,3.219034671783447,0.027730723842978002,0.0009918212890620002,3.147125244140625e-05,0.000567436218261,0.000566482543945,0.506828703703703,0.5069444444444441,0.00011574074074
1863400528972,186340052897,2,0,62183951357,0.996666669845581,"""[6.29425048828125e-05",6.580352783203125e-05,6.866455078125e-05,7.2479248046875e-05,7.534027099609375e-05,7.915496826171875e-05,8.20159912109375e-05,8.487701416015626e-05,9.155273437500001e-05,0.000115394592285," 0.00017738342285100002]""",0.000497817993164,8.296966552734376e-05,3.219034671783447,0.027730723842978002,0.0009918212890620002,3.147125244140625e-05,0.00057029724121,0.000569343566894,0.5071759259259261,0.507291666666666,0.00011574074074
1863400528972,186340052897,2,0,62183951357,0.996666669845581,"""[6.67572021484375e-05",6.961822509765625e-05,7.2479248046875e-05,7.534027099609375e-05,7.82012939453125e-05,8.20159912109375e-05,8.487701416015626e-05,8.773803710937501e-05,0.00010395050048800001,0.000123023986816," 0.00063419342041]""",0.00063419342041,8.964538574218751e-05,2.161908626556396,0.023315971717238003,0.0009918212890620002,3.147125244140625e-05,0.000560760498046,0.000560760498046,0.505439814814814,0.5055555555555551,0.00011574074074
1863400528972,186340052897,2,0,62183951357,1.0,"""[6.103515625e-05",6.389617919921875e-05,6.771087646484375e-05,7.05718994140625e-05,7.43865966796875e-05,7.724761962890625e-05,8.106231689453125e-05,8.392333984375001e-05,8.773803710937501e-05,0.000112533569335," 0.000174522399902]""",0.000430107116699,7.724761962890625e-05,2.158212661743164,0.022215450182557002,0.0009918212890620002,3.0517578125e-05,0.000543594360351,0.000542640686035,0.501851851851851,0.501967592592592,0.00011574074074
1863400528972,186340052897,2,0,62183951357,1.0,"""[5.626678466796876e-05",6.008148193359376e-05,6.389617919921875e-05,6.771087646484375e-05,7.152557373046875e-05,7.534027099609375e-05,7.915496826171875e-05,8.296966552734376e-05,8.678436279296876e-05,0.000110626220703," 0.000161170959472]""",0.00019931793212800002,7.43865966796875e-05,2.158212661743164,0.022215450182557002,0.0009918212890620002,3.0517578125e-05,0.000544548034667,0.000544548034667,0.502083333333333,0.502199074074074,0.00011574074074
1863400528972,186340052897,2,0,62183951357,1.0,"""[5.722045898437501e-05",6.008148193359376e-05,6.389617919921875e-05,6.771087646484375e-05,7.152557373046875e-05,7.534027099609375e-05,7.915496826171875e-05,8.296966552734376e-05,8.583068847656251e-05,0.00010395050048800001," 0.000370025634765]""",0.000714302062988,7.62939453125e-05,1.8350670337677002,0.023672394454479002,0.0009918212890620002,3.0517578125e-05,0.000537872314453,0.000536918640136,0.500810185185185,0.500925925925925,0.00011574074074
1863400528972,186340052897,2,0,62183951357,1.0,"""[6.29425048828125e-05",6.580352783203125e-05,6.961822509765625e-05,7.2479248046875e-05,7.62939453125e-05,7.915496826171875e-05,8.296966552734376e-05,8.583068847656251e-05,9.822845458984376e-05,0.00012111663818300001," 0.000342369079589]""",0.0006856918334960001,8.583068847656251e-05,3.219034671783447,0.027730723842978002,0.0009918212890620002,3.147125244140625e-05,0.000569343566894,0.000568389892578,0.507060185185185,0.5071759259259261,0.00011574074074
1863400528972,186340052897,2,0,62183951357,1.0,"""[6.389617919921875e-05",6.771087646484375e-05,7.152557373046875e-05,7.534027099609375e-05,7.915496826171875e-05,8.296966552734376e-05,8.773803710937501e-05,0.00010204315185500001,0.00011825561523400002,0.00014114379882800002," 0.000680923461914]""",0.0006799697875970001,9.727478027343751e-05,3.492557525634765,0.024091219529509003,0.0009918212890620002,3.147125244140625e-05,0.000579833984375,0.000579833984375,0.509143518518518,0.5092592592592591,0.00011574074074
1863400528972,186340052897,2,0,62183951357,1.0,"""[5.912780761718751e-05",6.29425048828125e-05,6.580352783203125e-05,6.961822509765625e-05,7.2479248046875e-05,7.62939453125e-05,8.0108642578125e-05,8.296966552734376e-05,8.678436279296876e-05,0.000107765197753," 0.00021266937255800001]""",0.00022411346435500002,7.62939453125e-05,2.612035751342773,0.023486690595746002,0.0009918212890620002,3.0517578125e-05,0.000554084777832,0.0005531311035150001,0.503472222222222,0.503587962962962,0.00011574074074
1863400528972,186340052897,2,0,62183951357,1.0,"""[5.531311035156251e-05",5.817413330078126e-05,6.198883056640625e-05,6.580352783203125e-05,7.05718994140625e-05,7.43865966796875e-05,7.82012939453125e-05,8.20159912109375e-05,8.583068847656251e-05,0.00010013580322200001," 0.00017642974853500002]""",0.00031375885009700004,7.343292236328125e-05,2.9303557872772212,0.0238369833678,0.0009918212890620002,3.0517578125e-05,0.000554084777832,0.000554084777832,0.503703703703703,0.503819444444444,0.00011574074074
1863400528972,186340052897,2,0,62183951357,1.0,"""[6.389617919921875e-05",6.67572021484375e-05,6.961822509765625e-05,7.343292236328125e-05,7.62939453125e-05,8.0108642578125e-05,8.296966552734376e-05,8.678436279296876e-05,9.918212890625001e-05,0.000123023986816," 0.0013713836669920001]""",0.001369476318359,9.059906005859376e-05,3.333014011383056,0.023141235113143,0.0009918212890620002,3.147125244140625e-05,0.000562667846679,0.000562667846679,0.505902777777777,0.5060185185185181,0.00011574074074
1863400528972,186340052897,2,0,62183951357,1.0,"""[5.626678466796876e-05",6.008148193359376e-05,6.389617919921875e-05,6.771087646484375e-05,7.152557373046875e-05,7.534027099609375e-05,7.915496826171875e-05,8.296966552734376e-05,8.773803710937501e-05,0.000109672546386," 0.0001802444458]""",0.0001802444458,7.43865966796875e-05,2.487859487533569,0.025833204388618,0.0009918212890620002,3.0517578125e-05,0.0005464553833000001,0.0005455017089840001,0.502314814814814,0.502430555555555,0.00011574074074
1863400528972,186340052897,2,0,62183951357,1.0,"""[6.389617919921875e-05",6.67572021484375e-05,7.05718994140625e-05,7.43865966796875e-05,7.82012939453125e-05,8.106231689453125e-05,8.487701416015626e-05,9.059906005859376e-05,0.000106811523437,0.000123023986816," 0.000666618347167]""",0.000666618347167,9.059906005859376e-05,3.399190425872802,0.023131359368562,0.0009918212890620002,3.147125244140625e-05,0.0005645751953120001,0.0005636215209960001,0.50636574074074,0.5064814814814811,0.00011574074074
1863400528972,186340052897,2,0,62183951357,0.9933333396911621,"""[5.722045898437501e-05",6.008148193359376e-05,6.389617919921875e-05,6.771087646484375e-05,7.05718994140625e-05,7.43865966796875e-05,7.724761962890625e-05,8.106231689453125e-05,8.487701416015626e-05,8.773803710937501e-05," 0.0011730194091790001]""",0.0011730194091790001,7.82012939453125e-05,1.9860795736312862,0.025987094268202,0.0009918212890620002,3.147125244140625e-05,0.000555038452148,0.000554084777832,0.504513888888888,0.504629629629629,0.00011574074074
1863400528972,186340052897,2,0,62183951357,0.9933333396911621,"""[5.817413330078126e-05",6.198883056640625e-05,6.580352783203125e-05,6.961822509765625e-05,7.2479248046875e-05,7.62939453125e-05,8.0108642578125e-05,8.296966552734376e-05,8.678436279296876e-05,0.000109672546386," 0.00045013427734300006]""",0.00045013427734300006,7.724761962890625e-05,1.711676716804504,0.022593999281525,0.0009918212890620002,3.0517578125e-05,0.000548362731933,0.000547409057617,0.502893518518518,0.503009259259259,0.00011574074074
1863400528972,186340052897,2,0,62183951357,1.0,"""[5.340576171875001e-05",5.722045898437501e-05,6.198883056640625e-05,6.580352783203125e-05,6.961822509765625e-05,7.343292236328125e-05,7.724761962890625e-05,8.20159912109375e-05,8.583068847656251e-05,0.00010395050048800001," 0.00051212310791]""",0.00051212310791,7.534027099609375e-05,2.004684448242187,0.022510422393679,0.0009918212890620002,3.0517578125e-05,0.000537872314453,0.000537872314453,0.501041666666666,0.501157407407407,0.00011574074074
1863400528972,186340052897,2,0,62183951357,1.0,"""[6.389617919921875e-05",6.771087646484375e-05,7.152557373046875e-05,7.534027099609375e-05,7.915496826171875e-05,8.296966552734376e-05,8.678436279296876e-05,9.918212890625001e-05,0.000113487243652,0.000127792358398," 0.0007181167602530001]""",0.0007181167602530001,9.536743164062501e-05,2.056989908218383,0.023826546967029003,0.0009918212890620002,3.147125244140625e-05,0.000578880310058,0.000577926635742,0.508912037037037,0.5090277777777771,0.00011574074074
1863400528972,186340052897,2,0,62183951357,1.0,"""[6.866455078125e-05",7.152557373046875e-05,7.43865966796875e-05,7.724761962890625e-05,8.106231689453125e-05,8.392333984375001e-05,8.678436279296876e-05,9.727478027343751e-05,0.000110626220703,0.000123977661132," 0.00019836425781200002]""",0.00045490264892500003,9.059906005859376e-05,3.219034671783447,0.027730723842978002,0.0009918212890620002,3.147125244140625e-05,0.000566482543945,0.0005655288696280001,0.5067129629629631,0.506828703703703,0.00011574074074
1863400528972,186340052897,2,0,62183951357,1.0,"""[5.626678466796876e-05",6.008148193359376e-05,6.389617919921875e-05,6.771087646484375e-05,7.152557373046875e-05,7.534027099609375e-05,7.915496826171875e-05,8.296966552734376e-05,8.678436279296876e-05,0.000109672546386," 0.0012054443359370002]""",0.0012054443359370002,7.82012939453125e-05,1.679750323295593,0.022460762411355,0.0009918212890620002,3.0517578125e-05,0.000550270080566,0.00054931640625,0.5031249999999999,0.50324074074074,0.00011574074074
1863400528972,186340052897,2,0,62183951357,1.0,"""[5.817413330078126e-05",6.198883056640625e-05,6.4849853515625e-05,6.866455078125e-05,7.2479248046875e-05,7.534027099609375e-05,7.915496826171875e-05,8.296966552734376e-05,8.583068847656251e-05,0.00010585784912100001," 0.000164985656738]""",0.00029182434082000003,7.62939453125e-05,2.14288067817688,0.02156370319426,0.0009918212890620002,3.0517578125e-05,0.0005416870117180001,0.0005416870117180001,0.501388888888888,0.501504629629629,0.00011574074074
1863400528972,186340052897,2,0,62183951357,1.0,"""[6.198883056640625e-05",6.4849853515625e-05,6.866455078125e-05,7.152557373046875e-05,7.534027099609375e-05,7.82012939453125e-05,8.20159912109375e-05,8.583068847656251e-05,9.346008300781251e-05,0.00011730194091700002," 0.000342369079589]""",0.000635147094726,8.20159912109375e-05,2.140479803085327,0.024948982521891,0.0009918212890620002,3.147125244140625e-05,0.000575065612792,0.000574111938476,0.507523148148148,0.5076388888888881,0.00011574074074
1863400528972,186340052897,2,0,62183951357,1.0,"""[5.912780761718751e-05",6.198883056640625e-05,6.580352783203125e-05,6.961822509765625e-05,7.2479248046875e-05,7.62939453125e-05,7.915496826171875e-05,8.296966552734376e-05,8.678436279296876e-05,0.00010490417480400001," 0.000149726867675]""",0.00025272369384700004,7.62939453125e-05,2.9303557872772212,0.0238369833678,0.0009918212890620002,3.0517578125e-05,0.000554084777832,0.000554084777832,0.503935185185185,0.504050925925925,0.00011574074074
1863400528972,186340052897,2,0,62183951357,1.0,"""[6.008148193359376e-05",6.389617919921875e-05,6.67572021484375e-05,7.05718994140625e-05,7.43865966796875e-05,7.82012939453125e-05,8.106231689453125e-05,8.487701416015626e-05,8.964538574218751e-05,0.000114440917968," 0.000179290771484]""",0.00032329559326100003,8.0108642578125e-05,2.470854043960571,0.027781240642070004,0.0009918212890620002,3.147125244140625e-05,0.000577926635742,0.0005769729614250001,0.5081018518518511,0.508217592592592,0.00011574074074
1863400528972,186340052897,2,0,62183951357,0.9933333396911621,"""[5.722045898437501e-05",6.008148193359376e-05,6.389617919921875e-05,6.771087646484375e-05,7.05718994140625e-05,7.43865966796875e-05,7.82012939453125e-05,8.106231689453125e-05,8.487701416015626e-05,8.964538574218751e-05," 0.00022792816162100002]""",0.0011348724365230001,7.43865966796875e-05,1.9860795736312862,0.025987094268202,0.0009918212890620002,3.147125244140625e-05,0.000554084777832,0.000554084777832,0.504398148148148,0.504513888888888,0.00011574074074
1863400528972,186340052897,2,0,62183951357,1.0,"""[6.198883056640625e-05",6.4849853515625e-05,6.866455078125e-05,7.152557373046875e-05,7.534027099609375e-05,7.82012939453125e-05,8.20159912109375e-05,8.487701416015626e-05,9.155273437500001e-05,0.00011730194091700002," 0.00020980834960900003]""",0.00030136108398400003,8.20159912109375e-05,2.056989908218383,0.023826546967029003,0.0009918212890620002,3.147125244140625e-05,0.000577926635742,0.0005769729614250001,0.5085648148148141,0.508680555555555,0.00011574074074
1863400528972,186340052897,2,0,62183951357,1.0,"""[5.912780761718751e-05",6.29425048828125e-05,6.580352783203125e-05,6.961822509765625e-05,7.343292236328125e-05,7.724761962890625e-05,8.0108642578125e-05,8.392333984375001e-05,8.773803710937501e-05,0.000110626220703," 0.000472068786621]""",0.000472068786621,7.82012939453125e-05,2.14288067817688,0.02156370319426,0.0009918212890620002,3.0517578125e-05,0.000542640686035,0.000538825988769,0.501273148148148,0.501388888888888,0.00011574074074
1863400528972,186340052897,2,0,62183951357,0.996666669845581,"""[6.4849853515625e-05",6.771087646484375e-05,7.05718994140625e-05,7.343292236328125e-05,7.62939453125e-05,8.0108642578125e-05,8.296966552734376e-05,8.583068847656251e-05,9.346008300781251e-05,0.00011920928955000001," 0.00092601776123]""",0.000926971435546,8.964538574218751e-05,2.699371337890625,0.026390437036752003,0.0009918212890620002,3.147125244140625e-05,0.000575065612792,0.0005712509155270001,0.507291666666666,0.5074074074074071,0.00011574074074
1863400528972,186340052897,2,0,62183951357,0.996666669845581,"""[6.008148193359376e-05",6.389617919921875e-05,6.67572021484375e-05,7.05718994140625e-05,7.43865966796875e-05,7.724761962890625e-05,8.106231689453125e-05,8.392333984375001e-05,8.773803710937501e-05,0.000112533569335," 0.00022411346435500002]""",0.00025463104248,7.82012939453125e-05,2.140479803085327,0.024948982521891,0.0009918212890620002,3.147125244140625e-05,0.000574111938476,0.00057315826416,0.5074074074074071,0.507523148148148,0.00011574074074
1863400528972,186340052897,2,0,62183951357,0.996666669845581,"""[6.961822509765625e-05",7.2479248046875e-05,7.534027099609375e-05,7.82012939453125e-05,8.106231689453125e-05,8.392333984375001e-05,8.678436279296876e-05,9.536743164062501e-05,0.000109672546386,0.000124931335449," 0.00019931793212800002]""",0.00038528442382800005,9.059906005859376e-05,3.399190425872802,0.023131359368562,0.0009918212890620002,3.147125244140625e-05,0.000562667846679,0.000562667846679,0.5060185185185181,0.506134259259259,0.00011574074074
1863400528972,186340052897,2,0,62183951357,1.0,"""[5.435943603515626e-05",5.817413330078126e-05,6.198883056640625e-05,6.67572021484375e-05,7.05718994140625e-05,7.534027099609375e-05,7.915496826171875e-05,8.296966552734376e-05,8.773803710937501e-05,0.000110626220703," 0.000575065612792]""",0.000575065612792,7.724761962890625e-05,2.487859487533569,0.025833204388618,0.0009918212890620002,3.0517578125e-05,0.000547409057617,0.0005464553833000001,0.502430555555555,0.502546296296296,0.00011574074074
1863400528972,186340052897,2,0,62183951357,1.0,"""[5.912780761718751e-05",6.198883056640625e-05,6.580352783203125e-05,6.961822509765625e-05,7.343292236328125e-05,7.724761962890625e-05,8.106231689453125e-05,8.487701416015626e-05,9.059906005859376e-05,0.000113487243652," 0.000483512878417]""",0.000483512878417,7.82012939453125e-05,1.8350670337677002,0.023672394454479002,0.0009918212890620002,3.0517578125e-05,0.000537872314453,0.000536918640136,0.500578703703703,0.500694444444444,0.00011574074074
1863400528972,186340052897,2,0,62183951357,0.996666669845581,"""[5.722045898437501e-05",6.008148193359376e-05,6.389617919921875e-05,6.771087646484375e-05,7.152557373046875e-05,7.534027099609375e-05,7.915496826171875e-05,8.20159912109375e-05,8.583068847656251e-05,0.00010395050048800001," 0.00031280517578100004]""",0.000530242919921,7.62939453125e-05,2.487859487533569,0.025833204388618,0.0009918212890620002,3.0517578125e-05,0.000547409057617,0.0005464553833000001,0.502662037037037,0.502777777777777,0.00011574074074
1863400528972,186340052897,2,0,62183951357,1.0,"""[5.626678466796876e-05",5.912780761718751e-05,6.29425048828125e-05,6.67572021484375e-05,7.05718994140625e-05,7.343292236328125e-05,7.724761962890625e-05,8.106231689453125e-05,8.487701416015626e-05,8.773803710937501e-05," 0.000174522399902]""",0.000256538391113,7.343292236328125e-05,2.487859487533569,0.025833204388618,0.0009918212890620002,3.0517578125e-05,0.000547409057617,0.000547409057617,0.502777777777777,0.502893518518518,0.00011574074074
1863400528972,186340052897,2,0,62183951357,1.0,"""[5.817413330078126e-05",6.198883056640625e-05,6.580352783203125e-05,6.961822509765625e-05,7.343292236328125e-05,7.724761962890625e-05,8.106231689453125e-05,8.583068847656251e-05,9.536743164062501e-05,0.00011825561523400002," 0.00021553039550700003]""",0.000216484069824,7.915496826171875e-05,3.3743550777435303,0.025470769032835003,0.0009918212890620002,3.147125244140625e-05,0.000555992126464,0.000555038452148,0.5048611111111111,0.504976851851851,0.00011574074074
1863400528972,186340052897,2,0,62183951357,0.996666669845581,"""[6.103515625e-05",6.4849853515625e-05,6.771087646484375e-05,7.152557373046875e-05,7.534027099609375e-05,7.82012939453125e-05,8.20159912109375e-05,8.583068847656251e-05,9.536743164062501e-05,0.00012016296386700001," 0.0007467269897460001]""",0.0007467269897460001,8.773803710937501e-05,3.180853366851806,0.025126870721578,0.0009918212890620002,3.147125244140625e-05,0.000558853149414,0.000558853149414,0.505208333333333,0.5053240740740741,0.00011574074074
1863400528972,186340052897,2,0,62183951357,1.0,"""[6.103515625e-05",6.4849853515625e-05,6.771087646484375e-05,7.152557373046875e-05,7.534027099609375e-05,7.915496826171875e-05,8.296966552734376e-05,8.583068847656251e-05,9.918212890625001e-05,0.00012111663818300001," 0.000664710998535]""",0.000664710998535,8.487701416015626e-05,2.161908626556396,0.023315971717238003,0.0009918212890620002,3.147125244140625e-05,0.000561714172363,0.000561714172363,0.505671296296296,0.5057870370370371,0.00011574074074
1863400528972,186340052897,2,0,62183951357,1.0,"""[6.29425048828125e-05",6.580352783203125e-05,6.961822509765625e-05,7.2479248046875e-05,7.534027099609375e-05,7.915496826171875e-05,8.20159912109375e-05,8.487701416015626e-05,8.964538574218751e-05,0.000114440917968," 0.00017261505126900002]""",0.00024032592773400003,8.296966552734376e-05,2.161908626556396,0.023315971717238003,0.0009918212890620002,3.147125244140625e-05,0.000562667846679,0.000561714172363,0.5057870370370371,0.505902777777777,0.00011574074074
1863400528972,186340052897,2,0,62183951357,1.0,"""[5.722045898437501e-05",6.103515625e-05,6.4849853515625e-05,6.866455078125e-05,7.2479248046875e-05,7.62939453125e-05,8.0108642578125e-05,8.392333984375001e-05,8.773803710937501e-05,0.000116348266601," 0.00018405914306600003]""",0.000249862670898,7.82012939453125e-05,2.219824075698852,0.025629190728068,0.0009918212890620002,3.147125244140625e-05,0.000577926635742,0.0005769729614250001,0.5078703703703701,0.507986111111111,0.00011574074074
1863400528972,186340052897,2,0,62183951357,0.990000009536743,"""[6.389617919921875e-05",6.67572021484375e-05,7.05718994140625e-05,7.43865966796875e-05,7.724761962890625e-05,8.106231689453125e-05,8.487701416015626e-05,8.773803710937501e-05,0.00010490417480400001,0.000123023986816," 0.000548362731933]""",0.000547409057617,8.964538574218751e-05,3.399190425872802,0.023131359368562,0.0009918212890620002,3.147125244140625e-05,0.000562667846679,0.000562667846679,0.506134259259259,0.5062500000000001,0.00011574074074
1863400528972,186340052897,2,0,62183951357,0.9933333396911621,"""[5.531311035156251e-05",5.912780761718751e-05,6.29425048828125e-05,6.67572021484375e-05,7.05718994140625e-05,7.43865966796875e-05,7.82012939453125e-05,8.20159912109375e-05,8.583068847656251e-05,0.00010490417480400001," 0.00021076202392500003]""",0.000440597534179,7.534027099609375e-05,2.487859487533569,0.025833204388618,0.0009918212890620002,3.0517578125e-05,0.000547409057617,0.0005464553833000001,0.502546296296296,0.502662037037037,0.00011574074074
1863400528972,186340052897,2,0,62183951357,1.0,"""[5.722045898437501e-05",6.008148193359376e-05,6.389617919921875e-05,6.771087646484375e-05,7.152557373046875e-05,7.534027099609375e-05,7.915496826171875e-05,8.20159912109375e-05,8.583068847656251e-05,0.000109672546386," 0.00022888183593700002]""",0.00027275085449200004,7.724761962890625e-05,2.4592056274414062,0.025811130180954003,0.0009918212890620002,3.147125244140625e-05,0.000555038452148,0.000554084777832,0.504629629629629,0.50474537037037,0.00011574074074
1863400528972,186340052897,2,0,62183951357,0.996666669845581,"""[6.198883056640625e-05",6.580352783203125e-05,6.961822509765625e-05,7.343292236328125e-05,7.724761962890625e-05,8.106231689453125e-05,8.487701416015626e-05,8.869171142578126e-05,0.00010490417480400001,0.00012111663818300001," 0.00023078918457]""",0.00041675567626900005,8.773803710937501e-05,2.056989908218383,0.023826546967029003,0.0009918212890620002,3.147125244140625e-05,0.000578880310058,0.000577926635742,0.5087962962962961,0.508912037037037,0.00011574074074
1863400528972,186340052897,2,0,62183951357,1.0,"""[6.961822509765625e-05",7.2479248046875e-05,7.534027099609375e-05,7.82012939453125e-05,8.106231689453125e-05,8.392333984375001e-05,8.678436279296876e-05,9.632110595703126e-05,0.000109672546386,0.000123977661132," 0.00021457672119100003]""",0.00028228759765600004,9.155273437500001e-05,3.219034671783447,0.027730723842978002,0.0009918212890620002,3.147125244140625e-05,0.000568389892578,0.000567436218261,0.5069444444444441,0.507060185185185,0.00011574074074
1863400528972,186340052897,2,0,62183951357,0.996666669845581,"""[6.198883056640625e-05",6.580352783203125e-05,6.866455078125e-05,7.2479248046875e-05,7.62939453125e-05,8.0108642578125e-05,8.392333984375001e-05,8.773803710937501e-05,0.00010490417480400001,0.000123977661132," 0.0001802444458]""",0.00034427642822200004,8.678436279296876e-05,2.161908626556396,0.023315971717238003,0.0009918212890620002,3.147125244140625e-05,0.00055980682373,0.00055980682373,0.5053240740740741,0.505439814814814,0.00011574074074
1863400528972,186340052897,2,0,62183951357,1.0,"""[6.29425048828125e-05",6.580352783203125e-05,7.05718994140625e-05,7.43865966796875e-05,7.82012939453125e-05,8.20159912109375e-05,8.583068847656251e-05,9.441375732421876e-05,0.000109672546386,0.000124931335449," 0.001033782958984]""",0.001033782958984,9.346008300781251e-05,3.732576608657836,0.024135470390319002,0.0009918212890620002,3.147125244140625e-05,0.000580787658691,0.000579833984375,0.509375,0.5094907407407401,0.00011574074074
1863400528972,186340052897,2,0,62183951357,1.0,"""[6.198883056640625e-05",6.4849853515625e-05,6.866455078125e-05,7.152557373046875e-05,7.43865966796875e-05,7.82012939453125e-05,8.106231689453125e-05,8.487701416015626e-05,8.773803710937501e-05,0.000112533569335," 0.00015068054199200001]""",0.00031375885009700004,7.915496826171875e-05,2.140479803085327,0.024948982521891,0.0009918212890620002,3.147125244140625e-05,0.000575065612792,0.000575065612792,0.5076388888888881,0.507754629629629,0.00011574074074
1863400528972,186340052897,2,0,62183951357,1.0,"""[6.008148193359376e-05",6.29425048828125e-05,6.67572021484375e-05,7.05718994140625e-05,7.343292236328125e-05,7.724761962890625e-05,8.106231689453125e-05,8.487701416015626e-05,8.773803710937501e-05,0.000112533569335," 0.0005273818969720001]""",0.0005264282226560001,8.0108642578125e-05,2.140479803085327,0.024948982521891,0.0009918212890620002,3.147125244140625e-05,0.000577926635742,0.0005760192871090001,0.507754629629629,0.5078703703703701,0.00011574074074
