UniqJobId,collection_id,instance_index,priority,machine_id,sample_rate,cpu_usage_distribution1,cpu_usage_distribution2,cpu_usage_distribution3,cpu_usage_distribution4,cpu_usage_distribution5,cpu_usage_distribution6,cpu_usage_distribution7,cpu_usage_distribution8,cpu_usage_distribution9,cpu_usage_distribution10,cpu_usage_distribution11,max_cpu,avg_cpu,cycles_per_instruction,memory_accesses_per_instruction,assigned_memory,page_cache_memory,max_memory,avg_memory,start_time,end_time,time_window
1878822745341,187882274534,1,0,106885152968,0.983333349227905,"""[0.00029468536376900005",0.00032234191894500003,0.000340461730957,0.000357627868652,0.000371932983398,0.00038623809814400005,0.000402450561523,0.00042533874511700004,0.000460624694824,0.000524520874023," 0.017974853515625]""",0.016387939453125,0.000562667846679,2.496252059936523,0.023265268653631002,0.006660461425781,0.00041961669921800006,0.0032958984375,0.0032920837402340003,0.504166666666666,0.504282407407407,0.00011574074074
1878822745341,187882274534,1,0,106885152968,0.983333349227905,"""[0.000274658203125",0.000309944152832,0.000321388244628,0.00033187866210900003,0.00034332275390600004,0.00035476684570300005,0.000370979309082,0.00038719177246000004,0.00041675567626900005,0.00045967102050700005," 0.001369476318359]""",0.00146484375,0.00037574768066400005,2.077852725982666,0.019089244306087,0.006660461425781,0.00041961669921800006,0.0033073425292960003,0.0032958984375,0.5062500000000001,0.50636574074074,0.00011574074074
1878822745341,187882274534,1,0,106885152968,0.9933333396911621,"""[0.00026416778564400005",0.000309944152832,0.00032424926757800005,0.00033760070800700005,0.000350952148437,0.0003662109375,0.000381469726562,0.00039672851562500005,0.00042438507080000003,0.00046634674072200004," 0.0015583038330070002]""",0.00164794921875,0.000381469726562,2.496252059936523,0.023265268653631002,0.006660461425781,0.00041961669921800006,0.0032958984375,0.0032920837402340003,0.504398148148148,0.504513888888888,0.00011574074074
1878822745341,187882274534,1,0,106885152968,1.0,"""[0.00032520294189400005",0.000350952148437,0.00036239624023400003,0.000371932983398,0.000382423400878,0.00039291381835900003,0.00040721893310500005,0.00042533874511700004,0.00044918060302700006,0.0005025863647460001," 0.0006914138793940001]""",0.0008020401000970001,0.000409126281738,2.32895278930664,0.021975999698042002,0.006660461425781,0.00041961669921800006,0.0032958984375,0.0032958984375,0.5092592592592591,0.509308256172839,4.899691358024692e-05
1878822745341,187882274534,1,0,106885152968,0.9800000190734861,"""[0.00027084350585900003",0.00031280517578100004,0.000327110290527,0.000342369079589,0.000357627868652,0.00037384033203100004,0.00039005279541,0.00041389465332000003,0.000442504882812,0.000489234924316," 0.001726150512695]""",0.001888275146484,0.00039577484130800004,2.1425142288208,0.018489189445972002,0.006660461425781,0.00041961669921800006,0.0032958984375,0.0032920837402340003,0.503819444444444,0.503935185185185,0.00011574074074
1878822745341,187882274534,1,0,106885152968,0.990000009536743,"""[0.00027179718017500003",0.00031280517578100004,0.00032615661621000004,0.00033950805664,0.00035381317138600003,0.000370979309082,0.000388145446777,0.000409126281738,0.000432968139648,0.00048065185546800006," 0.0020713806152340003]""",0.0019359588623040001,0.00039005279541,2.316646099090576,0.021905252709984002,0.006660461425781,0.00041961669921800006,0.0032958984375,0.0032958984375,0.5078703703703701,0.507986111111111,0.00011574074074
1878822745341,187882274534,1,0,106885152968,0.976666688919067,"""[0.00028228759765600004",0.00032234191894500003,0.000341415405273,0.000358581542968,0.00037479400634700004,0.000391006469726,0.000410079956054,0.000430107116699,0.00045871734619100005,0.000507354736328," 0.0017719268798820002]""",0.002197265625,0.00041580200195300005,2.310153007507324,0.021066283807158002,0.006660461425781,0.00041961669921800006,0.0032920837402340003,0.003288269042968,0.500694444444444,0.500810185185185,0.00011574074074
1878822745341,187882274534,1,0,106885152968,0.983333349227905,"""[0.000274658203125",0.00030136108398400003,0.000317573547363,0.000329971313476,0.000342369079589,0.00035667419433500004,0.00037670135498000005,0.00039672851562500005,0.00042629241943300004,0.00047492980957000003," 0.011367797851562]""",0.021240234375,0.000542640686035,2.496252059936523,0.023265268653631002,0.006660461425781,0.00041961669921800006,0.0032958984375,0.0032920837402340003,0.504629629629629,0.50474537037037,0.00011574074074
1878822745341,187882274534,1,0,106885152968,0.9800000190734861,"""[0.000248908996582",0.00029468536376900005,0.00031471252441400005,0.00032615661621000004,0.00033760070800700005,0.000349044799804,0.00036525726318300004,0.000382423400878,0.00040531158447200004,0.00045394897460900003," 0.00139045715332]""",0.002246856689453,0.000372886657714,2.367419242858886,0.021161206066608002,0.006660461425781,0.00041961669921800006,0.0032958984375,0.0032920837402340003,0.5053240740740741,0.505439814814814,0.00011574074074
1878822745341,187882274534,1,0,106885152968,0.976666688919067,"""[0.000281333923339",0.000311851501464,0.00032615661621000004,0.00033950805664,0.00035381317138600003,0.00036811828613200005,0.000382423400878,0.00039768218994100005,0.00042438507080000003,0.00046730041503900005," 0.0014972686767570002]""",0.0016117095947260002,0.000381469726562,1.900356292724609,0.018812198191881003,0.006660461425781,0.00041961669921800006,0.0032920837402340003,0.0032920837402340003,0.50162037037037,0.501736111111111,0.00011574074074
1878822745341,187882274534,1,0,106885152968,1.0,"""[0.000284194946289",0.00031280517578100004,0.00032615661621000004,0.00033950805664,0.00035285949707000003,0.000370979309082,0.00039005279541,0.00041389465332000003,0.000439643859863,0.000482559204101," 0.015396118164062]""",0.016693115234375,0.000537872314453,1.900356292724609,0.018812198191881003,0.006660461425781,0.00041961669921800006,0.0032920837402340003,0.0032920837402340003,0.501851851851851,0.501967592592592,0.00011574074074
1878822745341,187882274534,1,0,106885152968,0.9800000190734861,"""[0.00024318695068300001",0.00028610229492100005,0.000309944152832,0.000327110290527,0.00034332275390600004,0.000360488891601,0.00037765502929600005,0.00039482116699200004,0.000421524047851,0.000460624694824," 0.00118064880371]""",0.003105163574218,0.000379562377929,2.618210554122924,0.023595280945301,0.006660461425781,0.00041961669921800006,0.0032920837402340003,0.0032920837402340003,0.502083333333333,0.502199074074074,0.00011574074074
1878822745341,187882274534,1,0,106885152968,0.9733333587646481,"""[0.000289916992187",0.000327110290527,0.000348091125488,0.00036430358886700004,0.000378608703613,0.00039386749267500003,0.000411033630371,0.00042915344238200005,0.00045776367187500005,0.0005159378051750001," 0.016357421875]""",0.014572143554687,0.000558853149414,2.331211566925048,0.021986732259392003,0.006660461425781,0.00041961669921800006,0.0032958984375,0.0032958984375,0.5081018518518511,0.508217592592592,0.00011574074074
1878822745341,187882274534,1,0,106885152968,0.990000009536743,"""[0.000260353088378",0.000287055969238,0.000310897827148,0.000327110290527,0.00034427642822200004,0.000361442565917,0.00037765502929600005,0.00039482116699200004,0.00042438507080000003,0.000473976135253," 0.0012130737304680002]""",0.001491546630859,0.00037670135498000005,2.310153007507324,0.021066283807158002,0.006660461425781,0.00041961669921800006,0.0032920837402340003,0.003288269042968,0.500462962962963,0.500578703703703,0.00011574074074
1878822745341,187882274534,1,0,106885152968,0.996666669845581,"""[0.000285148620605",0.000321388244628,0.000338554382324,0.00035572052001900005,0.00037384033203100004,0.00039291381835900003,0.000411987304687,0.000432014465332,0.00046157836914,0.000525474548339," 0.019287109375]""",0.020294189453125,0.0006017684936520001,2.310153007507324,0.021066283807158002,0.006660461425781,0.00041961669921800006,0.0032920837402340003,0.003288269042968,0.500578703703703,0.500694444444444,0.00011574074074
1878822745341,187882274534,1,0,106885152968,0.983333349227905,"""[0.000267028808593",0.000288963317871,0.000309944152832,0.000321388244628,0.00033283233642500003,0.00034427642822200004,0.000358581542968,0.000380516052246,0.00040531158447200004,0.00044727325439400005," 0.001214981079101]""",0.002811431884765,0.00036239624023400003,2.496252059936523,0.023265268653631002,0.006660461425781,0.00041961669921800006,0.0032920837402340003,0.0032920837402340003,0.504513888888888,0.504629629629629,0.00011574074074
1878822745341,187882274534,1,0,106885152968,0.990000009536743,"""[0.000250816345214",0.000285148620605,0.000308036804199,0.00032234191894500003,0.000336647033691,0.000350952148437,0.00036716461181600005,0.00038433074951100003,0.00040531158447200004,0.00043773651123000005," 0.00128173828125]""",0.001565933227539,0.00036430358886700004,2.873994350433349,0.025299571454524,0.006660461425781,0.00041961669921800006,0.0032920837402340003,0.0032920837402340003,0.502662037037037,0.502777777777777,0.00011574074074
1878822745341,187882274534,1,0,106885152968,0.990000009536743,"""[0.00025463104248",0.000308036804199,0.000320434570312,0.00033378601074200004,0.00034618377685500005,0.000360488891601,0.00037574768066400005,0.000391006469726,0.00041580200195300005,0.000460624694824," 0.015090942382812]""",0.014297485351562,0.00049877166748,2.873994350433349,0.025299571454524,0.006660461425781,0.00041961669921800006,0.0032920837402340003,0.0032920837402340003,0.502777777777777,0.502893518518518,0.00011574074074
1878822745341,187882274534,1,0,106885152968,0.9866666793823241,"""[0.00026416778564400005",0.000288963317871,0.000310897827148,0.00032424926757800005,0.000336647033691,0.000349998474121,0.00036716461181600005,0.00038528442382800005,0.000411033630371,0.00046730041503900005," 0.019439697265625]""",0.0206298828125,0.000543594360351,2.099555969238281,0.019406821578741,0.006660461425781,0.00041961669921800006,0.003299713134765,0.0032958984375,0.506828703703703,0.5069444444444441,0.00011574074074
1878822745341,187882274534,1,0,106885152968,0.9866666793823241,"""[0.000290870666503",0.00031566619873000005,0.000330924987792,0.00034523010253900005,0.000360488891601,0.00037574768066400005,0.000391006469726,0.000412940979003,0.00043773651123000005,0.000482559204101," 0.00163459777832]""",0.0017547607421870002,0.00039482116699200004,2.071419954299926,0.017529290169477,0.006660461425781,0.00041961669921800006,0.0032920837402340003,0.0032920837402340003,0.5031249999999999,0.50324074074074,0.00011574074074
1878822745341,187882274534,1,0,106885152968,0.996666669845581,"""[0.000256538391113",0.000297546386718,0.000317573547363,0.000330924987792,0.00034427642822200004,0.000359535217285,0.00037670135498000005,0.00039386749267500003,0.000420570373535,0.00045871734619100005," 0.001184463500976]""",0.001277923583984,0.00037574768066400005,1.900356292724609,0.018812198191881003,0.006660461425781,0.00041961669921800006,0.0032920837402340003,0.003288269042968,0.501273148148148,0.501388888888888,0.00011574074074
1878822745341,187882274534,1,0,106885152968,0.983333349227905,"""[0.00026321411132800005",0.00030136108398400003,0.000319480895996,0.00033187866210900003,0.00034523010253900005,0.000360488891601,0.00037765502929600005,0.00039577484130800004,0.000421524047851,0.00045967102050700005," 0.0013961791992180002]""",0.0017528533935540001,0.000381469726562,2.367419242858886,0.021161206066608002,0.006660461425781,0.00041961669921800006,0.0032958984375,0.0032920837402340003,0.505208333333333,0.5053240740740741,0.00011574074074
1878822745341,187882274534,1,0,106885152968,0.983333349227905,"""[0.00026226043701100003",0.000311851501464,0.00032520294189400005,0.000338554382324,0.00035285949707000003,0.00036811828613200005,0.00038337707519500003,0.00040054321289,0.00042819976806600005,0.00047016143798800006," 0.001976013183593]""",0.0020408630371090003,0.00038719177246000004,2.241613388061523,0.021485520526766003,0.006660461425781,0.00041961669921800006,0.0032958984375,0.0032958984375,0.5074074074074071,0.507523148148148,0.00011574074074
1878822745341,187882274534,1,0,106885152968,0.976666688919067,"""[0.000255584716796",0.000289916992187,0.00031280517578100004,0.00032520294189400005,0.00033760070800700005,0.000349998474121,0.0003662109375,0.000381469726562,0.00040054321289,0.000439643859863," 0.001089096069335]""",0.0014476776123040001,0.0003662109375,1.900356292724609,0.018812198191881003,0.006660461425781,0.00041961669921800006,0.0032920837402340003,0.0032920837402340003,0.501736111111111,0.501851851851851,0.00011574074074
1878822745341,187882274534,1,0,106885152968,0.970000028610229,"""[0.00024223327636700001",0.000281333923339,0.00030136108398400003,0.00031566619873000005,0.000328063964843,0.000340461730957,0.00035285949707000003,0.000370979309082,0.00039005279541,0.00042629241943300004," 0.001712799072265]""",0.002143859863281,0.000360488891601,2.367419242858886,0.021161206066608002,0.006660461425781,0.00041961669921800006,0.0032958984375,0.0032958984375,0.505671296296296,0.5057870370370371,0.00011574074074
1878822745341,187882274534,1,0,106885152968,0.9800000190734861,"""[0.00026512145996000004",0.000310897827148,0.00032329559326100003,0.00033473968505800004,0.00034713745117100005,0.00036239624023400003,0.000381469726562,0.000401496887207,0.000430107116699,0.000482559204101," 0.011856079101562]""",0.012588500976562,0.000506401062011,2.077852725982666,0.019089244306087,0.006660461425781,0.00041961669921800006,0.0032958984375,0.0032958984375,0.505902777777777,0.5060185185185181,0.00011574074074
1878822745341,187882274534,1,0,106885152968,0.983333349227905,"""[0.00026321411132800005",0.000296592712402,0.00031566619873000005,0.000328063964843,0.00033950805664,0.000350952148437,0.000370025634765,0.00039005279541,0.00041675567626900005,0.00045776367187500005," 0.0013484954833980001]""",0.0014343261718750002,0.000372886657714,2.496252059936523,0.023265268653631002,0.006660461425781,0.00041961669921800006,0.0032920837402340003,0.0032920837402340003,0.504282407407407,0.504398148148148,0.00011574074074
1878822745341,187882274534,1,0,106885152968,0.990000009536743,"""[0.000267028808593",0.000319480895996,0.00033760070800700005,0.00035572052001900005,0.000370979309082,0.00038623809814400005,0.000402450561523,0.000422477722167,0.00044631958007800005,0.0004920959472650001," 0.0166015625]""",0.01544189453125,0.00045490264892500003,2.310153007507324,0.021066283807158002,0.006660461425781,0.00041961669921800006,0.0032920837402340003,0.003288269042968,0.500925925925925,0.501041666666666,0.00011574074074
1878822745341,187882274534,1,0,106885152968,0.9866666793823241,"""[0.000297546386718",0.00032424926757800005,0.00034332275390600004,0.000358581542968,0.000369071960449,0.000380516052246,0.000391960144042,0.000411987304687,0.00043773651123000005,0.000481605529785," 0.001333236694335]""",0.00145149230957,0.00040054321289,2.32895278930664,0.021975999698042002,0.006660461425781,0.00041961669921800006,0.003299713134765,0.0032958984375,0.508912037037037,0.5090277777777771,0.00011574074074
1878822745341,187882274534,1,0,106885152968,0.9933333396911621,"""[0.000298500061035",0.00033473968505800004,0.00035667419433500004,0.00036811828613200005,0.000378608703613,0.00039005279541,0.00040531158447200004,0.00042724609375,0.000462532043457,0.000520706176757," 0.010726928710937]""",0.011337280273437,0.000562667846679,2.32895278930664,0.021975999698042002,0.006660461425781,0.00041961669921800006,0.003299713134765,0.0032958984375,0.5090277777777771,0.509143518518518,0.00011574074074
1878822745341,187882274534,1,0,106885152968,0.976666688919067,"""[0.000277519226074",0.000311851501464,0.000327110290527,0.00034332275390600004,0.000358581542968,0.00037479400634700004,0.000391006469726,0.000411987304687,0.00043582916259700004,0.000482559204101," 0.010177612304687]""",0.02093505859375,0.0005331039428710001,2.071419954299926,0.017529290169477,0.006660461425781,0.00041961669921800006,0.0032920837402340003,0.0032920837402340003,0.50324074074074,0.503356481481481,0.00011574074074
1878822745341,187882274534,1,0,106885152968,0.990000009536743,"""[0.00027084350585900003",0.00031280517578100004,0.000329971313476,0.00034618377685500005,0.000360488891601,0.00037479400634700004,0.000388145446777,0.00040531158447200004,0.00042915344238200005,0.000472068786621," 0.001398086547851]""",0.001972198486328,0.000391006469726,2.241613388061523,0.021485520526766003,0.006660461425781,0.00041961669921800006,0.0032958984375,0.0032958984375,0.5071759259259261,0.507291666666666,0.00011574074074
1878822745341,187882274534,1,0,106885152968,0.956666648387908,"""[0.000253677368164",0.00028228759765600004,0.00030231475830000003,0.00031566619873000005,0.00032615661621000004,0.00033760070800700005,0.000348091125488,0.00036525726318300004,0.000388145446777,0.000433921813964," 0.00137710571289]""",0.0018138885498040001,0.00035476684570300005,2.071419954299926,0.017529290169477,0.006660461425781,0.00041961669921800006,0.0032958984375,0.0032920837402340003,0.503472222222222,0.503587962962962,0.00011574074074
1878822745341,187882274534,1,0,106885152968,0.996666669845581,"""[0.000257492065429",0.00028228759765600004,0.00030231475830000003,0.000319480895996,0.00033473968505800004,0.000349998474121,0.00036811828613200005,0.00038623809814400005,0.000411033630371,0.000452041625976," 0.00118064880371]""",0.001413345336914,0.00036334991455000003,2.367419242858886,0.021161206066608002,0.006660461425781,0.00041961669921800006,0.0032958984375,0.0032958984375,0.5055555555555551,0.505671296296296,0.00011574074074
1878822745341,187882274534,1,0,106885152968,0.990000009536743,"""[0.000260353088378",0.000288963317871,0.00031280517578100004,0.00032615661621000004,0.00033950805664,0.00035381317138600003,0.000370025634765,0.00038719177246000004,0.00041389465332000003,0.00046157836914," 0.0016860961914060002]""",0.001550674438476,0.00037384033203100004,2.478053569793701,0.021717306226491002,0.006660461425781,0.00041961669921800006,0.0032920837402340003,0.003288269042968,0.500231481481481,0.500347222222222,0.00011574074074
1878822745341,187882274534,1,0,106885152968,0.9866666793823241,"""[0.00026226043701100003",0.00031280517578100004,0.00032329559326100003,0.00033473968505800004,0.00034618377685500005,0.000358581542968,0.00037384033203100004,0.000388145446777,0.000410079956054,0.00044727325439400005," 0.0007219314575190001]""",0.002372741699218,0.000371932983398,2.077852725982666,0.019089244306087,0.006660461425781,0.00041961669921800006,0.0032958984375,0.0032958984375,0.506134259259259,0.5062500000000001,0.00011574074074
1878822745341,187882274534,1,0,106885152968,1.0,"""[0.000259399414062",0.00028610229492100005,0.000308990478515,0.000320434570312,0.00033187866210900003,0.00034332275390600004,0.00035667419433500004,0.000378608703613,0.00040435791015600004,0.00044631958007800005," 0.0010814666748040001]""",0.001169204711914,0.000361442565917,2.310153007507324,0.021066283807158002,0.006660461425781,0.00041961669921800006,0.0032920837402340003,0.003288269042968,0.500347222222222,0.500462962962963,0.00011574074074
1878822745341,187882274534,1,0,106885152968,0.9866666793823241,"""[0.00027370452880800004",0.00032424926757800005,0.00034427642822200004,0.000361442565917,0.00037479400634700004,0.000389099121093,0.00040626525878900005,0.00042629241943300004,0.000452041625976,0.000507354736328," 0.016632080078125]""",0.0177001953125,0.0005769729614250001,2.331211566925048,0.021986732259392003,0.006660461425781,0.00041961669921800006,0.003299713134765,0.0032958984375,0.5085648148148141,0.508680555555555,0.00011574074074
1878822745341,187882274534,1,0,106885152968,0.9933333396911621,"""[0.000267028808593",0.000308990478515,0.00032329559326100003,0.000336647033691,0.000350952148437,0.00036716461181600005,0.00038337707519500003,0.000401496887207,0.00042438507080000003,0.00045776367187500005," 0.0014667510986320002]""",0.001834869384765,0.000381469726562,2.496252059936523,0.023265268653631002,0.006660461425781,0.00041961669921800006,0.0032920837402340003,0.0032920837402340003,0.50474537037037,0.5048611111111111,0.00011574074074
1878822745341,187882274534,1,0,106885152968,1.0,"""[0.00031280517578100004",0.00033760070800700005,0.000357627868652,0.00036811828613200005,0.000379562377929,0.000391006469726,0.00040721893310500005,0.00042724609375,0.00045108795166,0.0004920959472650001," 0.001422882080078]""",0.0015087127685540001,0.000409126281738,2.32895278930664,0.021975999698042002,0.006660461425781,0.00041961669921800006,0.003299713134765,0.0032958984375,0.509143518518518,0.5092592592592591,0.00011574074074
1878822745341,187882274534,1,0,106885152968,0.996666669845581,"""[0.00027084350585900003",0.00031566619873000005,0.000328063964843,0.000341415405273,0.00035476684570300005,0.00036811828613200005,0.000382423400878,0.00039672851562500005,0.00042533874511700004,0.000473976135253," 0.008148193359375]""",0.0086669921875,0.0005035400390620001,1.900356292724609,0.018812198191881003,0.006660461425781,0.00041961669921800006,0.0032920837402340003,0.0032920837402340003,0.501504629629629,0.50162037037037,0.00011574074074
1878822745341,187882274534,1,0,106885152968,0.9466666579246521,"""[0.000268936157226",0.000298500061035,0.00031661987304600005,0.00032901763916,0.000341415405273,0.00035476684570300005,0.00037479400634700004,0.00039386749267500003,0.00041770935058500004,0.00044822692871000004," 0.001041412353515]""",0.0032310485839840003,0.000380516052246,2.071419954299926,0.017529290169477,0.006660461425781,0.00041961669921800006,0.0032958984375,0.0032920837402340003,0.503587962962962,0.503703703703703,0.00011574074074
1878822745341,187882274534,1,0,106885152968,0.9800000190734861,"""[0.00027370452880800004",0.000298500061035,0.00031661987304600005,0.00032901763916,0.000342369079589,0.00035667419433500004,0.00037384033203100004,0.000391006469726,0.000421524047851,0.000473976135253," 0.001129150390625]""",0.0029411315917960003,0.000378608703613,2.198022365570068,0.019949104636907,0.006660461425781,0.00041961669921800006,0.0032958984375,0.0032958984375,0.5057870370370371,0.505902777777777,0.00011574074074
1878822745341,187882274534,1,0,106885152968,1.0,"""[0.00031566619873000005",0.000358581542968,0.00037384033203100004,0.000389099121093,0.000403404235839,0.00041580200195300005,0.00042724609375,0.000439643859863,0.00047016143798800006,0.00051212310791," 0.001359939575195]""",0.00145149230957,0.00043678283691400005,2.32895278930664,0.021975999698042002,0.006660461425781,0.00041961669921800006,0.003299713134765,0.0032958984375,0.509308256172839,0.509375,6.674382716049382e-05
1878822745341,187882274534,1,0,106885152968,0.9800000190734861,"""[0.000250816345214",0.000318527221679,0.00033473968505800004,0.000349998474121,0.00036430358886700004,0.000378608703613,0.00039291381835900003,0.00041484832763600003,0.000439643859863,0.000483512878417," 0.0017375946044920001]""",0.001895904541015,0.000403404235839,1.900356292724609,0.018812198191881003,0.006660461425781,0.00041961669921800006,0.0032920837402340003,0.0032920837402340003,0.501967592592592,0.502083333333333,0.00011574074074
1878822745341,187882274534,1,0,106885152968,0.9933333396911621,"""[0.00025272369384700004",0.00029182434082000003,0.00031280517578100004,0.00032520294189400005,0.000336647033691,0.000348091125488,0.00036239624023400003,0.000379562377929,0.00039577484130800004,0.000462532043457," 0.0012493133544920001]""",0.001321792602539,0.00036811828613200005,2.077852725982666,0.019089244306087,0.006660461425781,0.00041961669921800006,0.0032958984375,0.0032958984375,0.5060185185185181,0.506134259259259,0.00011574074074
1878822745341,187882274534,1,0,106885152968,0.9666666388511651,"""[0.000246047973632",0.000284194946289,0.000308990478515,0.000321388244628,0.00033378601074200004,0.00034618377685500005,0.00036239624023400003,0.000380516052246,0.000401496887207,0.00043773651123000005," 0.00143814086914]""",0.0035858154296870004,0.00036334991455000003,2.873994350433349,0.025299571454524,0.006660461425781,0.00041961669921800006,0.0032920837402340003,0.0032920837402340003,0.502430555555555,0.502546296296296,0.00011574074074
1878822745341,187882274534,1,0,106885152968,0.9933333396911621,"""[0.00027275085449200004",0.00031375885009700004,0.000327110290527,0.000341415405273,0.00035572052001900005,0.000370979309082,0.00038528442382800005,0.000403404235839,0.00042915344238200005,0.000464439392089," 0.001522064208984]""",0.001726150512695,0.00038719177246000004,2.331211566925048,0.021986732259392003,0.006660461425781,0.00041961669921800006,0.003299713134765,0.0032958984375,0.508680555555555,0.5087962962962961,0.00011574074074
1878822745341,187882274534,1,0,106885152968,1.0,"""[0.000260353088378",0.00029277801513600003,0.00031471252441400005,0.000328063964843,0.000341415405273,0.00035476684570300005,0.000372886657714,0.00039005279541,0.00041770935058500004,0.000472068786621," 0.010086059570312]""",0.010726928710937,0.0005044937133780001,2.367419242858886,0.021161206066608002,0.006660461425781,0.00041961669921800006,0.0032958984375,0.0032920837402340003,0.504976851851851,0.5050925925925921,0.00011574074074
1878822745341,187882274534,1,0,106885152968,0.996666669845581,"""[0.000258445739746",0.00029563903808500004,0.00031566619873000005,0.000328063964843,0.000340461730957,0.00035285949707000003,0.000369071960449,0.00038433074951100003,0.00040721893310500005,0.00045394897460900003," 0.001613616943359]""",0.0015087127685540001,0.00037479400634700004,2.241613388061523,0.021485520526766003,0.006660461425781,0.00041961669921800006,0.0032958984375,0.0032958984375,0.5069444444444441,0.507060185185185,0.00011574074074
1878822745341,187882274534,1,0,106885152968,0.9666666388511651,"""[0.00027084350585900003",0.000298500061035,0.00031661987304600005,0.00032901763916,0.000341415405273,0.00035381317138600003,0.000369071960449,0.00038433074951100003,0.00040626525878900005,0.00045490264892500003," 0.000730514526367]""",0.0022239685058590003,0.00037384033203100004,2.260658502578735,0.020794037729501003,0.006660461425781,0.00041961669921800006,0.0032920837402340003,0.003288269042968,0.501157407407407,0.501273148148148,0.00011574074074
1878822745341,187882274534,1,0,106885152968,0.990000009536743,"""[0.000268936157226",0.00031280517578100004,0.000328063964843,0.000342369079589,0.00035667419433500004,0.000370979309082,0.00038623809814400005,0.00040435791015600004,0.000431060791015,0.000482559204101," 0.0014171600341790001]""",0.00137710571289,0.00039291381835900003,1.900356292724609,0.018812198191881003,0.006660461425781,0.00041961669921800006,0.0032920837402340003,0.0032920837402340003,0.501388888888888,0.501504629629629,0.00011574074074
1878822745341,187882274534,1,0,106885152968,0.9733333587646481,"""[0.00026321411132800005",0.000298500061035,0.000321388244628,0.000338554382324,0.00035572052001900005,0.00036811828613200005,0.000381469726562,0.00039482116699200004,0.00041770935058500004,0.00044727325439400005," 0.001537322998046]""",0.001779556274414,0.000379562377929,2.071419954299926,0.017529290169477,0.006660461425781,0.00041961669921800006,0.0032958984375,0.0032920837402340003,0.503356481481481,0.503472222222222,0.00011574074074
1878822745341,187882274534,1,0,106885152968,0.996666669845581,"""[0.000258445739746",0.000284194946289,0.000306129455566,0.000320434570312,0.00033378601074200004,0.00034713745117100005,0.00036334991455000003,0.000380516052246,0.00039863586425700005,0.00043678283691400005," 0.017425537109375]""",0.02325439453125,0.0004959106445310001,2.606009721755981,0.022213445976376003,0.006660461425781,0.00041961669921800006,0.0032920837402340003,0.003288269042968,0.5001157407407401,0.500231481481481,0.00011574074074
1878822745341,187882274534,1,0,106885152968,0.990000009536743,"""[0.000250816345214",0.000308990478515,0.000330924987792,0.000351905822753,0.00037765502929600005,0.000402450561523,0.00042915344238200005,0.00045776367187500005,0.000490188598632,0.000544548034667," 0.0009174346923820001]""",0.0030822753906250004,0.00042438507080000003,2.873994350433349,0.025299571454524,0.006660461425781,0.00041961669921800006,0.0032920837402340003,0.0032920837402340003,0.502199074074074,0.502314814814814,0.00011574074074
1878822745341,187882274534,1,0,106885152968,0.9800000190734861,"""[0.000274658203125",0.000317573547363,0.00033378601074200004,0.000349044799804,0.00036430358886700004,0.000378608703613,0.00039291381835900003,0.00041389465332000003,0.00043773651123000005,0.000490188598632," 0.0008258819580070001]""",0.002368927001953,0.00039863586425700005,2.3859798908233643,0.021464332938194,0.006660461425781,0.00041961669921800006,0.0032958984375,0.0032920837402340003,0.5048611111111111,0.504976851851851,0.00011574074074
1878822745341,187882274534,1,0,106885152968,0.9933333396911621,"""[0.00028610229492100005",0.000321388244628,0.00034332275390600004,0.000360488891601,0.00037574768066400005,0.00039005279541,0.00040626525878900005,0.00042343139648400003,0.000442504882812,0.00048828124999999995," 0.0018024444580070002]""",0.001659393310546,0.00040531158447200004,2.071419954299926,0.017529290169477,0.006660461425781,0.00041961669921800006,0.0032920837402340003,0.0032920837402340003,0.503009259259259,0.5031249999999999,0.00011574074074
1878822745341,187882274534,1,0,106885152968,0.9399999976158141,"""[0.00027084350585900003",0.000319480895996,0.000335693359375,0.00035285949707000003,0.00036525726318300004,0.00037765502929600005,0.000391006469726,0.00040817260742100005,0.000430107116699,0.00045967102050700005," 0.001413345336914]""",0.002185821533203,0.00039005279541,2.241613388061523,0.021485520526766003,0.006660461425781,0.00041961669921800006,0.0032958984375,0.0032958984375,0.507523148148148,0.5076388888888881,0.00011574074074
1878822745341,187882274534,1,0,106885152968,0.9866666793823241,"""[0.000268936157226",0.000311851501464,0.00032901763916,0.00034713745117100005,0.000361442565917,0.00037479400634700004,0.000388145446777,0.00040531158447200004,0.00042724609375,0.00047588348388600003," 0.000913619995117]""",0.002002716064453,0.000389099121093,2.331211566925048,0.021986732259392003,0.006660461425781,0.00041961669921800006,0.0032958984375,0.0032958984375,0.507986111111111,0.5081018518518511,0.00011574074074
1878822745341,187882274534,1,0,106885152968,0.9733333587646481,"""[0.000249862670898",0.00029182434082000003,0.00031566619873000005,0.000330924987792,0.00034618377685500005,0.00036334991455000003,0.000381469726562,0.000401496887207,0.00042915344238200005,0.00048637390136700004," 0.01068115234375]""",0.01983642578125,0.000518798828125,2.873994350433349,0.025299571454524,0.006660461425781,0.00041961669921800006,0.0032920837402340003,0.0032920837402340003,0.502314814814814,0.502430555555555,0.00011574074074
1878822745341,187882274534,1,0,106885152968,0.9800000190734861,"""[0.00029182434082000003",0.000309944152832,0.000321388244628,0.00033378601074200004,0.00034618377685500005,0.000360488891601,0.00037765502929600005,0.00039482116699200004,0.000422477722167,0.00046634674072200004," 0.001535415649414]""",0.002368927001953,0.000382423400878,2.077852725982666,0.019089244306087,0.006660461425781,0.00041961669921800006,0.0032958984375,0.0032958984375,0.5064814814814811,0.506597222222222,0.00011574074074
1878822745341,187882274534,1,0,106885152968,0.970000028610229,"""[0.00029468536376900005",0.000321388244628,0.00033760070800700005,0.00035285949707000003,0.00036525726318300004,0.00037765502929600005,0.00039005279541,0.00040817260742100005,0.000432014465332,0.00047969818115200006," 0.001520156860351]""",0.0019226074218750002,0.00039386749267500003,2.331211566925048,0.021986732259392003,0.006660461425781,0.00041961669921800006,0.003299713134765,0.0032958984375,0.508449074074074,0.5085648148148141,0.00011574074074
1878822745341,187882274534,1,0,106885152968,0.983333349227905,"""[0.000248908996582",0.00029182434082000003,0.00031375885009700004,0.000327110290527,0.000340461730957,0.00035381317138600003,0.000372886657714,0.000391006469726,0.00041580200195300005,0.00044536590576100003," 0.001369476318359]""",0.001543045043945,0.000370979309082,2.077852725982666,0.019089244306087,0.006660461425781,0.00041961669921800006,0.0032958984375,0.0032958984375,0.506597222222222,0.5067129629629631,0.00011574074074
1878822745341,187882274534,1,0,106885152968,1.0,"""[0.000267028808593",0.000287055969238,0.000306129455566,0.000319480895996,0.00033283233642500003,0.00034523010253900005,0.000360488891601,0.000379562377929,0.00040054321289,0.00043582916259700004," 0.00126838684082]""",0.001352310180664,0.00036334991455000003,2.077852725982666,0.019089244306087,0.006660461425781,0.00041961669921800006,0.0032958984375,0.0032958984375,0.5067129629629631,0.506828703703703,0.00011574074074
1878822745341,187882274534,1,0,106885152968,0.990000009536743,"""[0.000274658203125",0.000311851501464,0.00032520294189400005,0.000338554382324,0.000351905822753,0.0003662109375,0.000380516052246,0.00039577484130800004,0.000421524047851,0.00045871734619100005," 0.001482009887695]""",0.001420974731445,0.000378608703613,2.389558792114257,0.0206094160676,0.006660461425781,0.00041961669921800006,0.0032920837402340003,0.0032920837402340003,0.502893518518518,0.503009259259259,0.00011574074074
1878822745341,187882274534,1,0,106885152968,0.9858657121658321,"""[0.000296592712402",0.00033378601074200004,0.00035667419433500004,0.000369071960449,0.000381469726562,0.00039482116699200004,0.00041389465332000003,0.000433921813964,0.00046825408935500005,0.0005216598510740001," 0.0016536712646480001]""",0.00154685974121,0.000422477722167,2.330092191696167,0.021981412544846,0.006660461425781,0.00041961669921800006,0.003299713134765,0.0032958984375,0.5087962962962961,0.5089054783950611,0.000109182098765
1878822745341,187882274534,1,0,106885152968,0.9800000190734861,"""[0.00027275085449200004",0.00030517578125,0.00032234191894500003,0.00033760070800700005,0.00035285949707000003,0.000370025634765,0.000388145446777,0.000410079956054,0.00043773651123000005,0.000493049621582," 0.00933837890625]""",0.009902954101562,0.000528335571289,2.241613388061523,0.021485520526766003,0.006660461425781,0.00041961669921800006,0.0032958984375,0.0032958984375,0.507291666666666,0.5074074074074071,0.00011574074074
1878822745341,187882274534,1,0,106885152968,0.983333349227905,"""[0.000288009643554",0.00032424926757800005,0.00034618377685500005,0.00036239624023400003,0.00037479400634700004,0.000388145446777,0.00040531158447200004,0.00042724609375,0.000452995300292,0.000489234924316," 0.0017108917236320002]""",0.0019092559814450002,0.000409126281738,2.496252059936523,0.023265268653631002,0.006660461425781,0.00041961669921800006,0.0032958984375,0.0032920837402340003,0.503935185185185,0.504050925925925,0.00011574074074
1878822745341,187882274534,1,0,106885152968,0.9599999785423271,"""[0.000300407409667",0.00032520294189400005,0.00034523010253900005,0.000361442565917,0.00037479400634700004,0.000389099121093,0.00040435791015600004,0.000422477722167,0.000442504882812,0.00047874450683500004," 0.001821517944335]""",0.002185821533203,0.000410079956054,2.496252059936523,0.023265268653631002,0.006660461425781,0.00041961669921800006,0.0032958984375,0.0032920837402340003,0.504050925925925,0.504166666666666,0.00011574074074
1878822745341,187882274534,1,0,106885152968,0.970000028610229,"""[0.00027179718017500003",0.000311851501464,0.00032615661621000004,0.000340461730957,0.00035572052001900005,0.000370979309082,0.00038623809814400005,0.000403404235839,0.00042629241943300004,0.00047588348388600003," 0.011383056640625002]""",0.023101806640625003,0.0005331039428710001,2.077852725982666,0.019089244306087,0.006660461425781,0.00041961669921800006,0.0032958984375,0.0032958984375,0.50636574074074,0.5064814814814811,0.00011574074074
1878822745341,187882274534,1,0,106885152968,0.990000009536743,"""[0.000288009643554",0.000320434570312,0.00033950805664,0.000357627868652,0.00037384033203100004,0.000389099121093,0.00040817260742100005,0.000430107116699,0.00045871734619100005,0.0005025863647460001," 0.00124168395996]""",0.001581192016601,0.00040531158447200004,2.310153007507324,0.021066283807158002,0.006660461425781,0.00041961669921800006,0.0032920837402340003,0.003288269042968,0.500810185185185,0.500925925925925,0.00011574074074
1878822745341,187882274534,1,0,106885152968,0.990000009536743,"""[0.00027847290039",0.000317573547363,0.00033283233642500003,0.000349044799804,0.00036334991455000003,0.00037765502929600005,0.000391960144042,0.00041580200195300005,0.00044441223144500003,0.000497817993164," 0.0081787109375]""",0.009323120117187,0.000513076782226,2.310153007507324,0.021066283807158002,0.006660461425781,0.00041961669921800006,0.0032920837402340003,0.0032920837402340003,0.501041666666666,0.501157407407407,0.00011574074074
1878822745341,187882274534,1,0,106885152968,0.996666669845581,"""[0.00025177001953100004",0.000288009643554,0.000310897827148,0.00032520294189400005,0.00033950805664,0.00035381317138600003,0.000369071960449,0.00038433074951100003,0.00040626525878900005,0.000460624694824," 0.016204833984375]""",0.017425537109375,0.000523567199707,2.367419242858886,0.021161206066608002,0.006660461425781,0.00041961669921800006,0.0032958984375,0.0032920837402340003,0.505439814814814,0.5055555555555551,0.00011574074074
1878822745341,187882274534,1,0,106885152968,0.9933333396911621,"""[0.00031280517578100004",0.000351905822753,0.00036525726318300004,0.000378608703613,0.000391006469726,0.00040721893310500005,0.00042343139648400003,0.000439643859863,0.00047016143798800006,0.000518798828125," 0.0016422271728510002]""",0.001543045043945,0.000431060791015,2.32895278930664,0.021975999698042002,0.006660461425781,0.00041961669921800006,0.003299713134765,0.0032958984375,0.509375,0.5094907407407401,0.00011574074074
1878822745341,187882274534,1,0,106885152968,0.9733333587646481,"""[0.00026416778564400005",0.00030422210693300004,0.000320434570312,0.00033473968505800004,0.000349044799804,0.00036334991455000003,0.000379562377929,0.00039482116699200004,0.000421524047851,0.00046539306640600004," 0.013626098632812]""",0.012710571289062,0.000490188598632,2.071419954299926,0.017529290169477,0.006660461425781,0.00041961669921800006,0.0032958984375,0.0032920837402340003,0.503703703703703,0.503819444444444,0.00011574074074
1878822745341,187882274534,1,0,106885152968,0.9733333587646481,"""[0.000276565551757",0.00031661987304600005,0.000330924987792,0.00034618377685500005,0.000361442565917,0.00037670135498000005,0.000391960144042,0.000411987304687,0.00043487548828100004,0.0004911422729490001," 0.019805908203125]""",0.0211181640625,0.000560760498046,2.241613388061523,0.021485520526766003,0.006660461425781,0.00041961669921800006,0.0032958984375,0.0032958984375,0.5076388888888881,0.507754629629629,0.00011574074074
