UniqJobId,collection_id,instance_index,priority,machine_id,sample_rate,cpu_usage_distribution1,cpu_usage_distribution2,cpu_usage_distribution3,cpu_usage_distribution4,cpu_usage_distribution5,cpu_usage_distribution6,cpu_usage_distribution7,cpu_usage_distribution8,cpu_usage_distribution9,cpu_usage_distribution10,cpu_usage_distribution11,max_cpu,avg_cpu,cycles_per_instruction,memory_accesses_per_instruction,assigned_memory,page_cache_memory,max_memory,avg_memory,start_time,end_time,time_window
188032574751,18803257475,1,0,373226300037,1.0,"""[0",0.0,0.0,0.0,0.0,0.0,0.0,0.0,0.0,0.0," 0]""",0.0,0.0,0.0,0.0,0.00390625,0.0,0.0,0.0,0.508680555555555,0.508738425925925,5.787037037037038e-05
188032574751,18803257475,1,0,21305997,1.0,"""[9.5367431640625e-07",9.5367431640625e-07,9.5367431640625e-07,9.5367431640625e-07,9.5367431640625e-07,9.5367431640625e-07,9.5367431640625e-07,9.5367431640625e-07,9.5367431640625e-07,9.5367431640625e-07," 9.5367431640625e-07]""",0.0,0.0,0.0,0.0,0.00390625,0.0,0.0,0.0,0.505164351851851,0.505164737654321,3.858024691358024e-07
188032574751,18803257475,1,0,21305997,1.0,"""[0",0.0,0.0,0.0,0.0,0.0,0.0,0.0,0.0,0.0," 0]""",0.0,0.0,0.0,0.0,0.00390625,0.0,0.0,0.0,0.5050925925925921,0.505164351851851,7.175925925925926e-05
188032574751,18803257475,1,0,22620985,1.0,"""[0",0.0,0.0,0.0,0.0,0.0,0.0,0.0,0.0,0.0," 0]""",0.0,0.0,0.0,0.0,0.00390625,0.0,0.0,0.0,0.505439814814814,0.505545910493827,0.00010609567901200001
188032574751,18803257475,1,0,22620985,1.0,"""[0",0.0,0.0,0.0,0.0,0.0,0.0,0.0,0.0,0.0," 0]""",0.0,0.0,0.0,0.0,0.00390625,0.0,9.5367431640625e-07,0.0,0.505359953703703,0.505439814814814,7.986111111111112e-05
188032574751,18803257475,1,0,40486423651,1.0,"""[0",0.0,0.0,0.0,0.0,9.5367431640625e-07,9.5367431640625e-07,9.5367431640625e-07,9.5367431640625e-07,9.5367431640625e-07," 9.5367431640625e-07]""",9.5367431640625e-07,9.5367431640625e-07,0.0,0.0,0.00390625,0.0,0.0,0.0,0.50081211419753,0.5008128858024691,7.716049382716048e-07
188032574751,18803257475,1,0,373226300037,1.0,"""[9.5367431640625e-07",9.5367431640625e-07,9.5367431640625e-07,9.5367431640625e-07,9.5367431640625e-07,9.5367431640625e-07,9.5367431640625e-07,9.5367431640625e-07,9.5367431640625e-07,9.5367431640625e-07," 9.5367431640625e-07]""",0.0,0.0,0.0,0.0,0.00390625,0.0,0.0,0.0,0.508738425925925,0.508739197530864,7.716049382716048e-07
188032574751,18803257475,1,0,40486423651,1.0,"""[0",0.0,0.0,0.0,0.0,0.0,0.0,0.0,0.0,0.0," 0]""",0.0,0.0,0.0,0.0,0.00390625,0.0,0.0,0.0,0.500694444444444,0.500810185185185,0.00011574074074
188032574751,18803257475,1,0,40486423651,1.0,"""[0",0.0,0.0,0.0,0.0,0.0,0.0,0.0,0.0,0.0," 0]""",0.0,0.0,0.0,0.0,0.00390625,0.0,0.0,0.0,0.500810185185185,0.50081211419753,1.929012345679012e-06
188032574751,18803257475,1,0,21305997,1.0,"""[0",0.0,0.0,0.0,0.0,0.0,0.0,0.0,0.0,0.0," 0]""",0.0,0.0,0.0,0.0,0.00390625,0.0,0.0,0.0,0.504976851851851,0.5050925925925921,0.00011574074074
188032574751,18803257475,1,0,373226300037,1.0,"""[0",0.0,0.0,0.0,0.0,0.0,0.0,0.0,0.0,0.0," 0]""",0.0,0.0,0.0,0.0,0.00390625,0.0,0.0,0.0,0.5085648148148141,0.508680555555555,0.00011574074074
188032574751,18803257475,1,0,40486423651,1.0,"""[0",0.0,0.0,0.0,0.0,0.0,0.0,0.0,0.0,0.0," 0]""",0.0,0.0,0.0,0.0,0.00390625,0.0,9.5367431640625e-07,0.0,0.500618055555555,0.500694444444444,7.638888888888889e-05
188032574751,18803257475,1,0,22620985,1.0,"""[0",0.0,0.0,0.0,0.0,0.0,0.0,0.0,0.0,0.0,"0]""",0.0,0.0,0.0,0.0,0.00390625,0.0,0.0,0.0,0.505545910493827,0.505546296296296,3.858024691358024e-07
188032574751,18803257475,1,0,373226300037,1.0,"""[0",0.0,0.0,0.0,0.0,0.0,0.0,0.0,0.0,0.0," 0]""",0.0,0.0,0.0,0.0,0.00390625,0.0,0.0,0.0,0.5085559413580241,0.5085648148148141,8.873456790123455e-06
