UniqJobId,collection_id,instance_index,priority,machine_id,sample_rate,cpu_usage_distribution1,cpu_usage_distribution2,cpu_usage_distribution3,cpu_usage_distribution4,cpu_usage_distribution5,cpu_usage_distribution6,cpu_usage_distribution7,cpu_usage_distribution8,cpu_usage_distribution9,cpu_usage_distribution10,cpu_usage_distribution11,max_cpu,avg_cpu,cycles_per_instruction,memory_accesses_per_instruction,assigned_memory,page_cache_memory,max_memory,avg_memory,start_time,end_time,time_window
1891406366760,189140636676,0,0,151929020,1.0,"""[0.000179290771484",0.00022888183593700002,0.000245094299316,0.000260353088378,0.000275611877441,0.000289916992187,0.00030422210693300004,0.000327110290527,0.00035476684570300005,0.00045871734619100005," 0.010269165039062]""",0.010269165039062,0.0004911422729490001,3.321653127670288,0.024630166590213002,0.004737854003906,0.00015926361083900002,0.001895904541015,0.0018768310546870002,0.509143518518518,0.5092214506172841,7.79320987654321e-05
1891406366760,189140636676,0,0,151929020,1.0,"""[0.000712394714355",0.001136779785156,0.002052307128906,0.004966735839843001,0.005302429199218001,0.007240295410156,0.009689331054687,0.010711669921875,0.013397216796875002,0.014450073242187," 0.015838623046875]""",0.016937255859375,0.0087890625,0.0,0.0,0.004737854003906,0.00026321411132800005,0.001459121704101,0.001192092895507,0.5079822530864191,0.507986111111111,3.858024691358024e-06
1891406366760,189140636676,0,0,151929020,1.0,"""[0.000161170959472",0.00019931793212800002,0.00022792816162100002,0.00025177001953100004,0.00027370452880800004,0.00029468536376900005,0.00031566619873000005,0.00033473968505800004,0.00035667419433500004,0.00040721893310500005," 0.0012798309326170001]""",0.0012798309326170001,0.000310897827148,3.402323722839355,0.024881096556782,0.004737854003906,0.00015830993652300002,0.001880645751953,0.0018749237060540001,0.5090277777777771,0.509143518518518,0.00011574074074
1891406366760,189140636676,0,0,151920041,1.0,"""[0",0.0,0.0,0.0,0.0,0.0,9.5367431640625e-07,9.5367431640625e-07,9.5367431640625e-07,9.5367431640625e-07," 9.5367431640625e-07]""",0.001115798950195,0.0,4.364962577819824,0.026329120621085,0.004737854003906,0.000358581542968,0.00010871887207,8.0108642578125e-05,0.5036724537037031,0.5036739969135801,1.5432098765432092e-06
1891406366760,189140636676,0,0,151929020,1.0,"""[0.00022506713867100002",0.00028228759765600004,0.000308036804199,0.00032234191894500003,0.000336647033691,0.000350952148437,0.000370025634765,0.000389099121093,0.000422477722167,0.000508308410644," 0.011611938476562]""",0.011611938476562,0.000539779663085,3.06098461151123,0.021202735602855002,0.004737854003906,0.00028228759765600004,0.0017108917236320002,0.00169563293457,0.5083333333333331,0.508449074074074,0.00011574074074
1891406366760,189140636676,0,0,151929020,1.0,"""[0.000152587890625",0.0001802444458,0.00019454956054600002,0.00020790100097600002,0.000222206115722,0.00023937225341700002,0.000257492065429,0.00028228759765600004,0.00031566619873000005,0.000370025634765," 0.0022392272949210003]""",0.002243041992187,0.00028324127197200004,3.8705191612243652,0.026337444782257004,0.004737854003906,0.00015830993652300002,0.001882553100585,0.0018749237060540001,0.508912037037037,0.5090277777777771,0.00011574074074
1891406366760,189140636676,0,0,151929020,1.0,"""[0.00021839141845700002",0.000268936157226,0.000284194946289,0.000299453735351,0.00031566619873000005,0.000330924987792,0.00034618377685500005,0.000369071960449,0.00039768218994100005,0.00045108795166," 0.002674102783203]""",0.002674102783203,0.000360488891601,3.069810390472412,0.021271592006087,0.004737854003906,0.000348091125488,0.001712799072265,0.001697540283203,0.508217592592592,0.5083333333333331,0.00011574074074
1891406366760,189140636676,0,0,151929020,1.0,"""[0.000280380249023",0.000327110290527,0.00035285949707000003,0.00036811828613200005,0.000382423400878,0.00039768218994100005,0.00041675567626900005,0.00043487548828100004,0.00046634674072200004,0.000536918640136," 0.006484985351562]""",0.006484985351562,0.00046539306640600004,2.8715615272521973,0.019724844023585,0.004737854003906,0.00017833709716700002,0.001873016357421,0.0017471313476560002,0.5085648148148141,0.508680555555555,0.00011574074074
1891406366760,189140636676,0,0,151920041,1.0,"""[0.00020885467529200002",0.000248908996582,0.00027084350585900003,0.000284194946289,0.000298500061035,0.00031280517578100004,0.00032901763916,0.00034618377685500005,0.00037384033203100004,0.000433921813964," 0.0037803649902340003]""",0.0037803649902340003,0.000349044799804,4.364962577819824,0.02632911875844,0.004737854003906,0.000358581542968,0.0017833709716790001,0.0017642974853510002,0.503587962962962,0.503665895061728,7.79320987654321e-05
1891406366760,189140636676,0,0,151920041,1.0,"""[0.000247955322265",0.000250816345214,0.00027275085449200004,0.000299453735351,0.000319480895996,0.00033760070800700005,0.000361442565917,0.00040531158447200004,0.000431060791015,0.0007839202880850001," 0.0024833679199210003]""",0.0024833679199210003,0.000494956970214,4.364962577819824,0.026329120621085,0.004737854003906,0.000358581542968,0.001779556274414,0.00177001953125,0.503665895061728,0.5036709104938271,5.015432098765432e-06
1891406366760,189140636676,0,0,151929020,1.0,"""[0.00018119812011700001",0.00019454956054600002,0.00020980834960900003,0.00022411346435500002,0.00024032592773400003,0.000255584716796,0.00027275085449200004,0.00029277801513600003,0.00031566619873000005,0.000349044799804," 0.001991271972656]""",0.001991271972656,0.000288963317871,3.321653127670288,0.024630166590213002,0.004737854003906,0.00016403198242100002,0.001895904541015,0.0018844604492180002,0.5092214506172841,0.5092592592592591,3.780864197530864e-05
1891406366760,189140636676,0,0,151929020,1.0,"""[0.00016403198242100002",0.00019454956054600002,0.00021743774414,0.00022983551025300002,0.00024223327636700001,0.000253677368164,0.000266075134277,0.00028610229492100005,0.000306129455566,0.00034618377685500005," 0.002098083496093]""",0.002094268798828,0.00028228759765600004,3.783092975616455,0.028032204136252,0.004737854003906,0.00016689300537100002,0.0018997192382810002,0.0018863677978510002,0.5092592592592591,0.509375,0.00011574074074
1891406366760,189140636676,0,0,151929020,1.0,"""[0.000165939331054",0.000196456909179,0.00021839141845700002,0.00022983551025300002,0.00023937225341700002,0.000249862670898,0.000259399414062,0.000276565551757,0.000298500061035,0.000335693359375," 0.001312255859375]""",0.001308441162109,0.000269889831542,3.9247655868530273,0.029076708480715002,0.004737854003906,0.00017642974853500002,0.0019073486328120002,0.0018978118896480001,0.509375,0.5094907407407401,0.00011574074074
1891406366760,189140636676,0,0,151929020,1.0,"""[0.00024032592773400003",0.00030517578125,0.000329971313476,0.00035381317138600003,0.000372886657714,0.000391960144042,0.00042629241943300004,0.000464439392089,0.000542640686035,0.000792503356933," 0.022918701171875003]""",0.022918701171875003,0.0009613037109370001,0.0,0.0,0.004737854003906,0.00036334991455000003,0.002021789550781,0.001834869384765,0.507986111111111,0.5081018518518511,0.00011574074074
1891406366760,189140636676,0,0,151929020,1.0,"""[0.00023555755615200003",0.00031280517578100004,0.00033187866210900003,0.000349998474121,0.000371932983398,0.00039291381835900003,0.00041580200195300005,0.00043773651123000005,0.00046634674072200004,0.0005111694335930001," 0.001482009887695]""",0.001482009887695,0.00041484832763600003,2.8715615272521973,0.019724844023585,0.004737854003906,0.00018119812011700001,0.001697540283203,0.001689910888671,0.508449074074074,0.5085648148148141,0.00011574074074
1891406366760,189140636676,0,0,151929020,1.0,"""[0.00016403198242100002",0.00021266937255800001,0.00023269653320300002,0.000247955322265,0.00026321411132800005,0.000281333923339,0.000300407409667,0.00032424926757800005,0.000350952148437,0.000430107116699," 0.0021476745605460003]""",0.0021476745605460003,0.00031471252441400005,2.8715615272521973,0.019724844023585,0.004737854003906,0.00017261505126900002,0.001880645751953,0.001873016357421,0.508680555555555,0.5087962962962961,0.00011574074074
1891406366760,189140636676,0,0,151929020,1.0,"""[0.000155448913574",0.000185966491699,0.00020408630371000002,0.000221252441406,0.00023651123046800003,0.000250816345214,0.000267028808593,0.00029277801513600003,0.00032901763916,0.000389099121093," 0.0076904296875]""",0.0076904296875,0.000381469726562,3.741091012954711,0.025480695068836,0.004737854003906,0.00016307830810500002,0.001880645751953,0.001873016357421,0.5087962962962961,0.508912037037037,0.00011574074074
1891406366760,189140636676,0,0,151920041,1.0,"""[0.000247001647949",0.000279426574707,0.00030517578125,0.000320434570312,0.00033378601074200004,0.000348091125488,0.0003662109375,0.000388145446777,0.00041866302490200006,0.00046920776367100005," 0.0017032623291010002]""",0.0017032623291010002,0.000381469726562,0.0,0.0,0.004737854003906,0.000358581542968,0.001901626586914,0.001766204833984,0.503472222222222,0.503587962962962,0.00011574074074
