UniqJobId,collection_id,instance_index,priority,machine_id,sample_rate,cpu_usage_distribution1,cpu_usage_distribution2,cpu_usage_distribution3,cpu_usage_distribution4,cpu_usage_distribution5,cpu_usage_distribution6,cpu_usage_distribution7,cpu_usage_distribution8,cpu_usage_distribution9,cpu_usage_distribution10,cpu_usage_distribution11,max_cpu,avg_cpu,cycles_per_instruction,memory_accesses_per_instruction,assigned_memory,page_cache_memory,max_memory,avg_memory,start_time,end_time,time_window
1893821665663,189382166566,3,0,19875185082,1.0,"""[0",0.0,0.0,0.0,0.0,0.0,0.0,0.0,0.0,0.0,"0]""",0.0,0.0,0.0,0.0,0.00044631958007800005,0.0,9.5367431640625e-07,9.5367431640625e-07,0.5094726080246911,0.50947299382716,3.858024691358024e-07
1893821665663,189382166566,3,0,1712866415,1.0,"""[1.2397766113281252e-05",1.2397766113281252e-05,1.2397766113281252e-05,1.2397766113281252e-05,1.2397766113281252e-05,1.2397766113281252e-05,1.2397766113281252e-05,1.2397766113281252e-05,1.2397766113281252e-05,1.2397766113281252e-05," 1.2397766113281252e-05]""",0.0,0.0,0.0,0.0,0.00044631958007800005,0.0,9.5367431640625e-07,9.5367431640625e-07,0.5080412808641971,0.5080416666666661,3.858024691358024e-07
1893821665663,189382166566,3,0,1713257708,1.0,"""[2.9563903808593753e-05",2.9563903808593753e-05,0.00016689300537100002,0.000338554382324,0.000730514526367,0.0009899139404290001,0.001382827758789,0.0015544891357420001,0.0033111572265620004,0.00537109375," 0.00537109375]""",0.006614685058593001,0.001628875732421,0.0,0.0,0.00044631958007800005,0.000113487243652,0.00040435791015600004,0.00020980834960900003,0.50747299382716,0.507476466049382,3.4722222222222215e-06
1893821665663,189382166566,3,0,19875185082,1.0,"""[0",0.0,0.0,0.0,0.0,0.0,0.0,0.0,0.0,0.0," 0]""",0.0,0.0,0.0,0.0,0.00044631958007800005,0.0,9.5367431640625e-07,9.5367431640625e-07,0.509472222222222,0.5094726080246911,3.858024691358024e-07
1893821665663,189382166566,3,0,217943702998,1.0,"""[5.054473876953126e-05",5.054473876953126e-05,0.00020217895507800002,0.0009422302246090001,0.001153945922851,0.0014095306396480001,0.001665115356445,0.0018749237060540001,0.0024833679199210003,0.004798889160156," 0.004798889160156]""",0.004798889160156,0.0016098022460930002,0.0,0.0,0.00044631958007800005,0.000106811523437,0.00038528442382800005,0.00016880035400300002,0.507180941358024,0.507184027777777,3.0864197530864187e-06
1893821665663,189382166566,3,0,1712866415,1.0,"""[0",0.0,0.0,0.0,2.86102294921875e-06,6.67572021484375e-06,1.1444091796875002e-05,1.4305114746093752e-05,1.4305114746093752e-05,1.4305114746093752e-05," 1.4305114746093752e-05]""",0.0,0.0,0.0,0.0,0.00044631958007800005,0.0,9.5367431640625e-07,9.5367431640625e-07,0.508046296296296,0.508046682098765,3.858024691358024e-07
1893821665663,189382166566,3,0,1713257708,1.0,"""[0",0.0,0.0,0.0,0.0,0.0,0.0,0.0,0.0,0.0," 0]""",0.000321388244628,8.0108642578125e-05,0.0,0.0,0.00044631958007800005,0.000165939331054,0.000175476074218,0.000174522399902,0.507476466049382,0.507478009259259,1.5432098765432092e-06
1893821665663,189382166566,3,0,217943702998,1.0,"""[0",0.0,0.0,0.0,0.0,0.0,0.0,0.0,0.0,0.0," 0]""",0.00041770935058500004,8.964538574218751e-05,0.0,0.0,0.00044631958007800005,0.000164985656738,0.000174522399902,0.000174522399902,0.507184027777777,0.5071851851851851,1.157407407407407e-06
1893821665663,189382166566,3,0,19875185082,1.0,"""[0",0.0,0.0,0.0,0.0,0.0,0.0,0.0,0.0,0.0,"0]""",0.0,0.0,0.0,0.0,0.00044631958007800005,0.000149726867675,0.00015735626220700002,0.00015735626220700002,0.5094726080246911,0.50947299382716,3.858024691358024e-07
1893821665663,189382166566,3,0,19875185082,1.0,"""[3.0517578125e-05",5.722045898437501e-05,0.000114440917968,0.00030422210693300004,0.000775337219238,0.00090217590332,0.001047134399414,0.001544952392578,0.0017337799072260002,0.002189636230468," 0.0025138854980460003]""",0.004035949707031,0.001106262207031,0.0,0.0,0.00044631958007800005,9.822845458984376e-05,0.00044536590576100003,0.0001802444458,0.5094668209876541,0.509471450617283,4.629629629629629e-06
1893821665663,189382166566,3,0,1712866415,1.0,"""[0",0.0,0.0,0.0,0.0,0.0,0.0,0.0,0.0,0.0,"0]""",0.0,0.0,0.0,0.0,0.00044631958007800005,0.00016307830810500002,0.00017166137695300002,0.00017166137695300002,0.508046682098765,0.508047067901234,3.858024691358024e-07
1893821665663,189382166566,3,0,1713257708,1.0,"""[0",0.0,0.0,0.0,0.0,0.0,0.0,0.0,0.0,0.0," 0]""",0.0,0.0,0.0,0.0,0.00044631958007800005,0.0,9.5367431640625e-07,9.5367431640625e-07,0.507476851851851,0.507478009259259,1.157407407407407e-06
1893821665663,189382166566,3,0,21372228,1.0,"""[0.000111579895019",0.000165939331054,0.000506401062011,0.0009689331054680001,0.00125503540039,0.0013866424560540001,0.001628875732421,0.002445220947265,0.004135131835937,0.005462646484375," 0.005638122558593001]""",0.0108642578125,0.002059936523437,0.0,0.0,0.00044631958007800005,0.000115394592285,0.00044631958007800005,0.000249862670898,0.508513888888888,0.5085177469135801,3.858024691358024e-06
1893821665663,189382166566,3,0,217943702998,1.0,"""[0",0.0,0.0,0.0,0.0,0.0,0.0,0.0,0.0,0.0," 0]""",0.0,0.0,0.0,0.0,0.00044631958007800005,0.0,9.5367431640625e-07,9.5367431640625e-07,0.5071851851851851,0.507185570987654,3.858024691358024e-07
1893821665663,189382166566,3,0,1712866415,1.0,"""[9.632110595703126e-05",9.632110595703126e-05,0.00017642974853500002,0.00048446655273400003,0.0008583068847650001,0.0010128021240230001,0.0013427734375,0.00259780883789,0.003852844238281,0.004447937011718001," 0.004707336425781]""",0.004837036132812,0.0017070770263670001,0.0,0.0,0.00044631958007800005,0.00010585784912100001,0.00044631958007800005,0.00022029876708900002,0.5080416666666661,0.508045524691358,3.858024691358024e-06
1893821665663,189382166566,3,0,1712866415,1.0,"""[0",0.0,0.0,0.0,0.0,0.0,0.0,0.0,0.0,0.0," 0]""",0.000257492065429,7.343292236328125e-05,0.0,0.0,0.00044631958007800005,0.00016307830810500002,0.00017261505126900002,0.00017166137695300002,0.508045524691358,0.508046682098765,1.157407407407407e-06
1893821665663,189382166566,3,0,1712866415,1.0,"""[0",0.0,0.0,0.0,0.0,0.0,0.0,0.0,0.0,0.0,"0]""",0.0,0.0,0.0,0.0,0.00044631958007800005,0.0,9.5367431640625e-07,9.5367431640625e-07,0.508046682098765,0.508047067901234,3.858024691358024e-07
1893821665663,189382166566,3,0,217943702998,1.0,"""[0",0.0,0.0,0.0,0.0,0.0,0.0,0.0,0.0,0.0," 0]""",0.0,0.0,0.0,0.0,0.00044631958007800005,0.0,9.5367431640625e-07,9.5367431640625e-07,0.507184413580246,0.5071851851851851,7.716049382716048e-07
1893821665663,189382166566,3,0,1713257708,1.0,"""[9.5367431640625e-06",9.5367431640625e-06,9.5367431640625e-06,9.5367431640625e-06,9.5367431640625e-06,9.5367431640625e-06,9.5367431640625e-06,9.5367431640625e-06,9.5367431640625e-06,9.5367431640625e-06," 9.5367431640625e-06]""",0.0,0.0,0.0,0.0,0.00044631958007800005,0.0,9.5367431640625e-07,9.5367431640625e-07,0.5074726080246911,0.50747299382716,3.858024691358024e-07
