UniqJobId,collection_id,instance_index,priority,machine_id,sample_rate,cpu_usage_distribution1,cpu_usage_distribution2,cpu_usage_distribution3,cpu_usage_distribution4,cpu_usage_distribution5,cpu_usage_distribution6,cpu_usage_distribution7,cpu_usage_distribution8,cpu_usage_distribution9,cpu_usage_distribution10,cpu_usage_distribution11,max_cpu,avg_cpu,cycles_per_instruction,memory_accesses_per_instruction,assigned_memory,page_cache_memory,max_memory,avg_memory,start_time,end_time,time_window
1994541182035,199454118203,5,0,24273387482,0.9933333396911621,"""[0.070068359375",0.1025390625,0.1116943359375,0.116943359375,0.126953125,0.135986328125,0.14208984375,0.14794921875,0.154296875,0.163818359375," 0.190673828125]""",0.6982421875,0.13330078125,0.561048746109008,0.00021434946393100002,0.0,0.00021171569824200001,0.007087707519531,0.007026672363281,0.503935185185185,0.504050925925925,0.00011574074074
1994541182035,199454118203,5,0,24273387482,1.0,"""[0.000106811523437",0.000114440917968,0.00012111663818300001,0.000128746032714,0.00013732910156200002,0.000149726867675,0.000161170959472,0.00017356872558500002,0.00024032592773400003,0.000306129455566," 0.007705688476562]""",0.0078125,0.000452995300292,0.45348584651947005,0.000275554921245,0.0,0.00021171569824200001,0.003742218017578,0.0036315917968750004,0.5001157407407401,0.500231481481481,0.00011574074074
1994541182035,199454118203,5,0,24273387482,1.0,"""[9.822845458984376e-05",0.00010490417480400001,0.000111579895019,0.00011825561523400002,0.000124931335449,0.00013160705566400002,0.00014686584472600002,0.00016403198242100002,0.00021266937255800001,0.00026226043701100003," 0.00154685974121]""",0.0015106201171870002,0.000174522399902,2.089861154556274,0.010719442740082,0.0,0.00021171569824200001,0.0036659240722650005,0.003662109375,0.502083333333333,0.502199074074074,0.00011574074074
1994541182035,199454118203,5,0,24273387482,1.0,"""[0.1044921875",0.129638671875,0.1455078125,0.15478515625,0.16455078125,0.175537109375,0.183349609375,0.191650390625,0.197509765625,0.205322265625," 0.235107421875]""",0.45556640625,0.171630859375,2.071764230728149,0.009769203141331001,0.0,0.00021171569824200001,0.007125854492187,0.007102966308593001,0.502546296296296,0.502662037037037,0.00011574074074
1994541182035,199454118203,5,0,24273387482,1.0,"""[0.00013828277587800002",0.000275611877441,0.0010128021240230001,0.001314163208007,0.008941650390625,0.0653076171875,0.08935546875,0.1239013671875,0.154052734375,0.171875," 0.213134765625]""",0.42626953125,0.07177734375,2.88466453552246,0.017578976228833,0.0,0.00021171569824200001,0.007034301757812,0.004959106445312,0.500694444444444,0.500810185185185,0.00011574074074
1994541182035,199454118203,5,0,24273387482,1.0,"""[0.000110626220703",0.007965087890625,0.1246337890625,0.138671875,0.15087890625,0.160400390625,0.16552734375,0.1728515625,0.181396484375,0.189453125," 0.211181640625]""",0.37109375,0.13916015625,0.560682594776153,0.000266789487795,0.0,0.00021171569824200001,0.007179260253906,0.00665283203125,0.502662037037037,0.502777777777777,0.00011574074074
1994541182035,199454118203,5,0,24273387482,1.0,"""[7.152557373046875e-05",9.346008300781251e-05,0.00010395050048800001,0.000114440917968,0.000125885009765,0.000201225280761,0.11865234374999999,0.138427734375,0.154541015625,0.186767578125," 0.227294921875]""",0.2919921875,0.0697021484375,0.5667072534561151,0.00022897879534800001,0.0,0.00021171569824200001,0.007194519042968001,0.005233764648437,0.501041666666666,0.501157407407407,0.00011574074074
1994541182035,199454118203,5,0,24273387482,1.0,"""[9.250640869140626e-05",0.00010013580322200001,0.000107765197753,0.000115394592285,0.000123977661132,0.00013160705566400002,0.000152587890625,0.000175476074218,0.00023078918457,0.00025272369384700004," 0.0007896423339840001]""",0.0007553100585930001,0.00015926361083900002,0.5598317980766291,0.000261882989434,0.0,0.00021171569824200001,0.0036659240722650005,0.0036659240722650005,0.50324074074074,0.503356481481481,0.00011574074074
1994541182035,199454118203,5,0,24273387482,1.0,"""[9.918212890625001e-05",0.00010299682617100001,0.000107765197753,0.000112533569335,0.00011730194091700002,0.0001220703125,0.000126838684082,0.00013160705566400002,0.00015068054199200001,0.00017166137695300002," 0.000589370727539]""",0.0005035400390620001,0.00013637542724600002,2.183283805847168,0.015624943189322001,0.0,0.00021171569824200001,0.0036659240722650005,0.0036659240722650005,0.501851851851851,0.501967592592592,0.00011574074074
1994541182035,199454118203,5,0,24273387482,1.0,"""[0.00010013580322200001",0.000107765197753,0.000115394592285,0.000123977661132,0.00013256072998000002,0.00015068054199200001,0.00016784667968700002,0.000186920166015,0.00020790100097600002,0.00024032592773400003," 0.00038719177246000004]""",0.000341415405273,0.000161170959472,3.232680082321167,0.022586345672607002,0.0,0.00021171569824200001,0.0037574768066400005,0.0037574768066400005,0.5072638888888881,0.507291666666666,2.777777777777777e-05
1994541182035,199454118203,5,0,24273387482,1.0,"""[0.00011730194091700002",0.000129699707031,0.00014114379882800002,0.00015163421630800001,0.00016212463378900002,0.00017261505126900002,0.00020217895507800002,0.00023078918457,0.00025177001953100004,0.00029563903808500004," 0.008041381835937]""",0.008316040039062,0.000473022460937,0.5390323400497431,0.00027108364156400004,0.0,0.00021171569824200001,0.003772735595703,0.0037078857421870004,0.5083333333333331,0.508449074074074,0.00011574074074
1994541182035,199454118203,5,0,24273387482,0.996666669845581,"""[9.918212890625001e-05",0.000106811523437,0.000113487243652,0.00012111663818300001,0.000127792358398,0.000139236450195,0.00015640258789,0.00017356872558500002,0.00022792816162100002,0.000258445739746," 0.0008983612060540001]""",0.0007553100585930001,0.00016880035400300002,0.559541523456573,0.000259614171227,0.0,0.00021171569824200001,0.003730773925781,0.003730773925781,0.502777777777777,0.502893518518518,0.00011574074074
1994541182035,199454118203,5,0,24273387482,1.0,"""[0.00010871887207",0.00013637542724600002,0.000205039978027,0.000558853149414,0.05828857421875,0.0816650390625,0.08935546875,0.09521484375,0.1019287109375,0.10888671875," 0.126708984375]""",0.24365234374999997,0.06097412109375,3.113459110260009,0.021134510636329002,0.0,0.00021171569824200001,0.007179260253906,0.005958557128906,0.507060185185185,0.5071759259259261,0.00011574074074
1994541182035,199454118203,5,0,24273387482,1.0,"""[0.000106811523437",0.000116348266601,0.000125885009765,0.00013732910156200002,0.000152587890625,0.00016784667968700002,0.00018787384033200002,0.00021171569824200001,0.00023746490478500002,0.00026321411132800005," 0.0008745193481440001]""",0.0007553100585930001,0.000185966491699,3.232680082321167,0.022586345672607002,0.0,0.00021171569824200001,0.0037574768066400005,0.0037574768066400005,0.507291666666666,0.5074074074074071,0.00011574074074
1994541182035,199454118203,5,0,24273387482,1.0,"""[0.000123023986816",0.000584602355957,0.000715255737304,0.0008430480957030001,0.000974655151367,0.00102424621582,0.0010967254638670001,0.0011730194091790001,0.0012893676757810002,0.0013866424560540001," 0.001918792724609]""",0.0040283203125,0.0009899139404290001,3.232680082321167,0.022586345672607002,0.0,0.00021171569824200001,0.0037574768066400005,0.0037574768066400005,0.507523148148148,0.5076388888888881,0.00011574074074
1994541182035,199454118203,5,0,24273387482,1.0,"""[0.00033760070800700005",0.005355834960937,0.0545654296875,0.06121826171875,0.066162109375,0.072021484375,0.07763671875,0.0821533203125,0.0875244140625,0.09521484375," 0.141357421875]""",0.185302734375,0.0662841796875,3.232680082321167,0.022586345672607002,0.0,0.00021171569824200001,0.007110595703125001,0.006362915039062,0.5076388888888881,0.507754629629629,0.00011574074074
1994541182035,199454118203,5,0,24273387482,1.0,"""[0.0543212890625",0.0697021484375,0.0765380859375,0.0865478515625,0.10302734375,0.1099853515625,0.1173095703125,0.128173828125,0.155029296875,0.17236328125," 0.19287109375]""",0.23486328124999997,0.114013671875,0.5368102788925171,0.000257957348367,0.0,0.00021171569824200001,0.007133483886718001,0.007118225097656,0.507754629629629,0.5078703703703701,0.00011574074074
1994541182035,199454118203,5,0,24273387482,1.0,"""[0.000106811523437",0.04461669921875,0.131103515625,0.137939453125,0.144775390625,0.1494140625,0.15380859375,0.158447265625,0.1630859375,0.168701171875," 0.18603515625]""",0.185791015625,0.135498046875,0.5366085171699521,0.00025628620642200004,0.0,0.00021171569824200001,0.007171630859375001,0.006790161132812,0.5078703703703701,0.507986111111111,0.00011574074074
1994541182035,199454118203,5,0,24273387482,1.0,"""[9.536743164062501e-05",0.00010395050048800001,0.000112533569335,0.00012111663818300001,0.000130653381347,0.00014591217041000002,0.00016212463378900002,0.00018501281738200003,0.000226974487304,0.000253677368164," 0.000714302062988]""",0.0007553100585930001,0.00016689300537100002,0.457798093557357,0.000306246394757,0.0,0.00021171569824200001,0.003604888916015,0.003604888916015,0.500231481481481,0.500347222222222,0.00011574074074
1994541182035,199454118203,5,0,24273387482,1.0,"""[9.155273437500001e-05",9.822845458984376e-05,0.00010490417480400001,0.000111579895019,0.00011825561523400002,0.000125885009765,0.00013256072998000002,0.00015830993652300002,0.00018405914306600003,0.00021076202392500003," 0.000676155090332]""",0.0007553100585930001,0.00014305114746000002,0.5366085171699521,0.00025628620642200004,0.0,0.00021171569824200001,0.003746032714843,0.003746032714843,0.5081018518518511,0.508217592592592,0.00011574074074
1994541182035,199454118203,5,0,24273387482,1.0,"""[0.0743408203125",0.1318359375,0.14697265625,0.15869140625,0.167724609375,0.173583984375,0.1787109375,0.18408203125,0.189697265625,0.198486328125," 0.229736328125]""",0.46435546874999994,0.168212890625,2.071764230728149,0.009769203141331001,0.0,0.00021171569824200001,0.007087707519531,0.006843566894531,0.502430555555555,0.502546296296296,0.00011574074074
1994541182035,199454118203,5,0,24273387482,1.0,"""[0.1044921875",0.14697265625,0.15673828125,0.163330078125,0.168212890625,0.172607421875,0.17626953125,0.181396484375,0.188720703125,0.201416015625," 0.24267578124999997]""",0.3740234375,0.173095703125,3.705514430999755,0.022057447582483,0.0,0.00021171569824200001,0.007125854492187,0.007118225097656,0.50474537037037,0.5048611111111111,0.00011574074074
1994541182035,199454118203,5,0,24273387482,0.996666669845581,"""[0.000109672546386",0.00012111663818300001,0.00013256072998000002,0.00014114379882800002,0.00015068054199200001,0.000160217285156,0.00016880035400300002,0.000186920166015,0.00023746490478500002,0.000288009643554," 0.000672340393066]""",0.0005350112915030001,0.000179290771484,3.705514430999755,0.022057447582483,0.0,0.00021171569824200001,0.0038146972656250004,0.0038146972656250004,0.504976851851851,0.5050925925925921,0.00011574074074
1994541182035,199454118203,5,0,24273387482,1.0,"""[0.00010013580322200001",0.00010871887207,0.00011825561523400002,0.000126838684082,0.000140190124511,0.00015735626220700002,0.000174522399902,0.00022506713867100002,0.00025177001953100004,0.000288963317871," 0.0009307861328120001]""",0.001007080078125,0.00018882751464800002,3.794966697692871,0.020097432658076002,0.0,0.00021171569824200001,0.0038146972656250004,0.0038146972656250004,0.5050925925925921,0.505208333333333,0.00011574074074
1994541182035,199454118203,5,0,24273387482,1.0,"""[0.00012111663818300001",0.000135421752929,0.000148773193359,0.000161170959472,0.000174522399902,0.00023841857910100002,0.000726699829101,0.0011444091796870002,0.001337051391601,0.00169563293457," 0.002532958984375]""",0.003273010253906,0.0006752014160150001,4.2981038093566895,0.022721914574503,0.0,0.00021171569824200001,0.0036659240722650005,0.0036659240722650005,0.5090277777777771,0.509143518518518,0.00011574074074
1994541182035,199454118203,5,0,24273387482,0.9956140518188471,"""[0.00010871887207",0.000116348266601,0.000123023986816,0.000130653381347,0.000144958496093,0.000160217285156,0.000175476074218,0.00019741058349600002,0.00022029876708900002,0.000247955322265," 0.0008983612060540001]""",0.0007553100585930001,0.00017356872558500002,3.232680082321167,0.022586345672607002,0.0,0.00021171569824200001,0.0037574768066400005,0.0037574768066400005,0.5071759259259261,0.5072638888888881,8.796296296296296e-05
1994541182035,199454118203,5,0,24273387482,1.0,"""[0.00010204315185500001",0.001003265380859,0.0011444091796870002,0.0012264251708980001,0.0013046264648430002,0.0013656616210930002,0.00142478942871,0.001489639282226,0.001550674438476,0.0016918182373040001," 0.009231567382812]""",0.006805419921875001,0.001333236694335,3.823049068450927,0.019482119008898003,0.0,0.00021171569824200001,0.0038146972656250004,0.0038146972656250004,0.5053240740740741,0.505439814814814,0.00011574074074
1994541182035,199454118203,5,0,24273387482,1.0,"""[0.00010108947753900001",0.000107765197753,0.000114440917968,0.00012111663818300001,0.000127792358398,0.000140190124511,0.000161170959472,0.000201225280761,0.00023841857910100002,0.00026321411132800005," 0.001209259033203]""",0.0012588500976560002,0.000170707702636,2.791846513748168,0.017708923667669,0.0,0.00021171569824200001,0.0036659240722650005,0.0036659240722650005,0.503472222222222,0.503587962962962,0.00011574074074
1994541182035,199454118203,5,0,24273387482,1.0,"""[0.00860595703125",0.07470703125,0.11767578124999999,0.158935546875,0.177001953125,0.19189453125,0.199462890625,0.2060546875,0.217041015625,0.22607421875," 0.23974609374999997]""",0.45507812500000006,0.170166015625,3.823049068450927,0.019482119008898003,0.0,0.00021171569824200001,0.007156372070312,0.006568908691406,0.505439814814814,0.5055555555555551,0.00011574074074
1994541182035,199454118203,5,0,24273387482,1.0,"""[0.1041259765625",0.1195068359375,0.130126953125,0.1376953125,0.14404296875,0.150390625,0.154541015625,0.158447265625,0.16162109375,0.166259765625," 0.18212890625]""",0.30029296875,0.146484375,4.2981038093566895,0.022721914574503,0.0,0.00021171569824200001,0.007179260253906,0.007156372070312,0.509375,0.5094907407407401,0.00011574074074
1994541182035,199454118203,5,0,24273387482,1.0,"""[9.536743164062501e-05",0.00010108947753900001,0.000107765197753,0.000114440917968,0.00012111663818300001,0.000127792358398,0.000144004821777,0.000174522399902,0.000195503234863,0.000216484069824," 0.0008506774902340001]""",0.0007553100585930001,0.00015068054199200001,0.5366085171699521,0.00025628620642200004,0.0,0.00021171569824200001,0.003746032714843,0.003746032714843,0.507986111111111,0.5081018518518511,0.00011574074074
1994541182035,199454118203,5,0,24273387482,1.0,"""[0.00010395050048800001",0.0001220703125,0.00025272369384700004,0.000988006591796,0.00177001953125,0.04766845703125,0.068359375,0.095947265625,0.13671875,0.169189453125," 0.233642578125]""",0.36767578125,0.06103515624999999,0.569947898387908,0.00027616776060300003,0.0,0.00021171569824200001,0.007041931152343001,0.004508972167968001,0.504513888888888,0.504629629629629,0.00011574074074
1994541182035,199454118203,5,0,24273387482,0.996666669845581,"""[0.000113487243652",0.00014209747314400002,0.00021362304687500003,0.01409912109375,0.12109375,0.148681640625,0.16455078125,0.172607421875,0.18115234375,0.1923828125," 0.22900390625]""",0.8720703125,0.11376953125,3.705514430999755,0.022057447582483,0.0,0.00021171569824200001,0.007301330566406,0.006088256835937,0.5048611111111111,0.504976851851851,0.00011574074074
1994541182035,199454118203,5,0,24273387482,1.0,"""[7.534027099609375e-05",9.059906005859376e-05,9.727478027343751e-05,0.00010490417480400001,0.000112533569335,0.00012016296386700001,0.000127792358398,0.00014591217041000002,0.00017833709716700002,0.000205039978027," 0.0005769729614250001]""",0.0005035400390620001,0.000130653381347,0.5667072534561151,0.00022897879534800001,0.0,0.00021171569824200001,0.003730773925781,0.003730773925781,0.501157407407407,0.501273148148148,0.00011574074074
1994541182035,199454118203,5,0,24273387482,1.0,"""[9.918212890625001e-05",0.00010395050048800001,0.00010871887207,0.000114440917968,0.00011920928955000001,0.000123977661132,0.000128746032714,0.00013828277587800002,0.000154495239257,0.00017166137695300002," 0.00057315826416]""",0.0005035400390620001,0.000135421752929,2.183283805847168,0.015624943189322001,0.0,0.00021171569824200001,0.0036659240722650005,0.0036659240722650005,0.501736111111111,0.501851851851851,0.00011574074074
1994541182035,199454118203,5,0,24273387482,0.990000009536743,"""[8.583068847656251e-05",0.000106811523437,0.000126838684082,0.015655517578125,0.12060546874999999,0.132080078125,0.138427734375,0.143798828125,0.14892578125,0.154541015625," 0.17236328125]""",1.421875,0.0958251953125,3.823049068450927,0.019482119008898003,0.0,0.00021171569824200001,0.007209777832031,0.006065368652343001,0.505671296296296,0.5057870370370371,0.00011574074074
1994541182035,199454118203,5,0,24273387482,0.9933333396911621,"""[0.00010013580322200001",0.000106811523437,0.000112533569335,0.00011920928955000001,0.000125885009765,0.00013351440429600002,0.000155448913574,0.00018119812011700001,0.00022792816162100002,0.000253677368164," 0.000597953796386]""",0.0005464553833000001,0.000164985656738,2.071764230728149,0.009769203141331001,0.0,0.00021171569824200001,0.003662109375,0.003662109375,0.502199074074074,0.502314814814814,0.00011574074074
1994541182035,199454118203,5,0,24273387482,1.0,"""[0.00010299682617100001",0.000110626220703,0.00011825561523400002,0.000126838684082,0.00013637542724600002,0.000152587890625,0.00016880035400300002,0.00019836425781200002,0.00023078918457,0.00025463104248," 0.000980377197265]""",0.001007080078125,0.00017261505126900002,3.996745347976684,0.021380033344030002,0.0,0.00021171569824200001,0.0036659240722650005,0.0036659240722650005,0.5087962962962961,0.508912037037037,0.00011574074074
1994541182035,199454118203,5,0,24273387482,1.0,"""[0.053955078125",0.0772705078125,0.0848388671875,0.092041015625,0.0980224609375,0.10302734375,0.1072998046875,0.11279296875,0.118896484375,0.12744140625," 0.14794921875]""",0.216552734375,0.10205078125,3.111861228942871,0.0211150534451,0.0,0.00021171569824200001,0.007148742675781,0.007148742675781,0.5069444444444441,0.507060185185185,0.00011574074074
1994541182035,199454118203,5,0,24273387482,0.9933333396911621,"""[9.250640869140626e-05",9.822845458984376e-05,0.00010395050048800001,0.000110626220703,0.000116348266601,0.0001220703125,0.000127792358398,0.00014209747314400002,0.00017738342285100002,0.00023269653320300002," 0.000580787658691]""",0.0005035400390620001,0.000144004821777,2.183283805847168,0.015624943189322001,0.0,0.00021171569824200001,0.0036659240722650005,0.0036659240722650005,0.50162037037037,0.501736111111111,0.00011574074074
1994541182035,199454118203,5,0,24273387482,0.996666669845581,"""[9.441375732421876e-05",0.00010013580322200001,0.00010585784912100001,0.000111579895019,0.00011825561523400002,0.000123977661132,0.000129699707031,0.00015163421630800001,0.00018787384033200002,0.00023555755615200003," 0.0008573532104490001]""",0.0007553100585930001,0.000148773193359,2.791846513748168,0.017708923667669,0.0,0.00021171569824200001,0.0036659240722650005,0.0036659240722650005,0.503587962962962,0.503703703703703,0.00011574074074
1994541182035,199454118203,5,0,24273387482,1.0,"""[8.678436279296876e-05",0.000115394592285,0.000164985656738,0.00021076202392500003,0.000768661499023,0.000922203063964,0.001001358032226,0.001077651977539,0.001167297363281,0.001476287841796," 0.002567291259765]""",0.002769470214843,0.000788688659667,2.903323888778686,0.020471565425395,0.0,0.00021171569824200001,0.0037841796875,0.0037841796875,0.505902777777777,0.5060185185185181,0.00011574074074
1994541182035,199454118203,5,0,24273387482,1.0,"""[9.346008300781251e-05",0.00010108947753900001,0.00010871887207,0.000116348266601,0.000124931335449,0.000134468078613,0.00015640258789,0.0001802444458,0.000216484069824,0.00025272369384700004," 0.000658988952636]""",0.0007553100585930001,0.000165939331054,2.88466453552246,0.017578976228833,0.0,0.00021171569824200001,0.003604888916015,0.003604888916015,0.500347222222222,0.500462962962963,0.00011574074074
1994541182035,199454118203,5,0,24273387482,1.0,"""[0.00010299682617100001",0.00010871887207,0.000114440917968,0.00012016296386700001,0.000125885009765,0.00013160705566400002,0.000149726867675,0.00016784667968700002,0.00021171569824200001,0.000250816345214," 0.0007400512695310001]""",0.0007553100585930001,0.000160217285156,0.559541523456573,0.000259614171227,0.0,0.00021171569824200001,0.003730773925781,0.003730773925781,0.502893518518518,0.503009259259259,0.00011574074074
1994541182035,199454118203,5,0,24273387482,1.0,"""[9.059906005859376e-05",9.536743164062501e-05,0.00010108947753900001,0.00010585784912100001,0.000111579895019,0.00011730194091700002,0.0001220703125,0.000127792358398,0.000140190124511,0.00019931793212800002," 0.00038528442382800005]""",0.0005035400390620001,0.000130653381347,2.791846513748168,0.017708923667669,0.0,0.00021171569824200001,0.0036659240722650005,0.0036659240722650005,0.503356481481481,0.503472222222222,0.00011574074074
1994541182035,199454118203,5,0,24273387482,1.0,"""[0.000106811523437",0.000112533569335,0.00012016296386700001,0.000126838684082,0.00013351440429600002,0.00014209747314400002,0.00015068054199200001,0.00015926361083900002,0.00016784667968700002,0.00019454956054600002," 0.0005826950073240001]""",0.0005035400390620001,0.000148773193359,2.183283805847168,0.015624943189322001,0.0,0.00021171569824200001,0.003662109375,0.003662109375,0.501967592592592,0.502083333333333,0.00011574074074
1994541182035,199454118203,5,0,24273387482,0.983333349227905,"""[0.06072998046875",0.0830078125,0.0933837890625,0.0999755859375,0.109375,0.1146240234375,0.11962890624999999,0.127197265625,0.134765625,0.15185546875," 0.180908203125]""",0.9130859375,0.1151123046875,0.561048746109008,0.00021434946393100002,0.0,0.00021171569824200001,0.007110595703125001,0.007095336914062,0.504050925925925,0.504166666666666,0.00011574074074
1994541182035,199454118203,5,0,24273387482,1.0,"""[9.250640869140626e-05",0.00010585784912100001,0.00012016296386700001,0.000134468078613,0.000149726867675,0.000165939331054,0.00018501281738200003,0.00021171569824200001,0.00023460388183500002,0.000255584716796," 0.000575065612792]""",0.0007553100585930001,0.000179290771484,2.961967945098877,0.020652525126934003,0.0,0.00021171569824200001,0.0037651062011710003,0.0037651062011710003,0.50636574074074,0.5064814814814811,0.00011574074074
1994541182035,199454118203,5,0,24273387482,1.0,"""[0.13037109375",0.16357421875,0.18017578125,0.19189453125,0.201171875,0.208984375,0.21630859375,0.2236328125,0.22851562500000003,0.2353515625," 0.24560546874999997]""",0.39794921875,0.205322265625,3.705514430999755,0.022057447582483,0.0,0.00021171569824200001,0.007110595703125001,0.006996154785156,0.504629629629629,0.50474537037037,0.00011574074074
1994541182035,199454118203,5,0,24273387482,1.0,"""[0.1163330078125",0.1630859375,0.17236328125,0.1796875,0.18408203125,0.187744140625,0.194091796875,0.199462890625,0.208984375,0.2197265625," 0.238525390625]""",0.45703125,0.18994140625,0.572265148162841,0.00027057933039000004,0.0,0.00021171569824200001,0.007080078125,0.007049560546875001,0.500810185185185,0.500925925925925,0.00011574074074
1994541182035,199454118203,5,0,24273387482,1.0,"""[0.06072998046875",0.0814208984375,0.0911865234375,0.1014404296875,0.11083984375,0.1240234375,0.13720703125,0.1513671875,0.1611328125,0.16748046875," 0.18359375]""",0.2626953125,0.1248779296875,3.111861228942871,0.0211150534451,0.0,0.00021171569824200001,0.00714111328125,0.007125854492187,0.506828703703703,0.5069444444444441,0.00011574074074
1994541182035,199454118203,5,0,24273387482,1.0,"""[7.62939453125e-05",8.964538574218751e-05,9.536743164062501e-05,0.00010108947753900001,0.000106811523437,0.000111579895019,0.00011730194091700002,0.000123023986816,0.000128746032714,0.00015068054199200001," 0.000635147094726]""",0.0005035400390620001,0.000116348266601,0.5667072534561151,0.00022897879534800001,0.0,0.00021171569824200001,0.003730773925781,0.003730773925781,0.501273148148148,0.501388888888888,0.00011574074074
1994541182035,199454118203,5,0,24273387482,0.996666669845581,"""[0.000433921813964",0.0006618499755850001,0.000802993774414,0.0009994506835930002,0.0012340545654290001,0.0014877319335930002,0.001901626586914,0.0836181640625,0.1080322265625,0.133056640625," 0.17626953125]""",0.17578125,0.0384521484375,4.2981038093566895,0.022721914574503,0.0,0.00021171569824200001,0.007095336914062,0.0045166015625,0.509143518518518,0.5092592592592591,0.00011574074074
1994541182035,199454118203,5,0,24273387482,1.0,"""[0.09521484375",0.118896484375,0.1279296875,0.133056640625,0.14599609375,0.15673828125,0.1650390625,0.17138671875,0.176513671875,0.184814453125," 0.201171875]""",0.5732421875,0.153076171875,4.2981038093566895,0.022721914574503,0.0,0.00021171569824200001,0.007133483886718001,0.007118225097656,0.5092592592592591,0.509375,0.00011574074074
1994541182035,199454118203,5,0,24273387482,0.996666669845581,"""[8.773803710937501e-05",9.632110595703126e-05,0.00010490417480400001,0.000113487243652,0.0001220703125,0.000129699707031,0.000148773193359,0.00017166137695300002,0.00019454956054600002,0.00021839141845700002," 0.0008087158203120001]""",0.0007553100585930001,0.00015735626220700002,3.480403184890747,0.019850740209221,0.0,0.00021171569824200001,0.0037841796875,0.0037841796875,0.5057870370370371,0.505902777777777,0.00011574074074
1994541182035,199454118203,5,0,24273387482,1.0,"""[0.000300407409667",0.001102447509765,0.00128173828125,0.0015316009521480001,0.09130859375,0.11279296875,0.1243896484375,0.13525390625,0.14794921875,0.161865234375," 0.1943359375]""",0.29638671875,0.0850830078125,2.903323888778686,0.020471565425395,0.0,0.00021171569824200001,0.007133483886718001,0.005714416503906,0.5060185185185181,0.506134259259259,0.00011574074074
1994541182035,199454118203,5,0,24273387482,0.9933333396911621,"""[0.00010395050048800001",0.000116348266601,0.000129699707031,0.007415771484375001,0.00787353515625,0.030792236328125003,0.10595703125,0.1160888671875,0.1337890625,0.144775390625," 0.161376953125]""",0.7158203125,0.0645751953125,0.561048746109008,0.00021434946393100002,0.0,0.00021171569824200001,0.007133483886718001,0.005401611328125,0.504166666666666,0.504282407407407,0.00011574074074
1994541182035,199454118203,5,0,24273387482,0.996666669845581,"""[0.000113487243652",0.000125885009765,0.00015640258789,0.000248908996582,0.0005722045898430001,0.0008850097656250001,0.0013656616210930002,0.04071044921875,0.0587158203125,0.0928955078125," 0.157958984375]""",0.159423828125,0.025115966796875003,2.071764230728149,0.009769203141331001,0.0,0.00021171569824200001,0.005775451660156,0.003974914550781,0.502314814814814,0.502430555555555,0.00011574074074
1994541182035,199454118203,5,0,24273387482,1.0,"""[0.000106811523437",0.000112533569335,0.00011825561523400002,0.000124931335449,0.00013160705566400002,0.000152587890625,0.00017642974853500002,0.00021934509277300002,0.00024223327636700001,0.000275611877441," 0.008087158203125]""",0.012847900390625002,0.000537872314453,0.561048746109008,0.00021434946393100002,0.0,0.00021171569824200001,0.0037689208984370004,0.0036430358886710003,0.504282407407407,0.504398148148148,0.00011574074074
1994541182035,199454118203,5,0,24273387482,1.0,"""[0.00010490417480400001",0.000144958496093,0.053466796875,0.1199951171875,0.127197265625,0.13134765625,0.136962890625,0.145263671875,0.156494140625,0.17431640625," 0.209228515625]""",0.26513671875,0.11376953125,2.903323888778686,0.020471565425395,0.0,0.00021171569824200001,0.007194519042968001,0.006454467773437,0.5062500000000001,0.50636574074074,0.00011574074074
1994541182035,199454118203,5,0,24273387482,1.0,"""[8.964538574218751e-05",9.536743164062501e-05,0.00010013580322200001,0.00010585784912100001,0.000111579895019,0.00011730194091700002,0.000123023986816,0.000127792358398,0.000144958496093,0.00020885467529200002," 0.000482559204101]""",0.0005035400390620001,0.000129699707031,2.88466453552246,0.017578976228833,0.0,0.00021171569824200001,0.003604888916015,0.003604888916015,0.500462962962963,0.500578703703703,0.00011574074074
1994541182035,199454118203,5,0,24273387482,0.996666669845581,"""[9.632110595703126e-05",0.00010108947753900001,0.00010585784912100001,0.000110626220703,0.000115394592285,0.00011920928955000001,0.000123977661132,0.000128746032714,0.00014591217041000002,0.000195503234863," 0.000597953796386]""",0.0007553100585930001,0.00013256072998000002,0.561048746109008,0.00021434946393100002,0.0,0.00021171569824200001,0.0036315917968750004,0.0036315917968750004,0.504398148148148,0.504513888888888,0.00011574074074
1994541182035,199454118203,5,0,24273387482,0.996666669845581,"""[0.00010490417480400001",0.000116348266601,0.000127792358398,0.00014114379882800002,0.000154495239257,0.00016880035400300002,0.000201225280761,0.00023937225341700002,0.000269889831542,0.00032615661621000004," 0.0009737014770500001]""",0.001007080078125,0.000205993652343,2.88466453552246,0.017578976228833,0.0,0.00021171569824200001,0.003604888916015,0.003604888916015,0.500578703703703,0.500694444444444,0.00011574074074
1994541182035,199454118203,5,0,24273387482,0.996666669845581,"""[9.727478027343751e-05",0.00010490417480400001,0.000112533569335,0.00012016296386700001,0.000128746032714,0.00014305114746000002,0.000164985656738,0.000186920166015,0.00021076202392500003,0.00024318695068300001," 0.000640869140625]""",0.0007553100585930001,0.000164985656738,3.996745347976684,0.021380033344030002,0.0,0.00021171569824200001,0.0036659240722650005,0.0036659240722650005,0.5085648148148141,0.508680555555555,0.00011574074074
1994541182035,199454118203,5,0,24273387482,1.0,"""[9.250640869140626e-05",9.727478027343751e-05,0.00010299682617100001,0.000107765197753,0.000112533569335,0.00011825561523400002,0.000123023986816,0.000128746032714,0.00014114379882800002,0.00016689300537100002," 0.0008468627929680001]""",0.0007553100585930001,0.000128746032714,3.996745347976684,0.021380033344030002,0.0,0.00021171569824200001,0.0036659240722650005,0.0036659240722650005,0.508680555555555,0.5087962962962961,0.00011574074074
1994541182035,199454118203,5,0,24273387482,0.996666669845581,"""[9.346008300781251e-05",0.00010299682617100001,0.000111579895019,0.00012111663818300001,0.000129699707031,0.000149726867675,0.00017356872558500002,0.00020790100097600002,0.00024127960205000003,0.000284194946289," 0.008010864257812]""",0.008056640625,0.00042343139648400003,0.559541523456573,0.000259614171227,0.0,0.00021171569824200001,0.0037574768066400005,0.0037078857421870004,0.503009259259259,0.5031249999999999,0.00011574074074
1994541182035,199454118203,5,0,24273387482,1.0,"""[9.346008300781251e-05",9.822845458984376e-05,0.00010395050048800001,0.000109672546386,0.000115394592285,0.00012111663818300001,0.000126838684082,0.00013637542724600002,0.00016784667968700002,0.00022888183593700002," 0.007949829101562]""",0.016876220703125,0.0003662109375,0.571274161338806,0.000272471865173,0.0,0.00021171569824200001,0.003791809082031,0.0036773681640620004,0.501504629629629,0.50162037037037,0.00011574074074
1994541182035,199454118203,5,0,24273387482,1.0,"""[0.00010490417480400001",0.000109672546386,0.000114440917968,0.00011920928955000001,0.000123977661132,0.000129699707031,0.00013732910156200002,0.000149726867675,0.000161170959472,0.00017261505126900002," 0.0006570816040030001]""",0.0007553100585930001,0.000144004821777,3.232680082321167,0.022586345672607002,0.0,0.00021171569824200001,0.0037574768066400005,0.0037574768066400005,0.5074074074074071,0.507523148148148,0.00011574074074
1994541182035,199454118203,5,0,24273387482,0.990000009536743,"""[9.918212890625001e-05",0.000107765197753,0.00011730194091700002,0.000125885009765,0.000140190124511,0.00016307830810500002,0.00021839141845700002,0.000253677368164,0.00030422210693300004,0.0007286071777340001," 0.0015106201171870002]""",0.0015106201171870002,0.00028228759765600004,2.791846513748168,0.017708923667669,0.0,0.00021171569824200001,0.003662109375,0.003662109375,0.503703703703703,0.503819444444444,0.00011574074074
1994541182035,199454118203,5,0,24273387482,0.996666669845581,"""[0.000106811523437",0.000112533569335,0.00011920928955000001,0.000125885009765,0.00013351440429600002,0.00014209747314400002,0.00015163421630800001,0.000160217285156,0.00016880035400300002,0.000196456909179," 0.0006494522094720001]""",0.0007553100585930001,0.00015163421630800001,3.111861228942871,0.0211150534451,0.0,0.00021171569824200001,0.0037651062011710003,0.0037651062011710003,0.5064814814814811,0.506597222222222,0.00011574074074
1994541182035,199454118203,5,0,24273387482,1.0,"""[0.000115394592285",0.00012111663818300001,0.000126838684082,0.000134468078613,0.00015163421630800001,0.00016784667968700002,0.000190734863281,0.000221252441406,0.00023937225341700002,0.000257492065429," 0.0005884170532220001]""",0.0005035400390620001,0.00018119812011700001,3.996745347976684,0.021380033344030002,0.0,0.00021171569824200001,0.0036659240722650005,0.0036659240722650005,0.508449074074074,0.5085648148148141,0.00011574074074
1994541182035,199454118203,5,0,24273387482,1.0,"""[0.00111961364746",0.0014629364013670001,0.001590728759765,0.001689910888671,0.001840591430664,0.0019798278808590003,0.002311706542968,0.0033226013183590003,0.087646484375,0.115966796875," 0.16650390625]""",0.16650390625,0.028961181640625003,3.111861228942871,0.0211150534451,0.0,0.00021171569824200001,0.007110595703125001,0.004295349121093001,0.5067129629629631,0.506828703703703,0.00011574074074
1994541182035,199454118203,5,0,24273387482,1.0,"""[0.0001220703125",0.000134468078613,0.00014591217041000002,0.00015640258789,0.00016784667968700002,0.00018405914306600003,0.00022029876708900002,0.00024032592773400003,0.000260353088378,0.00029182434082000003," 0.000739097595214]""",0.0007553100585930001,0.00020217895507800002,4.116264343261718,0.021912222728133,0.0,0.00021171569824200001,0.0036659240722650005,0.0036659240722650005,0.508912037037037,0.5090277777777771,0.00011574074074
1994541182035,199454118203,5,0,24273387482,1.0,"""[8.773803710937501e-05",9.441375732421876e-05,0.00010204315185500001,0.00010871887207,0.000116348266601,0.000123023986816,0.000129699707031,0.000153541564941,0.00019359588623000002,0.00024032592773400003," 0.0008430480957030001]""",0.0007553100585930001,0.000148773193359,0.5667072534561151,0.00022897879534800001,0.0,0.00021171569824200001,0.003730773925781,0.003730773925781,0.501388888888888,0.501504629629629,0.00011574074074
