UniqJobId,collection_id,instance_index,priority,machine_id,sample_rate,cpu_usage_distribution1,cpu_usage_distribution2,cpu_usage_distribution3,cpu_usage_distribution4,cpu_usage_distribution5,cpu_usage_distribution6,cpu_usage_distribution7,cpu_usage_distribution8,cpu_usage_distribution9,cpu_usage_distribution10,cpu_usage_distribution11,max_cpu,avg_cpu,cycles_per_instruction,memory_accesses_per_instruction,assigned_memory,page_cache_memory,max_memory,avg_memory,start_time,end_time,time_window
1994541182038,199454118203,8,0,375997176468,0.9933333396911621,"""[0.0303955078125",0.05859375,0.0677490234375,0.0758056640625,0.0855712890625,0.0927734375,0.1016845703125,0.10791015625,0.1148681640625,0.1279296875," 0.1767578125]""",0.4482421875,0.0928955078125,3.542037725448608,0.022578224539756,0.0,4.482269287109376e-05,0.007598876953125001,0.007408142089843001,0.502430555555555,0.502546296296296,0.00011574074074
1994541182038,199454118203,8,0,375997176468,0.9933333396911621,"""[0.09228515625",0.12158203124999999,0.128173828125,0.1357421875,0.142578125,0.150390625,0.1591796875,0.166748046875,0.176513671875,0.1875," 0.212158203125]""",0.5458984375,0.15234375,3.542037725448608,0.022578224539756,0.0,4.482269287109376e-05,0.007614135742187,0.007606506347656,0.502546296296296,0.502662037037037,0.00011574074074
1994541182038,199454118203,8,0,375997176468,0.9866666793823241,"""[0.00015640258789",0.00020694732666000002,0.0007658004760740001,0.00118064880371,0.001430511474609,0.005279541015625,0.042236328125,0.1055908203125,0.142333984375,0.16357421875," 0.230712890625]""",0.650390625,0.05718994140625,2.472973585128784,0.022507825866341,0.0,4.482269287109376e-05,0.007591247558593001,0.005363464355468001,0.500694444444444,0.500810185185185,0.00011574074074
1994541182038,199454118203,8,0,375997176468,0.9866666793823241,"""[0.00010871887207",0.000112533569335,0.000116348266601,0.00012016296386700001,0.000123977661132,0.000128746032714,0.00013351440429600002,0.000148773193359,0.000164985656738,0.00018787384033200002," 0.000543594360351]""",0.0005578994750970001,0.00014209747314400002,2.7005152702331543,0.029499087482690003,0.0,4.482269287109376e-05,0.004173278808593001,0.004173278808593001,0.5085648148148141,0.508680555555555,0.00011574074074
1994541182038,199454118203,8,0,375997176468,0.996666669845581,"""[9.632110595703126e-05",0.00010204315185500001,0.00010871887207,0.000114440917968,0.00012016296386700001,0.000126838684082,0.00013351440429600002,0.000144958496093,0.00015735626220700002,0.00016975402832," 0.000514030456542]""",0.001115798950195,0.00013732910156200002,3.418264389038085,0.022701842710375,0.0,4.482269287109376e-05,0.004302978515625,0.004302978515625,0.502777777777777,0.502893518518518,0.00011574074074
1994541182038,199454118203,8,0,375997176468,0.9866666793823241,"""[0.000140190124511",0.00015926361083900002,0.00018405914306600003,0.007240295410156,0.150390625,0.182861328125,0.2001953125,0.218505859375,0.232666015625,0.242919921875," 0.2646484375]""",1.029296875,0.1396484375,3.029493808746337,0.025976292788982003,0.0,4.482269287109376e-05,0.0076904296875,0.006546020507812,0.5048611111111111,0.504976851851851,0.00011574074074
1994541182038,199454118203,8,0,375997176468,0.9933333396911621,"""[0.000123023986816",0.000135421752929,0.00014114379882800002,0.00014686584472600002,0.00015163421630800001,0.00015735626220700002,0.00016307830810500002,0.00016880035400300002,0.000174522399902,0.00020313262939400002," 0.000646591186523]""",0.0005578994750970001,0.000164985656738,2.72637391090393,0.023392846807837,0.0,4.482269287109376e-05,0.004219055175781,0.004219055175781,0.503472222222222,0.503587962962962,0.00011574074074
1994541182038,199454118203,8,0,375997176468,0.996666669845581,"""[0.0011959075927730001",0.001941680908203,0.082763671875,0.11328125,0.133056640625,0.14697265625,0.1552734375,0.169189453125,0.179443359375,0.19287109375," 0.227783203125]""",0.45166015625,0.125244140625,0.46261373162269503,0.00046477405703600005,0.0,4.482269287109376e-05,0.007568359375,0.006813049316406,0.505439814814814,0.5055555555555551,0.00011574074074
1994541182038,199454118203,8,0,375997176468,0.996666669845581,"""[0.0950927734375",0.14501953125,0.151123046875,0.1572265625,0.16357421875,0.168212890625,0.17333984375,0.177734375,0.182861328125,0.1884765625," 0.201416015625]""",0.49072265624999994,0.167236328125,0.43475216627120905,0.000325523491483,0.0,4.863739013671876e-05,0.007614135742187,0.007583618164062,0.509375,0.5094907407407401,0.00011574074074
1994541182038,199454118203,8,0,375997176468,0.990000009536743,"""[0.000287055969238",0.0006437301635740001,0.000773429870605,0.000860214233398,0.0009355545043940001,0.0009918212890620002,0.00105857849121,0.0011425018310540001,0.00124168395996,0.0091552734375," 0.1533203125]""",0.15185546875,0.009048461914062,2.34585952758789,0.023082192987203,0.0,4.482269287109376e-05,0.007164001464843001,0.004364013671875,0.503819444444444,0.503935185185185,0.00011574074074
1994541182038,199454118203,8,0,375997176468,0.9933333396911621,"""[0.000130653381347",0.000155448913574,0.00027275085449200004,0.007049560546875001,0.007919311523437,0.015548706054687,0.1240234375,0.14599609375,0.176513671875,0.18994140625," 0.226806640625]""",0.6875,0.080810546875,2.34585952758789,0.023082192987203,0.0,4.482269287109376e-05,0.007637023925781,0.005859375,0.504166666666666,0.504282407407407,0.00011574074074
1994541182038,199454118203,8,0,375997176468,0.956666648387908,"""[0.000123023986816",0.00013732910156200002,0.000144004821777,0.00015068054199200001,0.00015640258789,0.00016307830810500002,0.00016975402832,0.00017642974853500002,0.000205993652343,0.00026130676269500003," 0.0008077621459960001]""",0.003349304199218,0.00018405914306600003,0.460196465253829,0.00044970729504700005,0.0,4.482269287109376e-05,0.004257202148437,0.004257202148437,0.5064814814814811,0.506597222222222,0.00011574074074
1994541182038,199454118203,8,0,375997176468,0.996666669845581,"""[0.092041015625",0.149658203125,0.15869140625,0.17138671875,0.181396484375,0.194091796875,0.202880859375,0.210693359375,0.218505859375,0.227783203125," 0.24755859374999997]""",0.5234375,0.18896484375,2.472973585128784,0.022507825866341,0.0,4.482269287109376e-05,0.007675170898437,0.007667541503906,0.500925925925925,0.501041666666666,0.00011574074074
1994541182038,199454118203,8,0,375997176468,0.9933333396911621,"""[9.059906005859376e-05",9.632110595703126e-05,0.00010108947753900001,0.00010585784912100001,0.000110626220703,0.000116348266601,0.00012111663818300001,0.000125885009765,0.000130653381347,0.00015735626220700002," 0.0009307861328120001]""",0.0008373260498040001,0.000123023986816,3.666338920593261,0.030321663245558003,0.0,4.482269287109376e-05,0.004249572753906,0.004249572753906,0.5081018518518511,0.508217592592592,0.00011574074074
1994541182038,199454118203,8,0,375997176468,0.996666669845581,"""[0.000111579895019",0.000129699707031,0.00013732910156200002,0.000144004821777,0.000149726867675,0.00015640258789,0.00016212463378900002,0.00016880035400300002,0.000175476074218,0.00021076202392500003," 0.0006608963012690001]""",0.0008373260498040001,0.000160217285156,2.472973585128784,0.022507825866341,0.0,4.482269287109376e-05,0.004257202148437,0.004257202148437,0.500462962962963,0.500578703703703,0.00011574074074
1994541182038,199454118203,8,0,375997176468,0.990000009536743,"""[0.0465087890625",0.068359375,0.0738525390625,0.0787353515625,0.0843505859375,0.0882568359375,0.091552734375,0.094970703125,0.100341796875,0.106201171875," 0.1239013671875]""",0.43896484375,0.0875244140625,2.8554129600524902,0.026385158300399003,0.0,4.482269287109376e-05,0.007575988769531,0.007568359375,0.5069444444444441,0.507060185185185,0.00011574074074
1994541182038,199454118203,8,0,375997176468,0.9933333396911621,"""[9.250640869140626e-05",9.727478027343751e-05,0.00010299682617100001,0.000107765197753,0.000112533569335,0.00011825561523400002,0.000123023986816,0.000128746032714,0.000139236450195,0.000164985656738," 0.000560760498046]""",0.0005578994750970001,0.000129699707031,2.962169647216796,0.023414526134729,0.0,4.482269287109376e-05,0.004341125488281,0.004341125488281,0.501157407407407,0.501273148148148,0.00011574074074
1994541182038,199454118203,8,0,375997176468,0.990000009536743,"""[9.918212890625001e-05",0.00010395050048800001,0.000107765197753,0.000112533569335,0.000116348266601,0.00012111663818300001,0.000124931335449,0.000129699707031,0.00014686584472600002,0.000179290771484," 0.000581741333007]""",0.0005578994750970001,0.000129699707031,2.8554129600524902,0.026385158300399003,0.0,4.482269287109376e-05,0.004249572753906,0.004249572753906,0.5071759259259261,0.507291666666666,0.00011574074074
1994541182038,199454118203,8,0,375997176468,0.996666669845581,"""[0.00011730194091700002",0.000129699707031,0.00013637542724600002,0.00014305114746000002,0.000148773193359,0.000154495239257,0.000161170959472,0.00016689300537100002,0.00017261505126900002,0.000201225280761," 0.0009279251098630001]""",0.0008373260498040001,0.00016403198242100002,3.162166118621826,0.023785213008522002,0.0,4.482269287109376e-05,0.004341125488281,0.004341125488281,0.501388888888888,0.501504629629629,0.00011574074074
1994541182038,199454118203,8,0,375997176468,0.9933333396911621,"""[0.03350830078125",0.05682373046875,0.0679931640625,0.075927734375,0.081298828125,0.0872802734375,0.093017578125,0.1002197265625,0.1077880859375,0.1182861328125," 0.1474609375]""",0.29248046875,0.0869140625,2.34585952758789,0.023082192987203,0.0,4.482269287109376e-05,0.007606506347656,0.007598876953125001,0.504050925925925,0.504166666666666,0.00011574074074
1994541182038,199454118203,8,0,375997176468,0.9933333396911621,"""[0.000114440917968",0.00738525390625,0.1058349609375,0.1236572265625,0.134521484375,0.1435546875,0.15185546875,0.15869140625,0.169677734375,0.18505859375," 0.20849609375]""",0.5068359375,0.130126953125,3.542037725448608,0.022578224539756,0.0,4.482269287109376e-05,0.007652282714843001,0.007217407226562,0.502662037037037,0.502777777777777,0.00011574074074
1994541182038,199454118203,8,0,375997176468,0.9933333396911621,"""[0.0823974609375",0.135498046875,0.15380859375,0.172119140625,0.189208984375,0.20263671875,0.218505859375,0.22900390625,0.239501953125,0.247802734375," 0.26513671875]""",0.6923828125,0.197021484375,2.472973585128784,0.022507825866341,0.0,4.482269287109376e-05,0.007637023925781,0.007614135742187,0.500810185185185,0.500925925925925,0.00011574074074
1994541182038,199454118203,8,0,375997176468,0.9933333396911621,"""[0.000124931335449",0.00013732910156200002,0.00014209747314400002,0.00014781951904200002,0.000153541564941,0.00015830993652300002,0.00016403198242100002,0.00016975402832,0.000174522399902,0.00020885467529200002," 0.00062084197998]""",0.0008373260498040001,0.00016880035400300002,2.72637391090393,0.023392846807837,0.0,4.482269287109376e-05,0.004226684570312,0.004226684570312,0.5031249999999999,0.50324074074074,0.00011574074074
1994541182038,199454118203,8,0,375997176468,0.9933333396911621,"""[0.000125885009765",0.000135421752929,0.00014114379882800002,0.00014591217041000002,0.00015163421630800001,0.00015640258789,0.00016212463378900002,0.00016689300537100002,0.00017261505126900002,0.000191688537597," 0.0004911422729490001]""",0.0008373260498040001,0.00015735626220700002,2.72637391090393,0.023392846807837,0.0,4.482269287109376e-05,0.004226684570312,0.004226684570312,0.50324074074074,0.503356481481481,0.00011574074074
1994541182038,199454118203,8,0,375997176468,0.996666669845581,"""[0.000127792358398",0.00107192993164,0.001338958740234,0.001443862915039,0.001529693603515,0.0016117095947260002,0.0016918182373040001,0.0017852783203120002,0.0018844604492180002,0.001976013183593," 0.003376007080078]""",0.005577087402343001,0.0015544891357420001,3.029493808746337,0.025976292788982003,0.0,4.482269287109376e-05,0.004302978515625,0.004302978515625,0.5053240740740741,0.505439814814814,0.00011574074074
1994541182038,199454118203,8,0,375997176468,0.983333349227905,"""[0.00010013580322200001",0.000106811523437,0.000114440917968,0.00012111663818300001,0.000127792358398,0.00013732910156200002,0.00014781951904200002,0.00015926361083900002,0.000170707702636,0.000196456909179," 0.0008735656738280001]""",0.001115798950195,0.000149726867675,2.8554129600524902,0.026385158300399003,0.0,4.482269287109376e-05,0.004249572753906,0.004249572753906,0.507291666666666,0.5074074074074071,0.00011574074074
1994541182038,199454118203,8,0,375997176468,0.9933333396911621,"""[0.00012016296386700001",0.000129699707031,0.00013828277587800002,0.000144958496093,0.000152587890625,0.00015926361083900002,0.00016689300537100002,0.000174522399902,0.00021076202392500003,0.000247955322265," 0.0007858276367180001]""",0.001115798950195,0.000170707702636,3.345657110214233,0.028764965012669,0.0,4.482269287109376e-05,0.004249572753906,0.004249572753906,0.5074074074074071,0.507523148148148,0.00011574074074
1994541182038,199454118203,8,0,375997176468,0.9866666793823241,"""[0.000106811523437",0.000111579895019,0.00011730194091700002,0.0001220703125,0.000126838684082,0.00013160705566400002,0.000149726867675,0.00016689300537100002,0.00029373168945300005,0.000672340393066," 0.000988006591796]""",0.001394271850585,0.00023460388183500002,2.385331630706787,0.023114418610930002,0.0,4.482269287109376e-05,0.004219055175781,0.004219055175781,0.503703703703703,0.503819444444444,0.00011574074074
1994541182038,199454118203,8,0,375997176468,0.9800000190734861,"""[0.000116348266601",0.000129699707031,0.00013732910156200002,0.000144004821777,0.00015068054199200001,0.00015735626220700002,0.00016403198242100002,0.00017166137695300002,0.00018787384033200002,0.00023841857910100002," 0.0007333755493160001]""",0.001953125,0.00017833709716700002,3.380200862884521,0.023092439398169,0.0,4.482269287109376e-05,0.004249572753906,0.004249572753906,0.501967592592592,0.502083333333333,0.00011574074074
1994541182038,199454118203,8,0,375997176468,1.0,"""[0.073974609375",0.0963134765625,0.104736328125,0.11376953125,0.1214599609375,0.130126953125,0.13720703125,0.14453125,0.152099609375,0.163818359375," 0.19775390625]""",0.5009765625,0.130615234375,2.34585952758789,0.023082192987203,0.0,4.482269287109376e-05,0.007583618164062,0.007530212402343001,0.503935185185185,0.504050925925925,0.00011574074074
1994541182038,199454118203,8,0,375997176468,1.0,"""[0.0008678436279290001",0.0012435913085930002,0.0013866424560540001,0.0014667510986320002,0.0016193389892570002,0.009506225585937,0.115966796875,0.1328125,0.1484375,0.16015625," 0.187255859375]""",0.3701171875,0.0694580078125,0.45012307167053206,0.000340632454026,0.0,4.482269287109376e-05,0.007553100585937,0.005760192871093001,0.5060185185185181,0.506134259259259,0.00011574074074
1994541182038,199454118203,8,0,375997176468,0.9933333396911621,"""[0.000126838684082",0.00013637542724600002,0.00014114379882800002,0.00014686584472600002,0.00015163421630800001,0.00015735626220700002,0.00016212463378900002,0.00016689300537100002,0.00017261505126900002,0.00019931793212800002," 0.0006446838378900001]""",0.0008373260498040001,0.00016403198242100002,2.472973585128784,0.022507825866341,0.0,4.482269287109376e-05,0.004257202148437,0.004257202148437,0.500231481481481,0.500347222222222,0.00011574074074
1994541182038,199454118203,8,0,375997176468,0.9933333396911621,"""[0.000125885009765",0.00014305114746000002,0.00015830993652300002,0.00017261505126900002,0.000669479370117,0.0008974075317380001,0.001070022583007,0.0012569427490230001,0.009170532226562,0.056396484375," 0.10107421875]""",0.153076171875,0.0120849609375,3.542037725448608,0.022578224539756,0.0,4.482269287109376e-05,0.00592041015625,0.004417419433593001,0.502314814814814,0.502430555555555,0.00011574074074
1994541182038,199454118203,8,0,375997176468,0.9933333396911621,"""[0.00012111663818300001",0.000161170959472,0.02001953125,0.13037109375,0.14306640625,0.15234375,0.158203125,0.163330078125,0.169189453125,0.176025390625," 0.21484375]""",0.501953125,0.1241455078125,0.45012307167053206,0.000340632454026,0.0,4.482269287109376e-05,0.007621765136718001,0.006889343261718001,0.5062500000000001,0.50636574074074,0.00011574074074
1994541182038,199454118203,8,0,375997176468,0.9933333396911621,"""[0.00010108947753900001",0.00010585784912100001,0.000109672546386,0.000114440917968,0.00011825561523400002,0.0001220703125,0.000126838684082,0.000130653381347,0.000148773193359,0.00017166137695300002," 0.0008382797241210001]""",0.0008373260498040001,0.00013637542724600002,2.34585952758789,0.023082192987203,0.0,4.482269287109376e-05,0.0042724609375,0.0042724609375,0.504398148148148,0.504513888888888,0.00011574074074
1994541182038,199454118203,8,0,375997176468,0.9933333396911621,"""[0.121826171875",0.170166015625,0.181396484375,0.19287109375,0.201904296875,0.206787109375,0.21435546875,0.22412109375,0.230224609375,0.238525390625," 0.26123046875]""",0.6640625,0.207275390625,3.029493808746337,0.025976292788982003,0.0,4.482269287109376e-05,0.007591247558593001,0.007499694824218001,0.504629629629629,0.50474537037037,0.00011574074074
1994541182038,199454118203,8,0,375997176468,0.990000009536743,"""[0.000135421752929",0.00014305114746000002,0.00015068054199200001,0.00015830993652300002,0.000165939331054,0.00017356872558500002,0.00019741058349600002,0.00025177001953100004,0.001047134399414,0.001399993896484," 0.00192642211914]""",0.002510070800781,0.00044536590576100003,2.8554129600524902,0.026385158300399003,0.0,4.482269287109376e-05,0.004257202148437,0.004257202148437,0.506597222222222,0.5067129629629631,0.00011574074074
1994541182038,199454118203,8,0,375997176468,0.9866666793823241,"""[0.1099853515625",0.14697265625,0.1650390625,0.1748046875,0.1826171875,0.18798828125,0.193359375,0.197021484375,0.2041015625,0.212158203125," 0.224365234375]""",0.701171875,0.181640625,2.7005152702331543,0.029499087482690003,0.0,4.768371582031251e-05,0.007575988769531,0.007553100585937,0.5092592592592591,0.509375,0.00011574074074
1994541182038,199454118203,8,0,375997176468,0.9800000190734861,"""[0.00047016143798800006",0.001300811767578,0.002296447753906,0.066162109375,0.0784912109375,0.0849609375,0.0892333984375,0.0941162109375,0.0989990234375,0.10546875," 0.1279296875]""",0.35400390625,0.0648193359375,3.666338920593261,0.030321663245558003,0.0,4.482269287109376e-05,0.007545471191406,0.006500244140625001,0.5076388888888881,0.507754629629629,0.00011574074074
1994541182038,199454118203,8,0,375997176468,0.9933333396911621,"""[9.822845458984376e-05",0.00010299682617100001,0.000106811523437,0.000111579895019,0.000115394592285,0.00012016296386700001,0.000124931335449,0.000128746032714,0.00014114379882800002,0.00016689300537100002," 0.0008382797241210001]""",0.0008373260498040001,0.000129699707031,0.45012307167053206,0.000340632454026,0.0,4.482269287109376e-05,0.004264831542968001,0.004264831542968001,0.5057870370370371,0.505902777777777,0.00011574074074
1994541182038,199454118203,8,0,375997176468,1.0,"""[0.00010490417480400001",0.000107765197753,0.000110626220703,0.000114440917968,0.00011730194091700002,0.00012111663818300001,0.000124931335449,0.000127792358398,0.00013160705566400002,0.00015640258789," 0.00017642974853500002]""",0.000279426574707,0.000123977661132,2.8554129600524902,0.026385158300399003,0.0,4.482269287109376e-05,0.004249572753906,0.004249572753906,0.5071655092592591,0.5071759259259261,1.0416666666666661e-05
1994541182038,199454118203,8,0,375997176468,1.0,"""[9.822845458984376e-05",0.0372314453125,0.1136474609375,0.12353515624999999,0.12890625,0.13818359375,0.149658203125,0.155029296875,0.160400390625,0.167236328125," 0.18505859375]""",0.345703125,0.127685546875,3.666338920593261,0.030321663245558003,0.0,4.482269287109376e-05,0.007614135742187,0.007240295410156,0.5078703703703701,0.507986111111111,0.00011574074074
1994541182038,199454118203,8,0,375997176468,0.9933333396911621,"""[0.00011730194091700002",0.000130653381347,0.00013732910156200002,0.00014305114746000002,0.000148773193359,0.000154495239257,0.000160217285156,0.000165939331054,0.00017261505126900002,0.00019741058349600002," 0.000651359558105]""",0.0008373260498040001,0.00015926361083900002,2.472973585128784,0.022507825866341,0.0,4.482269287109376e-05,0.004257202148437,0.004257202148437,0.500347222222222,0.500462962962963,0.00011574074074
1994541182038,199454118203,8,0,375997176468,1.0,"""[0.00011920928955000001",0.00013160705566400002,0.00013828277587800002,0.000144958496093,0.00015163421630800001,0.00015830993652300002,0.000164985656738,0.00017166137695300002,0.00019264221191400002,0.000244140625," 0.0009412765502920001]""",0.0008373260498040001,0.00016880035400300002,2.7005152702331543,0.029499087482690003,0.0,4.482269287109376e-05,0.004173278808593001,0.004173278808593001,0.508449074074074,0.5085648148148141,0.00011574074074
1994541182038,199454118203,8,0,375997176468,0.9926739931106561,"""[0.000106811523437",0.008316040039062,0.008544921875,0.022186279296875,0.0772705078125,0.085205078125,0.092529296875,0.100341796875,0.1072998046875,0.1156005859375," 0.15283203125]""",0.22460937500000003,0.068603515625,2.8554129600524902,0.026385158300399003,0.0,4.482269287109376e-05,0.007591247558593001,0.006477355957031,0.507060185185185,0.5071655092592591,0.00010532407407400001
1994541182038,199454118203,8,0,375997176468,0.983333349227905,"""[0.000111579895019",0.000123977661132,0.000134468078613,0.00014209747314400002,0.000149726867675,0.00015640258789,0.00016403198242100002,0.00017166137695300002,0.00018978118896400002,0.00023937225341700002," 0.0008144378662100001]""",0.001115798950195,0.00017642974853500002,2.72637391090393,0.023392846807837,0.0,4.482269287109376e-05,0.004219055175781,0.004219055175781,0.503587962962962,0.503703703703703,0.00011574074074
1994541182038,199454118203,8,0,375997176468,0.996666669845581,"""[0.00010204315185500001",0.007110595703125001,0.007980346679687,0.015213012695312,0.142333984375,0.1669921875,0.17724609375,0.18359375,0.193115234375,0.2080078125," 0.22509765625]""",0.5751953125,0.123779296875,0.45012307167053206,0.000340632454026,0.0,4.482269287109376e-05,0.007614135742187,0.006484985351562,0.505671296296296,0.5057870370370371,0.00011574074074
1994541182038,199454118203,8,0,375997176468,0.9933333396911621,"""[0.080322265625",0.115966796875,0.1219482421875,0.13134765625,0.138671875,0.147705078125,0.153076171875,0.16015625,0.167236328125,0.175537109375," 0.196044921875]""",0.9033203125,0.14453125,0.45012307167053206,0.000340632454026,0.0,4.482269287109376e-05,0.007583618164062,0.007568359375,0.506134259259259,0.5062500000000001,0.00011574074074
1994541182038,199454118203,8,0,375997176468,0.9933333396911621,"""[0.000128746032714",0.00013732910156200002,0.00014305114746000002,0.000148773193359,0.000155448913574,0.000161170959472,0.00016784667968700002,0.00017356872558500002,0.00019931793212800002,0.000244140625," 0.00107192993164]""",0.001008987426757,0.00017642974853500002,0.45012307167053206,0.000340632454026,0.0,4.482269287109376e-05,0.004257202148437,0.004257202148437,0.50636574074074,0.5064814814814811,0.00011574074074
1994541182038,199454118203,8,0,375997176468,0.9933333396911621,"""[0.00012016296386700001",0.000124931335449,0.000129699707031,0.000135421752929,0.00014305114746000002,0.000149726867675,0.00015640258789,0.00016403198242100002,0.000170707702636,0.00022792816162100002," 0.008499145507812]""",0.008651733398437,0.00046634674072200004,3.391308307647705,0.030087426304817002,0.0,4.482269287109376e-05,0.0042724609375,0.004219055175781,0.5083333333333331,0.508449074074074,0.00011574074074
1994541182038,199454118203,8,0,375997176468,0.9933333396911621,"""[0.000130653381347",0.000140190124511,0.000148773193359,0.00015735626220700002,0.000165939331054,0.000174522399902,0.00019836425781200002,0.00022983551025300002,0.00027370452880800004,0.00032329559326100003," 0.0006065368652340001]""",0.0008373260498040001,0.00021076202392500003,2.472973585128784,0.022507825866341,0.0,4.482269287109376e-05,0.004257202148437,0.004257202148437,0.500578703703703,0.500694444444444,0.00011574074074
1994541182038,199454118203,8,0,375997176468,0.983333349227905,"""[0.000140190124511",0.0012969970703120002,0.00146484375,0.0015583038330070002,0.0016460418701170001,0.001728057861328,0.00186538696289,0.00201416015625,0.0026969909667960003,0.0931396484375," 0.146484375]""",0.146484375,0.014404296875,2.8554129600524902,0.026385158300399003,0.0,4.482269287109376e-05,0.007537841796875001,0.004570007324218001,0.5067129629629631,0.506828703703703,0.00011574074074
1994541182038,199454118203,8,0,375997176468,0.9933333396911621,"""[0.04608154296875",0.073974609375,0.0810546875,0.0867919921875,0.0955810546875,0.1077880859375,0.120361328125,0.130126953125,0.14111328125,0.15283203125," 0.208984375]""",0.3701171875,0.1124267578125,2.8554129600524902,0.026385158300399003,0.0,4.482269287109376e-05,0.007560729980468001,0.007553100585937,0.506828703703703,0.5069444444444441,0.00011574074074
1994541182038,199454118203,8,0,375997176468,0.9933333396911621,"""[0.000106811523437",0.000111579895019,0.000116348266601,0.00012111663818300001,0.000124931335449,0.000129699707031,0.00013828277587800002,0.000149726867675,0.000161170959472,0.00017261505126900002," 0.000922203063964]""",0.001115798950195,0.000148773193359,2.7005152702331543,0.029499087482690003,0.0,4.482269287109376e-05,0.004173278808593001,0.004173278808593001,0.5087962962962961,0.508912037037037,0.00011574074074
1994541182038,199454118203,8,0,375997176468,0.9933333396911621,"""[0.00011920928955000001",0.000135421752929,0.000144958496093,0.000154495239257,0.00016403198242100002,0.00017356872558500002,0.000300407409667,0.001136779785156,0.0012893676757810002,0.0014019012451170001," 0.0027885437011710003]""",0.006416320800781,0.000623703002929,2.7005152702331543,0.029499087482690003,0.0,4.482269287109376e-05,0.004173278808593001,0.004173278808593001,0.5090277777777771,0.509143518518518,0.00011574074074
1994541182038,199454118203,8,0,375997176468,0.983333349227905,"""[9.822845458984376e-05",0.00010395050048800001,0.000109672546386,0.000114440917968,0.00012016296386700001,0.000125885009765,0.00013160705566400002,0.000144004821777,0.00015830993652300002,0.00017166137695300002," 0.000883102416992]""",0.0008373260498040001,0.000139236450195,3.162166118621826,0.023785213008522002,0.0,4.482269287109376e-05,0.004341125488281,0.004341125488281,0.501273148148148,0.501388888888888,0.00011574074074
1994541182038,199454118203,8,0,375997176468,0.970000028610229,"""[0.000125885009765",0.000139236450195,0.00014686584472600002,0.000154495239257,0.000161170959472,0.00016880035400300002,0.00017738342285100002,0.00019931793212800002,0.000221252441406,0.000296592712402," 0.006729125976562]""",0.0440673828125,0.000562667846679,3.162166118621826,0.023785213008522002,0.0,4.482269287109376e-05,0.004379272460937,0.004287719726562,0.501504629629629,0.50162037037037,0.00011574074074
1994541182038,199454118203,8,0,375997176468,0.9933333396911621,"""[0.0860595703125",0.117919921875,0.12646484375,0.131591796875,0.13720703125,0.146484375,0.15478515625,0.163818359375,0.17236328125,0.181884765625," 0.224365234375]""",0.46826171874999994,0.147705078125,0.45012307167053206,0.000340632454026,0.0,4.482269287109376e-05,0.007583618164062,0.007583618164062,0.5055555555555551,0.505671296296296,0.00011574074074
1994541182038,199454118203,8,0,375997176468,0.990000009536743,"""[0.00013828277587800002",0.000651359558105,0.0007791519165030001,0.0008935928344720001,0.0009584426879880001,0.001018524169921,0.001087188720703,0.0011653900146480001,0.001293182373046,0.0014667510986320002," 0.0019798278808590003]""",0.0027885437011710003,0.001001358032226,3.666338920593261,0.030321663245558003,0.0,4.482269287109376e-05,0.004249572753906,0.004249572753906,0.507523148148148,0.5076388888888881,0.00011574074074
1994541182038,199454118203,8,0,375997176468,0.990000009536743,"""[0.000111579895019",0.00011730194091700002,0.000123977661132,0.000130653381347,0.00013732910156200002,0.000144958496093,0.000152587890625,0.000160217285156,0.00016784667968700002,0.000175476074218," 0.000732421875]""",0.001115798950195,0.000152587890625,3.162166118621826,0.023785213008522002,0.0,4.482269287109376e-05,0.004249572753906,0.004249572753906,0.501736111111111,0.501851851851851,0.00011574074074
1994541182038,199454118203,8,0,375997176468,0.996666669845581,"""[0.000106811523437",0.000115394592285,0.000123023986816,0.00013160705566400002,0.000140190124511,0.000148773193359,0.00015735626220700002,0.000165939331054,0.000174522399902,0.000247955322265," 0.000499725341796]""",0.0005578994750970001,0.00016212463378900002,3.162166118621826,0.023785213008522002,0.0,4.482269287109376e-05,0.004249572753906,0.004249572753906,0.501851851851851,0.501967592592592,0.00011574074074
1994541182038,199454118203,8,0,375997176468,0.996666669845581,"""[0.000129699707031",0.00013828277587800002,0.000144958496093,0.000152587890625,0.000160217285156,0.00016689300537100002,0.000174522399902,0.000196456909179,0.00024127960205000003,0.000318527221679," 0.00830078125]""",0.008377075195312,0.0004959106445310001,3.151870012283325,0.020858874544501003,0.0,4.482269287109376e-05,0.004364013671875,0.004295349121093001,0.5001157407407401,0.500231481481481,0.00011574074074
1994541182038,199454118203,8,0,375997176468,0.9933333396911621,"""[0.00010108947753900001",0.000111579895019,0.0001220703125,0.00013256072998000002,0.000140190124511,0.00014781951904200002,0.000155448913574,0.00016307830810500002,0.000170707702636,0.00019454956054600002," 0.00124168395996]""",0.001394271850585,0.00015926361083900002,3.542037725448608,0.022578224539756,0.0,4.482269287109376e-05,0.004249572753906,0.004249572753906,0.502199074074074,0.502314814814814,0.00011574074074
1994541182038,199454118203,8,0,375997176468,0.996666669845581,"""[0.14892578125",0.19384765625,0.204345703125,0.21142578125,0.21875000000000003,0.2275390625,0.232666015625,0.23779296874999997,0.2421875,0.249755859375," 0.2646484375]""",0.6484375,0.221923828125,3.029493808746337,0.025976292788982003,0.0,4.482269287109376e-05,0.007644653320312,0.007614135742187,0.50474537037037,0.5048611111111111,0.00011574074074
1994541182038,199454118203,8,0,375997176468,0.983333349227905,"""[0.000111579895019",0.00011825561523400002,0.000124931335449,0.00013256072998000002,0.000139236450195,0.00014686584472600002,0.000154495239257,0.00016212463378900002,0.00016880035400300002,0.000179290771484," 0.0006370544433590001]""",0.0005578994750970001,0.00014591217041000002,2.7005152702331543,0.029499087482690003,0.0,4.482269287109376e-05,0.004173278808593001,0.004173278808593001,0.508680555555555,0.5087962962962961,0.00011574074074
1994541182038,199454118203,8,0,375997176468,0.996666669845581,"""[0.00010108947753900001",0.000107765197753,0.000114440917968,0.00012111663818300001,0.000127792358398,0.00013637542724600002,0.00014591217041000002,0.00015640258789,0.000165939331054,0.00017738342285100002," 0.001131057739257]""",0.001394271850585,0.00015163421630800001,2.72637391090393,0.023392846807837,0.0,4.482269287109376e-05,0.004302978515625,0.004302978515625,0.502893518518518,0.503009259259259,0.00011574074074
1994541182038,199454118203,8,0,375997176468,0.990000009536743,"""[0.00010490417480400001",0.000110626220703,0.000116348266601,0.0001220703125,0.000128746032714,0.00013637542724600002,0.00014686584472600002,0.00015640258789,0.00016689300537100002,0.000190734863281," 0.008331298828125]""",0.013946533203125002,0.000493049621582,2.72637391090393,0.023392846807837,0.0,4.482269287109376e-05,0.004364013671875,0.004295349121093001,0.503009259259259,0.5031249999999999,0.00011574074074
1994541182038,199454118203,8,0,375997176468,0.990000009536743,"""[0.00012016296386700001",0.00013637542724600002,0.00014209747314400002,0.00014686584472600002,0.000152587890625,0.00015830993652300002,0.00016403198242100002,0.00016975402832,0.000174522399902,0.00020885467529200002," 0.0006980895996090001]""",0.0008373260498040001,0.00016403198242100002,2.7005152702331543,0.029499087482690003,0.0,4.482269287109376e-05,0.004173278808593001,0.004173278808593001,0.508912037037037,0.5090277777777771,0.00011574074074
1994541182038,199454118203,8,0,375997176468,0.9933333396911621,"""[0.00010871887207",0.00011825561523400002,0.000127792358398,0.00013637542724600002,0.00014591217041000002,0.000154495239257,0.00016307830810500002,0.00017261505126900002,0.000205993652343,0.000280380249023," 0.0008764266967770001]""",0.0008373260498040001,0.000174522399902,3.162166118621826,0.023785213008522002,0.0,4.482269287109376e-05,0.004249572753906,0.004249572753906,0.50162037037037,0.501736111111111,0.00011574074074
1994541182038,199454118203,8,0,375997176468,0.996666669845581,"""[8.678436279296876e-05",9.346008300781251e-05,0.00010013580322200001,0.000106811523437,0.000112533569335,0.00011920928955000001,0.000124931335449,0.00013160705566400002,0.00015163421630800001,0.00017356872558500002," 0.0006246566772460001]""",0.0005578994750970001,0.000125885009765,3.666338920593261,0.030321663245558003,0.0,4.482269287109376e-05,0.004249572753906,0.004249572753906,0.507986111111111,0.5081018518518511,0.00011574074074
1994541182038,199454118203,8,0,375997176468,0.9866666793823241,"""[0.00010585784912100001",0.000115394592285,0.000125885009765,0.000135421752929,0.000144004821777,0.000152587890625,0.000161170959472,0.00016880035400300002,0.00018405914306600003,0.00024318695068300001," 0.000646591186523]""",0.0008373260498040001,0.00016975402832,2.34585952758789,0.023082192987203,0.0,4.482269287109376e-05,0.0042724609375,0.0042724609375,0.504282407407407,0.504398148148148,0.00011574074074
1994541182038,199454118203,8,0,375997176468,0.9933333396911621,"""[0.00010395050048800001",0.000110626220703,0.00011825561523400002,0.000125885009765,0.00013256072998000002,0.00014114379882800002,0.000149726867675,0.00015830993652300002,0.00016689300537100002,0.000175476074218," 0.000683784484863]""",0.0008373260498040001,0.00014686584472600002,3.666338920593261,0.030321663245558003,0.0,4.482269287109376e-05,0.004249572753906,0.004249572753906,0.508217592592592,0.5083333333333331,0.00011574074074
1994541182038,199454118203,8,0,375997176468,0.9866666793823241,"""[0.000109672546386",0.00011920928955000001,0.000129699707031,0.00013732910156200002,0.000144004821777,0.00015068054199200001,0.00015735626220700002,0.00016403198242100002,0.00016975402832,0.00018215179443300001," 0.000864028930664]""",0.001115798950195,0.00016307830810500002,3.029493808746337,0.025976292788982003,0.0,4.482269287109376e-05,0.004302978515625,0.004302978515625,0.5050925925925921,0.505208333333333,0.00011574074074
1994541182038,199454118203,8,0,375997176468,1.0,"""[0.00040626525878900005",0.0006675720214840001,0.00075626373291,0.0008363723754880001,0.000950813293457,0.001049041748046,0.001163482666015,0.0013656616210930002,0.009414672851562,0.152587890625," 0.195556640625]""",0.30224609375,0.028656005859375003,2.7005152702331543,0.029499087482690003,0.0,4.482269287109376e-05,0.007530212402343001,0.004730224609375,0.509143518518518,0.5092592592592591,0.00011574074074
1994541182038,199454118203,8,0,375997176468,0.9933333396911621,"""[0.000128746032714",0.00013732910156200002,0.00014209747314400002,0.00014781951904200002,0.000153541564941,0.00015830993652300002,0.00016403198242100002,0.00016880035400300002,0.000174522399902,0.00020217895507800002," 0.0005464553833000001]""",0.0005578994750970001,0.00016403198242100002,2.72637391090393,0.023392846807837,0.0,4.482269287109376e-05,0.004226684570312,0.004219055175781,0.503356481481481,0.503472222222222,0.00011574074074
1994541182038,199454118203,8,0,375997176468,0.9933333396911621,"""[0.05853271484375",0.0789794921875,0.08740234375,0.0989990234375,0.106689453125,0.1156005859375,0.1246337890625,0.135986328125,0.15283203125,0.166259765625," 0.179443359375]""",0.435546875,0.11914062500000001,3.666338920593261,0.030321663245558003,0.0,4.482269287109376e-05,0.007575988769531,0.007560729980468001,0.507754629629629,0.5078703703703701,0.00011574074074
