UniqJobId,collection_id,instance_index,priority,machine_id,sample_rate,cpu_usage_distribution1,cpu_usage_distribution2,cpu_usage_distribution3,cpu_usage_distribution4,cpu_usage_distribution5,cpu_usage_distribution6,cpu_usage_distribution7,cpu_usage_distribution8,cpu_usage_distribution9,cpu_usage_distribution10,cpu_usage_distribution11,max_cpu,avg_cpu,cycles_per_instruction,memory_accesses_per_instruction,assigned_memory,page_cache_memory,max_memory,avg_memory,start_time,end_time,time_window
2012579864321,201257986432,1,0,21284292,1.0,"""[0.000153541564941",0.00016975402832,0.00018119812011700001,0.000190734863281,0.00019931793212800002,0.00020885467529200002,0.00021839141845700002,0.00024127960205000003,0.000341415405273,0.001298904418945," 0.00274658203125]""",0.0027427673339840003,0.000391960144042,5.634201526641845,0.021582843735814,0.005592346191406,1.0490417480468752e-05,0.004013061523437,0.003982543945312,0.504050925925925,0.504166666666666,0.00011574074074
2012579864321,201257986432,1,0,21284292,1.0,"""[0.000161170959472",0.0001802444458,0.00018882751464800002,0.00019836425781200002,0.00020694732666000002,0.00021553039550700003,0.00022983551025300002,0.00025177001953100004,0.000370025634765,0.001718521118164," 0.0027427673339840003]""",0.0027427673339840003,0.000440597534179,5.634201526641845,0.021582843735814,0.005592346191406,1.0490417480468752e-05,0.003974914550781,0.003974914550781,0.504166666666666,0.504282407407407,0.00011574074074
2012579864321,201257986432,1,0,21284292,1.0,"""[0.00013828277587800002",0.000153541564941,0.00016784667968700002,0.00018119812011700001,0.000190734863281,0.000201225280761,0.00021171569824200001,0.00023555755615200003,0.000329971313476,0.0011882781982420001," 0.00244140625]""",0.002399444580078,0.00036239624023400003,3.481907606124877,0.008981708437204,0.00592041015625,0.000226974487304,0.004440307617187,0.004302978515625,0.5081018518518511,0.508217592592592,0.00011574074074
2012579864321,201257986432,1,0,21284292,1.0,"""[0.00016880035400300002",0.00020790100097600002,0.000489234924316,0.000532150268554,0.000550270080566,0.000568389892578,0.000590324401855,0.000612258911132,0.0006599426269530001,0.0013656616210930002," 0.0038757324218750004]""",0.003894805908203,0.000666618347167,4.145894527435302,0.012213613837957,0.005592346191406,0.000247955322265,0.00439453125,0.004364013671875,0.501388888888888,0.501504629629629,0.00011574074074
2012579864321,201257986432,1,0,21284292,1.0,"""[0",2.5749206542968753e-05,7.724761962890625e-05,0.00015068054199200001,0.00017261505126900002,0.00018882751464800002,0.00020408630371000002,0.00022029876708900002,0.000257492065429,0.00057029724121," 0.017608642578125]""",0.021209716796875,0.000399589538574,4.871511936187744,0.018819307908415,0.00592041015625,0.00024127960205000003,0.004058837890625,0.003131866455078,0.5074074074074071,0.507515817901234,0.000108410493827
2012579864321,201257986432,1,0,21284292,1.0,"""[0.00048637390136700004",0.00055980682373,0.0005941390991210001,0.0006303787231440001,0.000673294067382,0.000731468200683,0.000908851623535,0.001270294189453,0.0016708374023430002,0.0023193359375," 0.007591247558593001]""",0.009796142578125,0.001270294189453,3.306460857391357,0.007714441511780001,0.00592041015625,0.000226974487304,0.004798889160156,0.004600524902343001,0.507754629629629,0.5078703703703701,0.00011574074074
2012579864321,201257986432,1,0,21284292,1.0,"""[0",0.0,0.0,0.0,0.0,0.0,0.0,0.0,0.0,0.0," 0]""",0.0,0.0,0.0,0.0,0.005592346191406,0.0,1.9073486328125e-06,1.9073486328125e-06,0.5026331018518511,0.502633487654321,3.858024691358024e-07
2012579864321,201257986432,1,0,21284292,1.0,"""[0.000109672546386",0.000139236450195,0.00014781951904200002,0.000155448913574,0.00016403198242100002,0.00017166137695300002,0.00018978118896400002,0.000221252441406,0.00031280517578100004,0.001153945922851," 0.002784729003906]""",0.002784729003906,0.00037670135498000005,5.008835315704345,0.017579518258571,0.005592346191406,0.000247955322265,0.0042724609375,0.004264831542968001,0.502083333333333,0.502199074074074,0.00011574074074
2012579864321,201257986432,1,0,21284292,1.0,"""[0.00011920928955000001",0.00015926361083900002,0.00018310546875,0.00019931793212800002,0.00021457672119100003,0.00028610229492100005,0.00038528442382800005,0.00046825408935500005,0.001699447631835,0.0035362243652340003," 0.0272216796875]""",0.02850341796875,0.001285552978515,5.102427005767822,0.018408803269267002,0.005592346191406,1.0490417480468752e-05,0.004287719726562,0.003921508789062,0.504282407407407,0.504320216049382,3.780864197530864e-05
2012579864321,201257986432,1,0,21284292,1.0,"""[0.00014209747314400002",0.000149726867675,0.00015830993652300002,0.000165939331054,0.000174522399902,0.00018978118896400002,0.00020694732666000002,0.00023269653320300002,0.00033950805664,0.00124168395996," 0.003173828125]""",0.0033111572265620004,0.00041961669921800006,5.417672157287597,0.01900871656835,0.005592346191406,0.000247955322265,0.004264831542968001,0.004257202148437,0.502430555555555,0.502546296296296,0.00011574074074
2012579864321,201257986432,1,0,21284292,1.0,"""[0.000538825988769",0.0006189346313470001,0.000730514526367,0.0010299682617180002,0.0011749267578120002,0.001251220703125,0.00132942199707,0.001443862915039,0.00169563293457,0.00235366821289," 0.005584716796875001]""",0.005538940429687,0.0014190673828120002,3.889922142028808,0.009955434128642,0.00592041015625,0.00024127960205000003,0.005111694335937,0.0048828125,0.5092592592592591,0.509375,0.00011574074074
2012579864321,201257986432,1,0,21284292,1.0,"""[0.0004911422729490001",0.000569343566894,0.000612258911132,0.000653266906738,0.0007095336914060001,0.0007772445678710001,0.0009193420410150001,0.001270294189453,0.001483917236328,0.002174377441406," 0.0111083984375]""",0.0111083984375,0.001331329345703,4.93609619140625,0.012710242532193002,0.006149291992187,0.000247955322265,0.005416870117187,0.005050659179687,0.504523533950617,0.504629629629629,0.00010609567901200001
2012579864321,201257986432,1,0,21284292,1.0,"""[0",0.0,0.0,0.0,0.0,0.0,0.0,0.0,0.0,0.0," 0]""",0.00035572052001900005,8.869171142578126e-05,4.871511936187744,0.018819307908415,0.00592041015625,0.000128746032714,9.5367431640625e-06,9.5367431640625e-06,0.507515817901234,0.507517361111111,1.5432098765432092e-06
2012579864321,201257986432,1,0,21284292,1.0,"""[0",0.0,0.0,0.0,2.86102294921875e-06,6.67572021484375e-06,1.0490417480468752e-05,1.3351440429687502e-05,1.3351440429687502e-05,1.3351440429687502e-05," 1.3351440429687502e-05]""",0.0,0.0,0.0,0.0,0.00592041015625,0.0,9.5367431640625e-07,9.5367431640625e-07,0.50915586419753,0.50915625,3.858024691358024e-07
2012579864321,201257986432,1,0,21284292,1.0,"""[0.00048065185546800006",0.0005521774291990001,0.000585556030273,0.000616073608398,0.000678062438964,0.000773429870605,0.00119400024414,0.001399993896484,0.0016784667968750002,0.0025177001953120004," 0.005401611328125]""",0.008865356445312,0.0012435913085930002,4.892606258392334,0.014931091107428001,0.00592041015625,0.00024127960205000003,0.004501342773437,0.004310607910156,0.5062500000000001,0.50636574074074,0.00011574074074
2012579864321,201257986432,1,0,21284292,0.9933333396911621,"""[0.00014781951904200002",0.000164985656738,0.00018215179443300001,0.00019741058349600002,0.00021362304687500003,0.00023555755615200003,0.00026416778564400005,0.00031661987304600005,0.000473022460937,0.0014190673828120002," 0.0025482177734370004]""",0.0025482177734370004,0.00042819976806600005,5.216088771820068,0.021256294101476003,0.00592041015625,0.000226974487304,0.004470825195312,0.004196166992187,0.508449074074074,0.5085648148148141,0.00011574074074
2012579864321,201257986432,1,0,21284292,1.0,"""[0.00046539306640600004",0.000523567199707,0.000561714172363,0.000623703002929,0.0007219314575190001,0.0008983612060540001,0.0013561248779290001,0.0015563964843750002,0.0017166137695310002,0.00204849243164," 0.004112243652343001]""",0.004127502441406,0.001190185546875,4.145894527435302,0.012213612906634001,0.005592346191406,0.000247955322265,0.004684448242187,0.0045166015625,0.501157407407407,0.501273148148148,0.00011574074074
2012579864321,201257986432,1,0,21284292,1.0,"""[0.000433921813964",0.000517845153808,0.00055980682373,0.0005960464477530001,0.0006561279296870001,0.001148223876953,0.001443862915039,0.0016021728515620002,0.00181770324707,0.002349853515625," 0.005081176757812]""",0.006126403808593001,0.001276016235351,4.145894527435302,0.012213613837957,0.005592346191406,0.000247955322265,0.004615783691406,0.004501342773437,0.501273148148148,0.501388888888888,0.00011574074074
2012579864321,201257986432,1,0,21284292,1.0,"""[0",3.814697265625e-06,1.0490417480468752e-05,1.71661376953125e-05,2.2888183593750003e-05,2.9563903808593753e-05,3.62396240234375e-05,4.291534423828126e-05,5.817413330078126e-05,7.62939453125e-05," 0.000513076782226]""",7.724761962890625e-05,3.814697265625e-05,4.950045108795166,0.018401864916086003,0.00592041015625,0.000226974487304,0.00013637542724600002,0.00013637542724600002,0.509143518518518,0.5091550925925921,1.157407407407407e-05
2012579864321,201257986432,1,0,21284292,1.0,"""[0.00015068054199200001",0.00016975402832,0.00018882751464800002,0.00020790100097600002,0.00023937225341700002,0.00031471252441400005,0.00042915344238200005,0.0009689331054680001,0.0013580322265620002,0.0017395019531250002," 0.008468627929687]""",0.008468627929687,0.00086498260498,4.795063018798828,0.015878124162554002,0.005592346191406,1.0490417480468752e-05,0.004463195800781,0.004173278808593001,0.503472222222222,0.503587962962962,0.00011574074074
2012579864321,201257986432,1,0,21284292,1.0,"""[0.00013160705566400002",0.000148773193359,0.00016689300537100002,0.00019359588623000002,0.00024318695068300001,0.000828742980957,0.001087188720703,0.0012187957763670001,0.0014724731445310002,0.0019092559814450002," 0.003730773925781]""",0.003715515136718,0.0008668899536130001,4.617738246917724,0.016212332993745002,0.005592346191406,0.000247955322265,0.004501342773437,0.004364013671875,0.501851851851851,0.501967592592592,0.00011574074074
2012579864321,201257986432,1,0,21284292,1.0,"""[0.00041580200195300005",0.000683784484863,0.000871658325195,0.001007080078125,0.0011425018310540001,0.0013275146484370002,0.0022544860839840003,0.005012512207031,0.016510009765625,0.03314208984375," 0.1029052734375]""",0.18115234375,0.011917114257812,0.0,0.0,0.005592346191406,0.00024032592773400003,0.005050659179687,0.0045166015625,0.504322145061728,0.504398148148148,7.60030864197531e-05
2012579864321,201257986432,1,0,21284292,1.0,"""[1.621246337890625e-05",1.621246337890625e-05,1.621246337890625e-05,1.621246337890625e-05,1.621246337890625e-05,1.621246337890625e-05,1.621246337890625e-05,1.621246337890625e-05,1.621246337890625e-05,1.621246337890625e-05," 1.621246337890625e-05]""",0.0,0.0,0.0,0.0,0.00592041015625,0.0,9.5367431640625e-07,9.5367431640625e-07,0.5075165895061721,0.507516975308641,3.858024691358024e-07
2012579864321,201257986432,1,0,21284292,1.0,"""[0.000135421752929",0.000152587890625,0.000170707702636,0.00018405914306600003,0.00019454956054600002,0.000205039978027,0.00021553039550700003,0.00023746490478500002,0.000275611877441,0.0009899139404290001," 0.002704620361328]""",0.002704620361328,0.00034427642822200004,5.5022382736206055,0.018601348623633003,0.00592041015625,0.00024127960205000003,0.004035949707031,0.0040283203125,0.5067129629629631,0.506828703703703,0.00011574074074
2012579864321,201257986432,1,0,21284292,1.0,"""[0.000112533569335",0.00014114379882800002,0.00015068054199200001,0.000161170959472,0.000170707702636,0.00018405914306600003,0.00020313262939400002,0.000226020812988,0.000338554382324,0.001190185546875," 0.00181770324707]""",0.0018768310546870002,0.00034618377685500005,2.349713087081909,0.007272805087268,0.006149291992187,0.000247955322265,0.004280090332031,0.004188537597656,0.5053240740740741,0.505439814814814,0.00011574074074
2012579864321,201257986432,1,0,21284292,1.0,"""[0.000140190124511",0.000191688537597,0.00021743774414,0.00024032592773400003,0.00026321411132800005,0.000422477722167,0.0008449554443350001,0.0010967254638670001,0.0014171600341790001,0.002094268798828," 0.005165100097656]""",0.005165100097656,0.0008974075317380001,4.871511936187744,0.018819307908415,0.00592041015625,0.00024127960205000003,0.004379272460937,0.004196166992187,0.507291666666666,0.5074074074074071,0.00011574074074
2012579864321,201257986432,1,0,21284292,1.0,"""[0.00015735626220700002",0.00017738342285100002,0.00018882751464800002,0.000200271606445,0.00021171569824200001,0.00022411346435500002,0.00024032592773400003,0.000256538391113,0.00029182434082000003,0.001100540161132," 0.002738952636718]""",0.002738952636718,0.00039482116699200004,4.795063018798828,0.015878124162554002,0.005592346191406,1.0490417480468752e-05,0.004241943359375,0.004058837890625,0.503587962962962,0.503703703703703,0.00011574074074
2012579864321,201257986432,1,0,21284292,1.0,"""[0.00013828277587800002",0.00015163421630800001,0.000165939331054,0.000179290771484,0.00018978118896400002,0.000200271606445,0.00021076202392500003,0.00022411346435500002,0.000296592712402,0.0009727478027340001," 0.0024871826171870004]""",0.0024871826171870004,0.000381469726562,4.617738246917724,0.016212332993745002,0.005592346191406,0.000247955322265,0.004295349121093001,0.004287719726562,0.501736111111111,0.501851851851851,0.00011574074074
2012579864321,201257986432,1,0,21284292,1.0,"""[0.00013828277587800002",0.000152587890625,0.00016689300537100002,0.00018119812011700001,0.000195503234863,0.00020980834960900003,0.000226020812988,0.00025177001953100004,0.000329971313476,0.001504898071289," 0.0025787353515620004]""",0.002582550048828,0.000401496887207,4.833566665649414,0.018512098118662,0.006149291992187,0.000247955322265,0.004531860351562,0.004264831542968001,0.505671296296296,0.5057870370370371,0.00011574074074
2012579864321,201257986432,1,0,21284292,1.0,"""[0",0.0,1.9073486328125e-06,8.58306884765625e-06,1.52587890625e-05,2.1934509277343753e-05,2.8610229492187503e-05,3.528594970703125e-05,4.196166992187501e-05,0.000300407409667," 0.000300407409667]""",0.0005655288696280001,8.106231689453125e-05,4.58241844177246,0.015304985456168001,0.005592346191406,1.2397766113281252e-05,2.5749206542968753e-05,2.3841857910156253e-05,0.504320216049382,0.5043229166666661,2.7006172839506168e-06
2012579864321,201257986432,1,0,21284292,1.0,"""[0.00046730041503900005",0.0005636215209960001,0.00065803527832,0.0008516311645500001,0.0010356903076170001,0.0011749267578120002,0.001428604125976,0.0017642974853510002,0.002021789550781,0.002735137939453," 0.00909423828125]""",0.0093994140625,0.0015392303466790001,0.0,0.0,0.005592346191406,9.5367431640625e-06,0.005081176757812,0.004646301269531,0.502662037037037,0.502777777777777,0.00011574074074
2012579864321,201257986432,1,0,21284292,1.0,"""[0.00044918060302700006",0.000494003295898,0.000516891479492,0.000542640686035,0.00057029724121,0.000612258911132,0.000640869140625,0.0006933212280270001,0.0008010864257810001,0.0014266967773430002," 0.0023765563964840003]""",0.0024871826171870004,0.0007543563842770001,4.936095714569091,0.012710241600871001,0.006149291992187,0.000247955322265,0.005096435546875,0.004615783691406,0.504629629629629,0.50474537037037,0.00011574074074
2012579864321,201257986432,1,0,21284292,1.0,"""[0.000115394592285",0.000140190124511,0.000149726867675,0.00015926361083900002,0.00016784667968700002,0.00017833709716700002,0.000196456909179,0.00021553039550700003,0.000296592712402,0.001211166381835," 0.00213623046875]""",0.0021324157714840003,0.000361442565917,5.305186748504638,0.021703634411096,0.00592041015625,0.000226974487304,0.004058837890625,0.004051208496093001,0.5085648148148141,0.508680555555555,0.00011574074074
2012579864321,201257986432,1,0,21284292,1.0,"""[0.000161170959472",0.000190734863281,0.00021457672119100003,0.000351905822753,0.0005044937133780001,0.0005521774291990001,0.000611305236816,0.000871658325195,0.0011749267578120002,0.0017166137695310002," 0.009536743164062]""",0.009521484375,0.000956535339355,4.936095714569091,0.012710241600871001,0.006149291992187,0.000247955322265,0.004928588867187,0.004364013671875,0.50474537037037,0.5048611111111111,0.00011574074074
2012579864321,201257986432,1,0,21284292,1.0,"""[0.000139236450195",0.00014686584472600002,0.000154495239257,0.00016307830810500002,0.000170707702636,0.00018119812011700001,0.00019836425781200002,0.00021457672119100003,0.000298500061035,0.00149917602539," 0.002555847167968]""",0.0025596618652340003,0.00037670135498000005,5.305186748504638,0.021703634411096,0.00592041015625,0.000226974487304,0.004051208496093001,0.004051208496093001,0.508680555555555,0.5087962962962961,0.00011574074074
2012579864321,201257986432,1,0,21284292,1.0,"""[0.000140190124511",0.000153541564941,0.00016784667968700002,0.00018119812011700001,0.00019454956054600002,0.00020694732666000002,0.00022029876708900002,0.000255584716796,0.00043487548828100004,0.0007486343383780001," 0.002510070800781]""",0.002506256103515,0.00036525726318300004,4.914152145385742,0.018804572522640003,0.00592041015625,0.00024127960205000003,0.004013061523437,0.004005432128906,0.5071759259259261,0.507291666666666,0.00011574074074
2012579864321,201257986432,1,0,21284292,1.0,"""[0.00011920928955000001",0.000153541564941,0.00017642974853500002,0.00018501281738200003,0.00019454956054600002,0.00020313262939400002,0.00021266937255800001,0.00022411346435500002,0.000253677368164,0.0010128021240230001," 0.002307891845703]""",0.002307891845703,0.000358581542968,4.795063018798828,0.015878124162554002,0.005592346191406,1.0490417480468752e-05,0.003982543945312,0.003982543945312,0.503703703703703,0.503819444444444,0.00011574074074
2012579864321,201257986432,1,0,21284292,1.0,"""[0.0005216598510740001",0.000590324401855,0.0006246566772460001,0.000650405883789,0.0006799697875970001,0.000720024108886,0.00091552734375,0.00115966796875,0.0015182495117180002,0.002334594726562," 0.00775146484375]""",0.00775146484375,0.0012645721435540001,3.306460857391357,0.007714441511780001,0.00592041015625,0.000226974487304,0.004798889160156,0.004638671875,0.5076388888888881,0.507754629629629,0.00011574074074
2012579864321,201257986432,1,0,21284292,1.0,"""[0",0.0,0.0,0.0,0.0,3.814697265625e-06,7.62939453125e-06,7.62939453125e-06,7.62939453125e-06,7.62939453125e-06," 7.62939453125e-06]""",0.0,0.0,0.0,0.0,0.005592346191406,0.0,1.9073486328125e-06,1.9073486328125e-06,0.5026327160493821,0.5026331018518511,3.858024691358024e-07
2012579864321,201257986432,1,0,21284292,1.0,"""[0",0.0,0.0,0.0,0.0,0.0,0.0,0.0,0.0,0.0,"0]""",0.0,0.0,0.0,0.0,0.0,0.0,9.5367431640625e-07,9.5367431640625e-07,0.5043213734567901,0.504321759259259,3.858024691358024e-07
2012579864321,201257986432,1,0,21284292,1.0,"""[0.000123023986816",0.000144958496093,0.00015735626220700002,0.000170707702636,0.000185966491699,0.00020408630371000002,0.00022411346435500002,0.00026416778564400005,0.0006380081176750001,0.001056671142578," 0.001882553100585]""",0.0018844604492180002,0.000410079956054,4.617738246917724,0.016212332993745002,0.005592346191406,0.000247955322265,0.00439453125,0.004325866699218001,0.501967592592592,0.502083333333333,0.00011574074074
2012579864321,201257986432,1,0,21284292,1.0,"""[0.000568389892578",0.001276016235351,0.001529693603515,0.0016727447509760002,0.0021476745605460003,0.002796173095703,0.004135131835937,0.01025390625,0.01239013671875,0.01483154296875," 0.0830078125]""",0.0830078125,0.008529663085937,0.0,0.0,0.00592041015625,0.00024127960205000003,0.004936218261718001,0.004631042480468001,0.5060185185185181,0.506134259259259,0.00011574074074
2012579864321,201257986432,1,0,21284292,1.0,"""[0.000494003295898",0.0005760192871090001,0.0006074905395500001,0.0006380081176750001,0.00067138671875,0.000715255737304,0.0007553100585930001,0.0009593963623040001,0.001224517822265,0.001567840576171," 0.0034446716308590003]""",0.0034446716308590003,0.0009193420410150001,4.945339679718017,0.014037092216312,0.005592346191406,9.5367431640625e-06,0.00506591796875,0.004623413085937,0.502777777777777,0.502893518518518,0.00011574074074
2012579864321,201257986432,1,0,21284292,1.0,"""[0.000153541564941",0.00021266937255800001,0.00048732757568300004,0.000520706176757,0.000542640686035,0.000561714172363,0.000581741333007,0.0006017684936520001,0.0006380081176750001,0.001131057739257," 0.0040283203125]""",0.004020690917968001,0.0006294250488280001,4.945339202880859,0.014037091284990002,0.005592346191406,9.5367431640625e-06,0.00408935546875,0.004043579101562,0.503009259259259,0.5031249999999999,0.00011574074074
2012579864321,201257986432,1,0,21284292,1.0,"""[0.000139236450195",0.00014686584472600002,0.000155448913574,0.00016403198242100002,0.00017166137695300002,0.00018501281738200003,0.00020217895507800002,0.00021934509277300002,0.00039005279541,0.001201629638671," 0.003162384033203]""",0.003166198730468,0.000370025634765,3.121637821197509,0.008895646780729,0.006149291992187,0.000247955322265,0.004203796386718001,0.004173278808593001,0.504976851851851,0.5050925925925921,0.00011574074074
2012579864321,201257986432,1,0,21284292,1.0,"""[0.00045680999755800004",0.0005455017089840001,0.0005836486816400001,0.000621795654296,0.0007047653198240001,0.001123428344726,0.0012950897216790001,0.0014057159423820002,0.001628875732421,0.0024871826171870004," 0.016265869140625]""",0.0162353515625,0.001352310180664,3.889922142028808,0.009955434128642,0.00592041015625,0.00024127960205000003,0.004920959472656,0.004714965820312,0.509375,0.5094907407407401,0.00011574074074
2012579864321,201257986432,1,0,21284292,1.0,"""[0.00013256072998000002",0.000161170959472,0.00018119812011700001,0.000191688537597,0.00020217895507800002,0.00021171569824200001,0.000226974487304,0.000257492065429,0.000642776489257,0.002029418945312," 0.009231567382812]""",0.00909423828125,0.000739097595214,5.626776695251464,0.02153237350285,0.005592346191406,1.0490417480468752e-05,0.004524230957031,0.004020690917968001,0.503819444444444,0.503935185185185,0.00011574074074
2012579864321,201257986432,1,0,21284292,1.0,"""[0.00071907043457",0.002227783203125,0.009414672851562,0.0111083984375,0.012191772460937,0.012893676757812,0.013717651367187,0.01470947265625,0.016326904296875,0.0655517578125," 0.0855712890625]""",0.1058349609375,0.02154541015625,0.0,0.0,0.005592346191406,0.00023555755615200003,0.004798889160156,0.003833770751953,0.5010127314814811,0.501041666666666,2.8935185185185183e-05
2012579864321,201257986432,1,0,21284292,1.0,"""[9.5367431640625e-07",9.5367431640625e-07,9.5367431640625e-07,9.5367431640625e-07,9.5367431640625e-07,9.5367431640625e-07,9.5367431640625e-07,9.5367431640625e-07,9.5367431640625e-07,9.5367431640625e-07," 9.5367431640625e-07]""",0.0,0.0,4.950045108795166,0.018401864916086003,0.00592041015625,1.9073486328125e-06,5.7220458984375e-06,5.7220458984375e-06,0.509157021604938,0.509157407407407,3.858024691358024e-07
2012579864321,201257986432,1,0,21284292,1.0,"""[0",0.0,0.0,0.0,0.0,0.0,0.0,0.0,0.0,0.0," 0]""",0.000507354736328,0.000126838684082,5.7774658203125,0.021447302773594003,0.006149291992187,0.000139236450195,0.00011730194091700002,3.910064697265625e-05,0.50600887345679,0.506010416666666,1.5432098765432092e-06
2012579864321,201257986432,1,0,21284292,1.0,"""[0.00113296508789",0.00160789489746,0.006072998046875001,0.012954711914062,0.014266967773437,0.01531982421875,0.016998291015625,0.02227783203125,0.0498046875,0.083740234375," 0.107421875]""",0.1075439453125,0.027740478515625003,0.0,0.0,0.005592346191406,9.5367431640625e-06,0.004310607910156,0.0034484863281250004,0.502633487654321,0.502662037037037,2.8549382716049384e-05
2012579864321,201257986432,1,0,21284292,1.0,"""[0",0.0,0.0,0.0,0.0,0.0,0.0,0.0,0.0,0.0," 0]""",0.0,0.0,5.7774658203125,0.021447302773594003,0.006149291992187,2.6702880859375003e-05,1.3351440429687502e-05,1.2397766113281252e-05,0.506010416666666,0.5060111882716051,7.716049382716048e-07
2012579864321,201257986432,1,0,21284292,1.0,"""[0.000506401062011",0.000579833984375,0.0006141662597650001,0.000645637512207,0.000682830810546,0.000761032104492,0.001232147216796,0.0014095306396480001,0.0016002655029290001,0.00235366821289," 0.006698608398437]""",0.006736755371093001,0.0012588500976560002,4.892606735229492,0.014931091107428001,0.00592041015625,0.00024127960205000003,0.00457763671875,0.004440307617187,0.506134259259259,0.5062500000000001,0.00011574074074
2012579864321,201257986432,1,0,21284292,1.0,"""[0.000155448913574",0.000174522399902,0.00019264221191400002,0.00020980834960900003,0.000249862670898,0.00042915344238200005,0.0009765625,0.0011425018310540001,0.001272201538085,0.0017471313476560002," 0.00360107421875]""",0.00360107421875,0.00079345703125,5.417672157287597,0.01900871656835,0.005592346191406,0.000247955322265,0.004478454589843001,0.004364013671875,0.502314814814814,0.502430555555555,0.00011574074074
2012579864321,201257986432,1,0,21284292,1.0,"""[0.00013732910156200002",0.00017833709716700002,0.000186920166015,0.000196456909179,0.000205993652343,0.00021457672119100003,0.00022888183593700002,0.000249862670898,0.00030136108398400003,0.00105857849121," 0.006111145019531]""",0.006111145019531,0.00036430358886700004,4.910923957824707,0.015041372738778001,0.00592041015625,0.00024127960205000003,0.004165649414062,0.004058837890625,0.506597222222222,0.5067129629629631,0.00011574074074
2012579864321,201257986432,1,0,21284292,1.0,"""[0.000160217285156",0.000185966491699,0.00020408630371000002,0.000222206115722,0.000247001647949,0.000279426574707,0.00033187866210900003,0.000403404235839,0.0005989074707030001,0.0009298324584960001," 0.0016841888427730001]""",0.0016841888427730001,0.000410079956054,4.936095714569091,0.012710241600871001,0.006149291992187,0.000247955322265,0.004920959472656,0.004425048828125,0.5048611111111111,0.504976851851851,0.00011574074074
2012579864321,201257986432,1,0,21284292,1.0,"""[0.000111579895019",0.000154495239257,0.00017642974853500002,0.000186920166015,0.00019741058349600002,0.00020694732666000002,0.00021743774414,0.000247001647949,0.00036716461181600005,0.00152587890625," 0.00241470336914]""",0.0023956298828120004,0.00042915344238200005,4.950045108795166,0.018401864916086003,0.00592041015625,0.000226974487304,0.004112243652343001,0.004058837890625,0.508912037037037,0.5090277777777771,0.00011574074074
2012579864321,201257986432,1,0,21284292,1.0,"""[2.7656555175781253e-05",3.4332275390625e-05,4.00543212890625e-05,0.000125885009765,0.000170707702636,0.00018882751464800002,0.00020408630371000002,0.00021934509277300002,0.00031566619873000005,0.001237869262695," 0.023712158203125003]""",0.02374267578125,0.00046157836914,4.950045108795166,0.018401864916086003,0.00592041015625,0.000226974487304,0.004051208496093001,0.0028228759765620004,0.5090277777777771,0.509143518518518,0.00011574074074
2012579864321,201257986432,1,0,21284292,1.0,"""[0.00013256072998000002",0.000155448913574,0.00017738342285100002,0.000186920166015,0.000195503234863,0.000205039978027,0.00021362304687500003,0.00022888183593700002,0.000258445739746,0.0010604858398430002," 0.002063751220703]""",0.002067565917968,0.00033473968505800004,4.795063018798828,0.015878124162554002,0.005592346191406,1.0490417480468752e-05,0.003990173339843001,0.003990173339843001,0.503356481481481,0.503472222222222,0.00011574074074
2012579864321,201257986432,1,0,21284292,1.0,"""[0.000130653381347",0.000140190124511,0.000148773193359,0.00015830993652300002,0.00016689300537100002,0.000175476074218,0.000196456909179,0.000216484069824,0.00028610229492100005,0.0013427734375," 0.002655029296875]""",0.002655029296875,0.00036716461181600005,2.822829961776733,0.009413631632924,0.006149291992187,0.000247955322265,0.004165649414062,0.004158020019531,0.505439814814814,0.5055555555555551,0.00011574074074
2012579864321,201257986432,1,0,21284292,1.0,"""[0.00015735626220700002",0.00017642974853500002,0.00018405914306600003,0.00019264221191400002,0.000201225280761,0.00020980834960900003,0.00021743774414,0.000247001647949,0.000309944152832,0.0012569427490230001," 0.0036964416503900005]""",0.0037193298339840003,0.000381469726562,4.275259494781494,0.013309936039149001,0.005592346191406,0.000247955322265,0.00433349609375,0.004295349121093001,0.50162037037037,0.501736111111111,0.00011574074074
2012579864321,201257986432,1,0,21284292,1.0,"""[0.000460624694824",0.0013275146484370002,0.00181770324707,0.002616882324218,0.004348754882812,0.007392883300781,0.008895874023437,0.0106201171875,0.01214599609375,0.030181884765625003," 0.05859375]""",0.05877685546875,0.01025390625,0.0,0.0,0.00592041015625,0.00023555755615200003,0.005165100097656,0.004463195800781,0.509157021604938,0.5092592592592591,0.00010223765432000001
2012579864321,201257986432,1,0,21284292,1.0,"""[0",0.000984191894531,0.0012054443359370002,0.0015010833740230001,0.002044677734375,0.003192901611328,0.00653076171875,0.006721496582031,0.008529663085937,0.0101318359375," 0.010269165039062]""",0.013824462890625002,0.003807067871093,0.0,0.0,0.00592041015625,0.00015926361083900002,0.0014629364013670001,0.000543594360351,0.507516975308641,0.507523148148148,6.172839506172839e-06
2012579864321,201257986432,1,0,21284292,1.0,"""[0",0.0,0.0,0.0,0.0,0.0,0.0,0.0,0.0,0.0," 0]""",0.0,0.0,0.0,0.0,0.00592041015625,0.0,9.5367431640625e-07,9.5367431640625e-07,0.506010030864197,0.506010802469135,7.716049382716048e-07
2012579864321,201257986432,1,0,21284292,1.0,"""[0",0.0,0.0,0.0,0.0,0.0,0.0,0.0,0.0,0.0," 0]""",0.0,0.0,0.0,0.0,0.005592346191406,0.0,9.5367431640625e-07,9.5367431640625e-07,0.504321759259259,0.504322145061728,3.858024691358024e-07
2012579864321,201257986432,1,0,21284292,1.0,"""[0.00010395050048800001",0.000139236450195,0.00014686584472600002,0.000155448913574,0.00016307830810500002,0.00017166137695300002,0.00018787384033200002,0.00021553039550700003,0.00029563903808500004,0.0011520385742180002," 0.003837585449218]""",0.0038414001464840003,0.00035667419433500004,5.101869106292724,0.020682828500866002,0.00592041015625,0.000226974487304,0.004196166992187,0.00408935546875,0.508217592592592,0.5083333333333331,0.00011574074074
2012579864321,201257986432,1,0,21284292,1.0,"""[0.000421524047851",0.000517845153808,0.00062084197998,0.000677108764648,0.0007600784301750001,0.000828742980957,0.000964164733886,0.001239776611328,0.001550674438476,0.0020103454589840003," 0.012069702148437]""",0.020111083984375,0.001308441162109,0.0,0.0,0.005844116210937,0.000247955322265,0.005599975585937,0.005157470703125,0.504398148148148,0.504513888888888,0.00011574074074
2012579864321,201257986432,1,0,21284292,1.0,"""[0.0006008148193350001",0.000612258911132,0.00063419342041,0.0006561279296870001,0.0007047653198240001,0.0007410049438470001,0.0007658004760740001,0.000787734985351,0.0008583068847650001,0.0013866424560540001," 0.0018367767333980001]""",0.0018367767333980001,0.000792503356933,0.0,0.0,0.006149291992187,0.000247955322265,0.005149841308593001,0.005104064941406,0.504513888888888,0.504523533950617,9.645061728395062e-06
2012579864321,201257986432,1,0,21284292,1.0,"""[0.00013732910156200002",0.00018978118896400002,0.00021457672119100003,0.00023937225341700002,0.00026512145996000004,0.000321388244628,0.0005578994750970001,0.0008211135864250001,0.001718521118164,0.002338409423828," 0.006340026855468001]""",0.006340026855468001,0.0008935928344720001,5.136674404144287,0.020136961713433002,0.00592041015625,0.000226974487304,0.004470825195312,0.0042724609375,0.5087962962962961,0.508912037037037,0.00011574074074
2012579864321,201257986432,1,0,21284292,1.0,"""[0",0.0,0.0,0.0,0.0,0.0,0.0,0.0,0.0,0.0," 0]""",0.00047588348388600003,9.536743164062501e-05,4.528184413909912,0.016890352591872,0.005592346191406,0.000247955322265,1.811981201171875e-05,1.71661376953125e-05,0.5026315586419751,0.502633487654321,1.929012345679012e-06
2012579864321,201257986432,1,0,21284292,1.0,"""[2.86102294921875e-06",2.86102294921875e-06,2.86102294921875e-06,2.86102294921875e-06,2.86102294921875e-06,2.86102294921875e-06,2.86102294921875e-06,2.86102294921875e-06,2.86102294921875e-06,2.86102294921875e-06," 2.86102294921875e-06]""",0.0,0.0,4.528184413909912,0.016890352591872,0.005592346191406,0.000247955322265,1.52587890625e-05,1.52587890625e-05,0.502633487654321,0.50263387345679,3.858024691358024e-07
2012579864321,201257986432,1,0,21284292,1.0,"""[3.147125244140625e-05",0.000134468078613,0.00014591217041000002,0.00015735626220700002,0.00016880035400300002,0.00018310546875,0.000200271606445,0.00021839141845700002,0.000329971313476,0.0016174316406250002," 0.021484375]""",0.021484375,0.000499725341796,5.7774658203125,0.021447302773594003,0.006149291992187,0.000247955322265,0.004150390625,0.0038261413574210003,0.505902777777777,0.50600887345679,0.00010609567901200001
2012579864321,201257986432,1,0,21284292,1.0,"""[0.000483512878417",0.0005264282226560001,0.000542640686035,0.0005569458007810001,0.0005712509155270001,0.0005884170532220001,0.0006065368652340001,0.000636100769042,0.000891685485839,0.001298904418945," 0.0033874511718750004]""",0.003395080566406,0.000750541687011,4.892606258392334,0.014931091107428001,0.00592041015625,0.00024127960205000003,0.004165649414062,0.004104614257812,0.50636574074074,0.5064814814814811,0.00011574074074
2012579864321,201257986432,1,0,21284292,1.0,"""[4.482269287109376e-05",0.00014305114746000002,0.000155448913574,0.00016784667968700002,0.00018405914306600003,0.00020694732666000002,0.00024127960205000003,0.000389099121093,0.0008630752563470001,0.001199722290039," 0.0244140625]""",0.0244140625,0.000590324401855,5.278823375701904,0.018678039312362,0.005592346191406,0.000247955322265,0.004249572753906,0.004165649414062,0.502546296296296,0.5026315586419751,8.526234567901235e-05
2012579864321,201257986432,1,0,21284292,1.0,"""[0.000135421752929",0.00019264221191400002,0.00021171569824200001,0.00023555755615200003,0.00026416778564400005,0.00034523010253900005,0.0007658004760740001,0.001108169555664,0.0013427734375,0.002082824707031," 0.006439208984375001]""",0.006439208984375001,0.0008850097656250001,4.892606258392334,0.014931091107428001,0.00592041015625,0.00024127960205000003,0.004402160644531,0.004203796386718001,0.5064814814814811,0.506597222222222,0.00011574074074
2012579864321,201257986432,1,0,21284292,1.0,"""[0.000500679016113",0.000567436218261,0.000609397888183,0.000653266906738,0.000689506530761,0.0007524490356440001,0.0009689331054680001,0.0011882781982420001,0.001651763916015,0.002067565917968," 0.01080322265625]""",0.010818481445312,0.001262664794921,4.945339202880859,0.014037091284990002,0.005592346191406,9.5367431640625e-06,0.004753112792968001,0.00439453125,0.502893518518518,0.503009259259259,0.00011574074074
2012579864321,201257986432,1,0,21284292,1.0,"""[0.000139236450195",0.000160217285156,0.000179290771484,0.000191688537597,0.00020408630371000002,0.00021553039550700003,0.00024318695068300001,0.000616073608398,0.001276016235351,0.002113342285156," 0.004974365234375]""",0.004981994628906,0.000708580017089,5.5022382736206055,0.018601348623633003,0.00592041015625,0.00024127960205000003,0.00439453125,0.00408935546875,0.506828703703703,0.5069444444444441,0.00011574074074
2012579864321,201257986432,1,0,21284292,1.0,"""[0.00011730194091700002",0.000140190124511,0.000149726867675,0.00015830993652300002,0.00016784667968700002,0.00017738342285100002,0.00019454956054600002,0.00021171569824200001,0.000284194946289,0.001167297363281," 0.00179100036621]""",0.00179100036621,0.000329971313476,2.349713087081909,0.007272805087268,0.006149291992187,0.000247955322265,0.004173278808593001,0.004165649414062,0.5050925925925921,0.505208333333333,0.00011574074074
2012579864321,201257986432,1,0,21284292,1.0,"""[0.000111579895019",0.00014305114746000002,0.000155448913574,0.00016784667968700002,0.0001802444458,0.00019359588623000002,0.00020694732666000002,0.00022029876708900002,0.000260353088378,0.0009727478027340001," 0.0031089782714840003]""",0.0031089782714840003,0.000360488891601,5.5022382736206055,0.018601348623633003,0.00592041015625,0.00024127960205000003,0.004013061523437,0.004013061523437,0.507060185185185,0.5071759259259261,0.00011574074074
2012579864321,201257986432,1,0,21284292,1.0,"""[0.000134468078613",0.00014209747314400002,0.000149726867675,0.00015735626220700002,0.000164985656738,0.00017261505126900002,0.00018787384033200002,0.00021076202392500003,0.00028610229492100005,0.0015182495117180002," 0.003257751464843]""",0.003257751464843,0.00037670135498000005,5.188058853149414,0.019614448770880002,0.006149291992187,0.000247955322265,0.004158020019531,0.004150390625,0.5057870370370371,0.505902777777777,0.00011574074074
