UniqJobId,collection_id,instance_index,priority,machine_id,sample_rate,cpu_usage_distribution1,cpu_usage_distribution2,cpu_usage_distribution3,cpu_usage_distribution4,cpu_usage_distribution5,cpu_usage_distribution6,cpu_usage_distribution7,cpu_usage_distribution8,cpu_usage_distribution9,cpu_usage_distribution10,cpu_usage_distribution11,max_cpu,avg_cpu,cycles_per_instruction,memory_accesses_per_instruction,assigned_memory,page_cache_memory,max_memory,avg_memory,start_time,end_time,time_window
2012579864280,201257986428,0,0,21378227,1.0,"""[0",0.0,0.0,0.0,0.0,0.0,0.0,0.0,0.0,0.0," 0]""",0.00025177001953100004,3.62396240234375e-05,4.31498908996582,0.014623528346419001,0.0026702880859370004,1.9073486328125e-06,1.71661376953125e-05,1.71661376953125e-05,0.509108796296296,0.509109182098765,3.858024691358024e-07
2012579864280,201257986428,0,0,21378227,1.0,"""[0",0.0,1.9073486328125e-06,8.58306884765625e-06,1.52587890625e-05,2.1934509277343753e-05,2.8610229492187503e-05,3.528594970703125e-05,4.196166992187501e-05,0.000341415405273," 0.000341415405273]""",0.0017929077148430002,7.343292236328125e-05,6.237021446228027,0.019764458760619,0.0026702880859370004,0.00022506713867100002,0.000205039978027,7.724761962890625e-05,0.504320216049382,0.5043225308641971,2.314814814814814e-06
2012579864280,201257986428,0,0,21378227,1.0,"""[8.20159912109375e-05",0.000358581542968,0.00037479400634700004,0.000391006469726,0.00040531158447200004,0.00041770935058500004,0.000430107116699,0.00044631958007800005,0.00047683715820300005,0.000561714172363," 0.0240478515625]""",0.024078369140625003,0.0007181167602530001,6.237021446228027,0.019764458760619,0.0026702880859370004,0.00022506713867100002,0.002059936523437,0.002002716064453,0.504282407407407,0.504320216049382,3.780864197530864e-05
2012579864280,201257986428,0,0,21378227,1.0,"""[0.00014209747314400002",0.000357627868652,0.000372886657714,0.000389099121093,0.00040435791015600004,0.00041961669921800006,0.00043487548828100004,0.00045585632324200004,0.00048065185546800006,0.0005455017089840001," 0.00469970703125]""",0.00469970703125,0.000452041625976,3.1675631999969482,0.006466865073889,0.0026702880859370004,0.000226974487304,0.0020866394042960003,0.002079010009765,0.50636574074074,0.5064814814814811,0.00011574074074
2012579864280,201257986428,0,0,21378227,1.0,"""[8.106231689453125e-05",0.000381469726562,0.000410079956054,0.00042629241943300004,0.000441551208496,0.00045776367187500005,0.000473976135253,0.000494956970214,0.000524520874023,0.0006332397460930001," 0.023712158203125003]""",0.023712158203125003,0.000627517700195,5.898951053619384,0.019958650693297,0.0033683776855460003,0.000226020812988,0.002124786376953,0.0020866394042960003,0.500925925925925,0.501003086419753,7.716049382716049e-05
2012579864280,201257986428,0,0,21378227,1.0,"""[0.00039005279541",0.000584602355957,0.000623703002929,0.000658988952636,0.000713348388671,0.000776290893554,0.0009298324584960001,0.001094818115234,0.001291275024414,0.00142478942871," 0.0026397705078120004]""",0.004165649414062,0.0009365081787100001,4.292640686035156,0.012093238532543,0.00286865234375,0.000226020812988,0.0022544860839840003,0.0021934509277340003,0.5092592592592591,0.509375,0.00011574074074
2012579864280,201257986428,0,0,21378227,1.0,"""[0.00015640258789",0.00028324127197200004,0.000402450561523,0.000530242919921,0.0007019042968750001,0.0008697509765620001,0.00124168395996,0.0018463134765620002,0.0030937194824210003,0.004692077636718001," 0.016571044921875]""",0.016571044921875,0.002120971679687,0.0,0.0,0.0026702880859370004,0.00021457672119100003,0.001972198486328,0.001728057861328,0.502632330246913,0.502662037037037,2.9706790123456794e-05
2012579864280,201257986428,0,0,21378227,1.0,"""[0.000174522399902",0.00037574768066400005,0.00040531158447200004,0.00041770935058500004,0.000431060791015,0.00044441223144500003,0.00046157836914,0.00047874450683500004,0.000513076782226,0.000586509704589," 0.0037536621093750004]""",0.0037536621093750004,0.000518798828125,6.764666557312011,0.020929187536239003,0.0026702880859370004,9.5367431640625e-07,0.002128601074218,0.002063751220703,0.502199074074074,0.502314814814814,0.00011574074074
2012579864280,201257986428,0,0,21378227,1.0,"""[0.000114440917968",0.00040054321289,0.000431060791015,0.00044918060302700006,0.00046157836914,0.00047492980957000003,0.000489234924316,0.0005102157592770001,0.000536918640136,0.0006074905395500001," 0.004051208496093001]""",0.004051208496093001,0.0005044937133780001,6.764666557312011,0.020929187536239003,0.0026702880859370004,9.5367431640625e-07,0.002067565917968,0.002063751220703,0.502430555555555,0.502546296296296,0.00011574074074
2012579864280,201257986428,0,0,21378227,1.0,"""[0.00013637542724600002",0.00036239624023400003,0.00038719177246000004,0.00040531158447200004,0.00041961669921800006,0.00043487548828100004,0.00045108795166,0.00046920776367100005,0.000494956970214,0.000585556030273," 0.004043579101562]""",0.004043579101562,0.00047016143798800006,5.185866355895996,0.015640959143638,0.0026702880859370004,0.000226974487304,0.002094268798828,0.0020866394042960003,0.5067129629629631,0.506828703703703,0.00011574074074
2012579864280,201257986428,0,0,21378227,1.0,"""[0.000155448913574",0.00039768218994100005,0.00041484832763600003,0.000432968139648,0.00044727325439400005,0.00045967102050700005,0.000473022460937,0.00048732757568300004,0.0005149841308590001,0.000609397888183," 0.002628326416015]""",0.002628326416015,0.00048732757568300004,4.641201019287109,0.010452456772327002,0.0026702880859370004,2.86102294921875e-06,0.002113342285156,0.0021018981933590003,0.5048611111111111,0.504976851851851,0.00011574074074
2012579864280,201257986428,0,0,21378227,1.0,"""[0.00013256072998000002",0.00040531158447200004,0.000430107116699,0.00044727325439400005,0.00045967102050700005,0.000472068786621,0.000483512878417,0.0005025863647460001,0.0005216598510740001,0.0006017684936520001," 0.006027221679687]""",0.005958557128906,0.000507354736328,5.388214111328125,0.017104117199778,0.0026702880859370004,2.86102294921875e-06,0.002120971679687,0.002113342285156,0.505671296296296,0.5057870370370371,0.00011574074074
2012579864280,201257986428,0,0,21378227,1.0,"""[0",0.0,0.0,0.0,0.0,0.0,0.0,0.0,0.0,0.0," 0]""",0.0,0.0,0.0,0.0,0.0026702880859370004,0.0,9.5367431640625e-07,9.5367431640625e-07,0.5026315586419751,0.502631944444444,3.858024691358024e-07
2012579864280,201257986428,0,0,21378227,1.0,"""[0",0.0,0.0,0.0,0.0,0.0,0.0,0.0,0.0,0.0,"0]""",0.0,0.0,0.0,0.0,0.0026702880859370004,0.0,9.5367431640625e-07,9.5367431640625e-07,0.504320987654321,0.5043213734567901,3.858024691358024e-07
2012579864280,201257986428,0,0,21378227,1.0,"""[9.5367431640625e-07",9.5367431640625e-07,9.5367431640625e-07,9.5367431640625e-07,9.5367431640625e-07,9.5367431640625e-07,9.5367431640625e-07,9.5367431640625e-07,9.5367431640625e-07,9.5367431640625e-07," 9.5367431640625e-07]""",0.0,0.0,6.764666557312011,0.020929187536239003,0.0026702880859370004,9.5367431640625e-07,1.3351440429687502e-05,1.3351440429687502e-05,0.5026331018518511,0.502633487654321,3.858024691358024e-07
2012579864280,201257986428,0,0,21378227,1.0,"""[0.00016975402832",0.00037384033203100004,0.000403404235839,0.00041389465332000003,0.00042438507080000003,0.00043487548828100004,0.00045108795166,0.00047111511230400006,0.000501632690429,0.000616073608398," 0.002037048339843]""",0.002033233642578,0.00048446655273400003,6.860646724700927,0.021778259426355,0.0026702880859370004,0.00022506713867100002,0.002128601074218,0.0020713806152340003,0.503935185185185,0.504050925925925,0.00011574074074
2012579864280,201257986428,0,0,21378227,1.0,"""[0.00014209747314400002",0.00039768218994100005,0.00041675567626900005,0.00043582916259700004,0.00045108795166,0.000464439392089,0.00047874450683500004,0.00049877166748,0.000523567199707,0.000616073608398," 0.002647399902343]""",0.002647399902343,0.000497817993164,3.9278149604797363,0.010747121647,0.0026702880859370004,1.9073486328125e-06,0.0021629333496090003,0.002159118652343,0.5078703703703701,0.507986111111111,0.00011574074074
2012579864280,201257986428,0,0,21378227,1.0,"""[0.000149726867675",0.00039291381835900003,0.000409126281738,0.000422477722167,0.00043678283691400005,0.00045013427734300006,0.000464439392089,0.00047779083251900005,0.0005025863647460001,0.0005826950073240001," 0.0008821487426750001]""",0.001260757446289,0.000464439392089,3.171703815460205,0.008213781751692,0.0026702880859370004,9.5367431640625e-07,0.002059936523437,0.0020561218261710003,0.502083333333333,0.502199074074074,0.00011574074074
2012579864280,201257986428,0,0,21378227,1.0,"""[0.000128746032714",0.000380516052246,0.000411033630371,0.00042915344238200005,0.00044536590576100003,0.00045871734619100005,0.00047111511230400006,0.000483512878417,0.000517845153808,0.0005998611450190001," 0.00265884399414]""",0.00265884399414,0.00048828124999999995,3.856855869293212,0.010818672366440001,0.0026702880859370004,1.9073486328125e-06,0.0021629333496090003,0.002159118652343,0.5081018518518511,0.508217592592592,0.00011574074074
2012579864280,201257986428,0,0,21378227,1.0,"""[8.487701416015626e-05",0.000351905822753,0.000369071960449,0.00038528442382800005,0.00040054321289,0.000412940979003,0.00042438507080000003,0.00043678283691400005,0.00046634674072200004,0.000528335571289," 0.001352310180664]""",0.001949310302734,0.00042819976806600005,5.63003921508789,0.018548613414168,0.0033683776855460003,0.00022506713867100002,0.002124786376953,0.002120971679687,0.500462962962963,0.500578703703703,0.00011574074074
2012579864280,201257986428,0,0,21378227,1.0,"""[0.00045967102050700005",0.000684738159179,0.0007476806640620001,0.000810623168945,0.0008697509765620001,0.000920295715332,0.001026153564453,0.001184463500976,0.001398086547851,0.0015926361083980001," 0.0033073425292960003]""",0.0033111572265620004,0.00107192993164,4.564084529876709,0.009829329326748001,0.0026702880859370004,2.86102294921875e-06,0.002155303955078,0.0021476745605460003,0.504398148148148,0.504513888888888,0.00011574074074
2012579864280,201257986428,0,0,21378227,1.0,"""[0.00016975402832",0.000402450561523,0.000422477722167,0.000441551208496,0.00045585632324200004,0.00047016143798800006,0.00048446655273400003,0.000516891479492,0.000560760498046,0.000683784484863," 0.003150939941406]""",0.00326919555664,0.000519752502441,3.469759225845336,0.011208998970687,0.0026702880859370004,1.9073486328125e-06,0.002197265625,0.0021781921386710003,0.5083333333333331,0.508449074074074,0.00011574074074
2012579864280,201257986428,0,0,21378227,1.0,"""[0.00046157836914",0.0007295608520500001,0.0007858276367180001,0.000835418701171,0.000903129577636,0.000995635986328,0.001089096069335,0.0012359619140620002,0.001375198364257,0.0015411376953120002," 0.0035667419433590003]""",0.0035705566406250004,0.001079559326171,4.56408405303955,0.009829329326748001,0.0026702880859370004,2.86102294921875e-06,0.002151489257812,0.002143859863281,0.504513888888888,0.504629629629629,0.00011574074074
2012579864280,201257986428,0,0,21378227,1.0,"""[0.00013256072998000002",0.000401496887207,0.00041770935058500004,0.000433921813964,0.00044918060302700006,0.00046539306640600004,0.000481605529785,0.0005044937133780001,0.000530242919921,0.000604629516601," 0.006912231445312]""",0.006904602050781,0.000505447387695,3.469759225845336,0.011208998970687,0.0026702880859370004,1.9073486328125e-06,0.002174377441406,0.00217056274414,0.508449074074074,0.5085648148148141,0.00011574074074
2012579864280,201257986428,0,0,21378227,1.0,"""[0.000149726867675",0.000402450561523,0.00042343139648400003,0.000443458557128,0.00045776367187500005,0.000473022460937,0.000490188598632,0.0005149841308590001,0.000551223754882,0.0006332397460930001," 0.005279541015625]""",0.005279541015625,0.000518798828125,5.185866355895996,0.015640959143638,0.0026702880859370004,0.000226974487304,0.002151489257812,0.00210952758789,0.5069444444444441,0.507060185185185,0.00011574074074
2012579864280,201257986428,0,0,21378227,1.0,"""[0.00016689300537100002",0.00037574768066400005,0.000409126281738,0.00042724609375,0.00044536590576100003,0.000460624694824,0.00047588348388600003,0.00049877166748,0.000530242919921,0.000612258911132," 0.0030174255371090003]""",0.003013610839843,0.00048542022705000003,5.002246856689453,0.015588108450174002,0.0026702880859370004,0.000226974487304,0.002105712890625,0.0021018981933590003,0.5071759259259261,0.507291666666666,0.00011574074074
2012579864280,201257986428,0,0,21378227,1.0,"""[0.00015735626220700002",0.000409126281738,0.000442504882812,0.00045490264892500003,0.00046634674072200004,0.00047779083251900005,0.0004920959472650001,0.00051212310791,0.000537872314453,0.0006246566772460001," 0.002693176269531]""",0.002677917480468,0.000506401062011,5.123145580291748,0.015550247393548001,0.0026702880859370004,0.00022506713867100002,0.00204849243164,0.002044677734375,0.503356481481481,0.503472222222222,0.00011574074074
2012579864280,201257986428,0,0,21378227,1.0,"""[0.00019264221191400002",0.00040531158447200004,0.000441551208496,0.00045680999755800004,0.000472068786621,0.00048828124999999995,0.000508308410644,0.000528335571289,0.0005722045898430001,0.000680923461914," 0.005935668945312]""",0.005935668945312,0.000530242919921,5.388214111328125,0.017104117199778,0.0026702880859370004,2.86102294921875e-06,0.002124786376953,0.0021171569824210003,0.5055555555555551,0.505671296296296,0.00011574074074
2012579864280,201257986428,0,0,21378227,1.0,"""[0.000421524047851",0.0006437301635740001,0.0006933212280270001,0.000739097595214,0.000788688659667,0.0008707046508780001,0.0010051727294920001,0.0011520385742180002,0.001298904418945,0.0014629364013670001," 0.003921508789062]""",0.003913879394531,0.0009994506835930002,3.9278149604797363,0.010747121647,0.0026702880859370004,1.9073486328125e-06,0.002250671386718,0.002216339111328,0.5076388888888881,0.507754629629629,0.00011574074074
2012579864280,201257986428,0,0,21378227,1.0,"""[0.000115394592285",0.00034523010253900005,0.00039672851562500005,0.00040817260742100005,0.00041961669921800006,0.000431060791015,0.000443458557128,0.000460624694824,0.00047779083251900005,0.000530242919921," 0.002105712890625]""",0.0020866394042960003,0.00044536590576100003,6.860646724700927,0.021778259426355,0.0026702880859370004,0.00022506713867100002,0.002052307128906,0.00204849243164,0.503819444444444,0.503935185185185,0.00011574074074
2012579864280,201257986428,0,0,21378227,1.0,"""[8.58306884765625e-06",8.58306884765625e-06,8.58306884765625e-06,8.58306884765625e-06,8.58306884765625e-06,8.58306884765625e-06,8.58306884765625e-06,8.58306884765625e-06,8.58306884765625e-06,8.58306884765625e-06," 8.58306884765625e-06]""",0.0,0.0,0.0,0.0,0.0026702880859370004,0.0,9.5367431640625e-07,9.5367431640625e-07,0.5060019290123451,0.5060023148148141,3.858024691358024e-07
2012579864280,201257986428,0,0,21378227,1.0,"""[0.00021457672119100003",0.00047588348388600003,0.000669479370117,0.000768661499023,0.000889778137207,0.0013427734375,0.0018844604492180002,0.002754211425781,0.00433349609375,0.010452270507812," 0.0955810546875]""",0.0953369140625,0.004104614257812,0.0,0.0,0.0026702880859370004,9.5367431640625e-07,0.002216339111328,0.001903533935546,0.50100424382716,0.501041666666666,3.742283950617283e-05
2012579864280,201257986428,0,0,21378227,1.0,"""[0",0.0,0.0,0.0,0.0,1.811981201171875e-05,3.62396240234375e-05,3.62396240234375e-05,3.62396240234375e-05,3.62396240234375e-05," 3.62396240234375e-05]""",0.0008983612060540001,0.00024318695068300001,4.31498908996582,0.014623528346419001,0.0026702880859370004,1.9073486328125e-06,1.71661376953125e-05,1.71661376953125e-05,0.509108410493827,0.509108796296296,3.858024691358024e-07
2012579864280,201257986428,0,0,21378227,1.0,"""[0.000130653381347",0.000379562377929,0.000403404235839,0.000412940979003,0.000422477722167,0.000432968139648,0.000443458557128,0.000460624694824,0.00047779083251900005,0.000542640686035," 0.0010986328125]""",0.0010967254638670001,0.00044918060302700006,5.291961669921875,0.016740839928388002,0.0033683776855460003,0.00022506713867100002,0.002124786376953,0.002120971679687,0.5001157407407401,0.500231481481481,0.00011574074074
2012579864280,201257986428,0,0,21378227,1.0,"""[0.000185966491699",0.000370025634765,0.000401496887207,0.00041675567626900005,0.000432968139648,0.00044918060302700006,0.00046539306640600004,0.00048065185546800006,0.0005216598510740001,0.00069522857666," 0.002506256103515]""",0.002510070800781,0.000494003295898,3.9278149604797363,0.010747121647,0.0026702880859370004,1.9073486328125e-06,0.0021934509277340003,0.002174377441406,0.507986111111111,0.5081018518518511,0.00011574074074
2012579864280,201257986428,0,0,21378227,1.0,"""[0.00045680999755800004",0.000684738159179,0.000731468200683,0.000773429870605,0.0008087158203120001,0.0008401870727530001,0.000880241394042,0.000932693481445,0.001016616821289,0.001138687133789," 0.008529663085937]""",0.008544921875,0.0009584426879880001,3.16756272315979,0.006466864608228,0.0026702880859370004,0.000226974487304,0.002174377441406,0.0021324157714840003,0.506134259259259,0.5062500000000001,0.00011574074074
2012579864280,201257986428,0,0,21378227,1.0,"""[0.00014114379882800002",0.00037670135498000005,0.000410079956054,0.00042629241943300004,0.000443458557128,0.00045871734619100005,0.00047492980957000003,0.000499725341796,0.00057315826416,0.0007410049438470001," 0.007499694824218001]""",0.00750732421875,0.0005331039428710001,4.400498390197753,0.011255688033998,0.0026702880859370004,0.00022506713867100002,0.002140045166015,0.002067565917968,0.503009259259259,0.5031249999999999,0.00011574074074
2012579864280,201257986428,0,0,21378227,1.0,"""[0.00015640258789",0.000357627868652,0.00037479400634700004,0.000391006469726,0.00040435791015600004,0.00041675567626900005,0.00042819976806600005,0.000440597534179,0.00047016143798800006,0.000555992126464," 0.006843566894531]""",0.006843566894531,0.00046634674072200004,4.31498908996582,0.014623528346419001,0.0026702880859370004,1.9073486328125e-06,0.0021781921386710003,0.00217056274414,0.508912037037037,0.5090277777777771,0.00011574074074
2012579864280,201257986428,0,0,21378227,1.0,"""[0.00016403198242100002",0.000357627868652,0.00037384033203100004,0.000389099121093,0.000402450561523,0.00041389465332000003,0.00042533874511700004,0.00043773651123000005,0.00047874450683500004,0.0005521774291990001," 0.012710571289062]""",0.018829345703125,0.000543594360351,4.31498908996582,0.014623528346419001,0.0026702880859370004,1.9073486328125e-06,0.0021781921386710003,0.002151489257812,0.5090277777777771,0.509108410493827,8.063271604938273e-05
2012579864280,201257986428,0,0,21378227,1.0,"""[0.000161170959472",0.00041389465332000003,0.00044536590576100003,0.00045967102050700005,0.000473976135253,0.000489234924316,0.000506401062011,0.000523567199707,0.000558853149414,0.0006570816040030001," 0.006317138671875001]""",0.006324768066406,0.000550270080566,5.591314315795898,0.018129689618945,0.0026702880859370004,2.86102294921875e-06,0.002128601074218,0.002113342285156,0.505208333333333,0.5053240740740741,0.00011574074074
2012579864280,201257986428,0,0,21378227,1.0,"""[0.00020313262939400002",0.000399589538574,0.00041580200195300005,0.000432014465332,0.00044727325439400005,0.00046157836914,0.00047588348388600003,0.0004959106445310001,0.0005216598510740001,0.000605583190917," 0.004539489746093001]""",0.004531860351562,0.000499725341796,5.388214111328125,0.017104117199778,0.0026702880859370004,2.86102294921875e-06,0.002113342285156,0.00210952758789,0.505439814814814,0.5055555555555551,0.00011574074074
2012579864280,201257986428,0,0,21378227,1.0,"""[0.00017261505126900002",0.00039863586425700005,0.000410079956054,0.000422477722167,0.00043487548828100004,0.00044727325439400005,0.00046157836914,0.00047588348388600003,0.00049877166748,0.000567436218261," 0.003288269042968]""",0.003288269042968,0.00047779083251900005,3.7932238578796382,0.007623279932886,0.0026702880859370004,9.5367431640625e-07,0.002063751220703,0.002059936523437,0.50162037037037,0.501736111111111,0.00011574074074
2012579864280,201257986428,0,0,21378227,1.0,"""[0.00015735626220700002",0.00040626525878900005,0.00042724609375,0.00044441223144500003,0.00045490264892500003,0.000464439392089,0.00047492980957000003,0.00048637390136700004,0.000517845153808,0.000584602355957," 0.001031875610351]""",0.001033782958984,0.000482559204101,3.062318325042724,0.00782666914165,0.0026702880859370004,9.5367431640625e-07,0.002063751220703,0.002059936523437,0.501736111111111,0.501851851851851,0.00011574074074
2012579864280,201257986428,0,0,21378227,1.0,"""[0",0.0,0.0,0.0,0.0,7.62939453125e-06,1.52587890625e-05,1.52587890625e-05,1.52587890625e-05,1.52587890625e-05," 1.52587890625e-05]""",0.0,0.0,0.0,0.0,0.0026702880859370004,0.0,9.5367431640625e-07,9.5367431640625e-07,0.501003858024691,0.50100424382716,3.858024691358024e-07
2012579864280,201257986428,0,0,21378227,1.0,"""[0",0.0,0.0,0.0,0.0,0.0,0.0,0.0,0.0,0.0," 0]""",0.0,0.0,0.0,0.0,0.0026702880859370004,0.0,9.5367431640625e-07,9.5367431640625e-07,0.509108796296296,0.509109182098765,3.858024691358024e-07
2012579864280,201257986428,0,0,21378227,1.0,"""[0",0.0,0.0,0.0,0.0,2.86102294921875e-06,5.7220458984375e-06,5.7220458984375e-06,5.7220458984375e-06,5.7220458984375e-06," 5.7220458984375e-06]""",0.0,0.0,0.0,0.0,0.0026702880859370004,0.0,9.5367431640625e-07,9.5367431640625e-07,0.504320601851851,0.504320987654321,3.858024691358024e-07
2012579864280,201257986428,0,0,21378227,1.0,"""[0.000186920166015",0.00039672851562500005,0.000411033630371,0.00042533874511700004,0.000439643859863,0.00045490264892500003,0.00046920776367100005,0.000483512878417,0.000518798828125,0.000591278076171," 0.004501342773437]""",0.004501342773437,0.000508308410644,3.691591739654541,0.008848809637129001,0.0026702880859370004,0.000226974487304,0.002090454101562,0.0020866394042960003,0.506597222222222,0.5067129629629631,0.00011574074074
2012579864280,201257986428,0,0,21378227,1.0,"""[0.00016689300537100002",0.00040626525878900005,0.000440597534179,0.000452041625976,0.000463485717773,0.00047492980957000003,0.00048828124999999995,0.00050926208496,0.00053596496582,0.00063419342041," 0.0029602050781250004]""",0.0029563903808590003,0.000501632690429,3.522587299346923,0.011422410607337001,0.0026702880859370004,1.9073486328125e-06,0.002174377441406,0.00217056274414,0.5085648148148141,0.508680555555555,0.00011574074074
2012579864280,201257986428,0,0,21378227,1.0,"""[0.000123023986816",0.000372886657714,0.00040531158447200004,0.00041675567626900005,0.00042915344238200005,0.000441551208496,0.00045967102050700005,0.00047779083251900005,0.000506401062011,0.000561714172363," 0.0017395019531250002]""",0.0017547607421870002,0.000464439392089,5.91050100326538,0.020048305392265,0.0033683776855460003,0.000226020812988,0.0021629333496090003,0.0021324157714840003,0.500810185185185,0.500925925925925,0.00011574074074
2012579864280,201257986428,0,0,21378227,1.0,"""[0.000139236450195",0.00039672851562500005,0.00040817260742100005,0.00041961669921800006,0.000431060791015,0.000443458557128,0.00045871734619100005,0.000473976135253,0.0004968643188470001,0.0005722045898430001," 0.006126403808593001]""",0.006126403808593001,0.000490188598632,5.591314315795898,0.018129689618945,0.0026702880859370004,2.86102294921875e-06,0.0021018981933590003,0.0021018981933590003,0.504976851851851,0.5050925925925921,0.00011574074074
2012579864280,201257986428,0,0,21378227,1.0,"""[0.000130653381347",0.000372886657714,0.000403404235839,0.00041866302490200006,0.000433921813964,0.000452041625976,0.00047111511230400006,0.000493049621582,0.0005216598510740001,0.0006618499755850001," 0.003852844238281]""",0.0038490295410150005,0.000499725341796,4.400498390197753,0.011255688033998,0.0026702880859370004,0.00022506713867100002,0.00210952758789,0.002044677734375,0.5031249999999999,0.50324074074074,0.00011574074074
2012579864280,201257986428,0,0,21378227,1.0,"""[0.00016212463378900002",0.000401496887207,0.00041675567626900005,0.000432968139648,0.00044918060302700006,0.00046634674072200004,0.00048446655273400003,0.000507354736328,0.0005350112915030001,0.000664710998535," 0.00872802734375]""",0.00872802734375,0.000520706176757,5.080424308776855,0.015610608272254,0.0026702880859370004,0.000226974487304,0.00210952758789,0.0021018981933590003,0.507060185185185,0.5071759259259261,0.00011574074074
2012579864280,201257986428,0,0,21378227,1.0,"""[0.000340461730957",0.000531196594238,0.00055980682373,0.0005874633789060001,0.0006141662597650001,0.0006637573242180001,0.0007820129394530001,0.001016616821289,0.0013275146484370002,0.001644134521484," 0.004005432128906]""",0.004013061523437,0.0009288787841790001,0.0,0.0,0.0026702880859370004,0.000226020812988,0.002410888671875,0.0023612976074210003,0.509143518518518,0.5091913580246911,4.7839506172839504e-05
2012579864280,201257986428,0,0,21378227,1.0,"""[0.00013637542724600002",0.00039672851562500005,0.00040531158447200004,0.00041389465332000003,0.000422477722167,0.000431060791015,0.000439643859863,0.00045680999755800004,0.00047588348388600003,0.0005264282226560001," 0.0014801025390620002]""",0.0022392272949210003,0.00045394897460900003,5.388214111328125,0.017104117199778,0.0026702880859370004,2.86102294921875e-06,0.002113342285156,0.00210952758789,0.5057870370370371,0.505902777777777,0.00011574074074
2012579864280,201257986428,0,0,21378227,1.0,"""[0",0.00028610229492100005,0.00048446655273400003,0.000689506530761,0.0008583068847650001,0.0013656616210930002,0.002159118652343,0.002906799316406,0.004119873046875,0.008865356445312," 0.07373046875]""",0.07373046875,0.004371643066406,0.0,0.0,0.0026702880859370004,0.00021743774414,0.002567291259765,0.0020561218261710003,0.509109182098765,0.509143518518518,3.433641975308642e-05
2012579864280,201257986428,0,0,21378227,1.0,"""[0.000125885009765",0.000349044799804,0.000378608703613,0.00040054321289,0.000411987304687,0.00042343139648400003,0.00043582916259700004,0.00045490264892500003,0.00047969818115200006,0.000536918640136," 0.001333236694335]""",0.00136375427246,0.00043869018554600005,6.860646724700927,0.021778259426355,0.0026702880859370004,0.00022506713867100002,0.002113342285156,0.002063751220703,0.504050925925925,0.504166666666666,0.00011574074074
2012579864280,201257986428,0,0,21378227,1.0,"""[0.00013637542724600002",0.00035285949707000003,0.00038433074951100003,0.00040435791015600004,0.00041675567626900005,0.00042915344238200005,0.000442504882812,0.000462532043457,0.000482559204101,0.000530242919921," 0.001068115234375]""",0.0014476776123040001,0.000443458557128,6.532960414886474,0.020720100030303,0.0026702880859370004,0.00022506713867100002,0.002052307128906,0.00204849243164,0.504166666666666,0.504282407407407,0.00011574074074
2012579864280,201257986428,0,0,21378227,1.0,"""[0.000154495239257",0.000403404235839,0.00042629241943300004,0.00044536590576100003,0.00045776367187500005,0.00046920776367100005,0.000481605529785,0.0005025863647460001,0.000524520874023,0.0005884170532220001," 0.002967834472656]""",0.00296401977539,0.000497817993164,6.764666557312011,0.020929187536239003,0.0026702880859370004,9.5367431640625e-07,0.0021324157714840003,0.0020866394042960003,0.502314814814814,0.502430555555555,0.00011574074074
2012579864280,201257986428,0,0,21378227,1.0,"""[0.00021743774414",0.00039863586425700005,0.00041866302490200006,0.00043773651123000005,0.00045585632324200004,0.000473976135253,0.0004959106445310001,0.0005216598510740001,0.000568389892578,0.000696182250976," 0.004791259765625]""",0.004783630371093001,0.000538825988769,3.1675631999969482,0.006466865073889,0.0026702880859370004,0.000226974487304,0.002155303955078,0.002113342285156,0.5064814814814811,0.506597222222222,0.00011574074074
2012579864280,201257986428,0,0,21378227,1.0,"""[0.00013160705566400002",0.00036811828613200005,0.00039768218994100005,0.000410079956054,0.000422477722167,0.00043487548828100004,0.000452041625976,0.000472068786621,0.0005044937133780001,0.0005874633789060001," 0.0034637451171870004]""",0.003467559814453,0.00047492980957000003,4.56408405303955,0.009829329326748001,0.0026702880859370004,2.86102294921875e-06,0.00210952758789,0.002098083496093,0.50474537037037,0.5048611111111111,0.00011574074074
2012579864280,201257986428,0,0,21378227,1.0,"""[0.00014305114746000002",0.000399589538574,0.00041866302490200006,0.00043678283691400005,0.00045013427734300006,0.000462532043457,0.00047588348388600003,0.0004959106445310001,0.000537872314453,0.000737190246582," 0.002235412597656]""",0.002235412597656,0.0005149841308590001,4.31498908996582,0.014623528346419001,0.0026702880859370004,1.9073486328125e-06,0.002201080322265,0.00217056274414,0.508680555555555,0.5087962962962961,0.00011574074074
2012579864280,201257986428,0,0,21378227,1.0,"""[0.00018501281738200003",0.00036716461181600005,0.00039577484130800004,0.00041675567626900005,0.00043678283691400005,0.00045871734619100005,0.00048065185546800006,0.000514030456542,0.0005645751953120001,0.000711441040039," 0.00439453125]""",0.00439453125,0.0005226135253900001,5.185866355895996,0.015640959143638,0.0026702880859370004,0.000226974487304,0.0021629333496090003,0.00210952758789,0.506828703703703,0.5069444444444441,0.00011574074074
2012579864280,201257986428,0,0,21378227,1.0,"""[0.000370979309082",0.0006265640258780001,0.0006799697875970001,0.000731468200683,0.0007772445678710001,0.0008401870727530001,0.001003265380859,0.0011825561523430002,0.0013961791992180002,0.001550674438476," 0.0030059814453120004]""",0.003055572509765,0.001026153564453,0.0,0.0,0.0026702880859370004,9.5367431640625e-07,0.002201080322265,0.0021629333496090003,0.501041666666666,0.501157407407407,0.00011574074074
2012579864280,201257986428,0,0,21378227,1.0,"""[0.000481605529785",0.0007352828979490001,0.000798225402832,0.000830650329589,0.0008811950683590001,0.0009384155273430001,0.00105857849121,0.001209259033203,0.0013408660888670001,0.001468658447265," 0.002754211425781]""",0.0037269592285150005,0.001045227050781,3.96543002128601,0.007575360126793,0.0026702880859370004,9.5367431640625e-07,0.00217056274414,0.002128601074218,0.501157407407407,0.501273148148148,0.00011574074074
2012579864280,201257986428,0,0,21378227,1.0,"""[0.000205039978027",0.00042438507080000003,0.000452041625976,0.00046825408935500005,0.00048542022705000003,0.000499725341796,0.0005149841308590001,0.000532150268554,0.000561714172363,0.0006561279296870001," 0.002334594726562]""",0.002334594726562,0.0005350112915030001,4.77004051208496,0.013451807200908002,0.0026702880859370004,0.00022506713867100002,0.0021171569824210003,0.0020751953125,0.50324074074074,0.503356481481481,0.00011574074074
2012579864280,201257986428,0,0,21378227,1.0,"""[0.000139236450195",0.00036334991455000003,0.00039577484130800004,0.000409126281738,0.000421524047851,0.00043487548828100004,0.000452995300292,0.000473976135253,0.000514030456542,0.000605583190917," 0.0018596649169920001]""",0.001857757568359,0.000482559204101,5.002246856689453,0.015588108450174002,0.0026702880859370004,0.000226974487304,0.002174377441406,0.0021324157714840003,0.507291666666666,0.5074074074074071,0.00011574074074
2012579864280,201257986428,0,0,21378227,1.0,"""[0.00013160705566400002",0.000372886657714,0.000401496887207,0.000412940979003,0.00042343139648400003,0.000433921813964,0.00044822692871000004,0.00046730041503900005,0.00048828124999999995,0.000616073608398," 0.0029144287109370004]""",0.002922058105468,0.0004968643188470001,5.123145580291748,0.015550247393548001,0.0026702880859370004,0.00022506713867100002,0.0021171569824210003,0.0020751953125,0.503587962962962,0.503703703703703,0.00011574074074
2012579864280,201257986428,0,0,21378227,1.0,"""[0",0.0,0.0,0.0,0.0,0.0,0.0,0.0,0.0,0.0," 0]""",0.0,0.0,6.237021446228027,0.019764458760619,0.0026702880859370004,0.00022506713867100002,0.00020313262939400002,0.00020313262939400002,0.5043225308641971,0.5043229166666661,3.858024691358024e-07
2012579864280,201257986428,0,0,21378227,1.0,"""[0.00015068054199200001",0.000371932983398,0.000401496887207,0.00041389465332000003,0.00042533874511700004,0.00043678283691400005,0.000452041625976,0.00046825408935500005,0.00048637390136700004,0.000548362731933," 0.000913619995117]""",0.001331329345703,0.00045394897460900003,3.062318325042724,0.00782666914165,0.0026702880859370004,9.5367431640625e-07,0.0020866394042960003,0.002063751220703,0.501967592592592,0.502083333333333,0.00011574074074
2012579864280,201257986428,0,0,21378227,1.0,"""[0.000153541564941",0.0003662109375,0.000389099121093,0.000403404235839,0.00041484832763600003,0.00042629241943300004,0.00043773651123000005,0.000460624694824,0.0004920959472650001,0.000580787658691," 0.004692077636718001]""",0.004692077636718001,0.000462532043457,3.469759225845336,0.011208998970687,0.0026702880859370004,1.9073486328125e-06,0.0021629333496090003,0.002159118652343,0.508217592592592,0.5083333333333331,0.00011574074074
2012579864280,201257986428,0,0,21378227,1.0,"""[3.62396240234375e-05",0.000359535217285,0.00038528442382800005,0.000403404235839,0.00041675567626900005,0.000430107116699,0.00044441223144500003,0.000464439392089,0.00048446655273400003,0.000555992126464," 0.014373779296875002]""",0.014373779296875002,0.0005521774291990001,6.764666557312011,0.020929187536239003,0.0026702880859370004,9.5367431640625e-07,0.002067565917968,0.002029418945312,0.502546296296296,0.5026311728395061,8.487654320987654e-05
2012579864280,201257986428,0,0,21378227,1.0,"""[0.000155448913574",0.00037574768066400005,0.000403404235839,0.00041675567626900005,0.000430107116699,0.00044536590576100003,0.00046634674072200004,0.000489234924316,0.0005273818969720001,0.000720024108886," 0.001596450805664]""",0.0015945434570310002,0.000500679016113,5.91050100326538,0.020048305392265,0.0033683776855460003,0.00022506713867100002,0.0021934509277340003,0.002151489257812,0.500694444444444,0.500810185185185,0.00011574074074
2012579864280,201257986428,0,0,21378227,1.0,"""[0.000107765197753",0.000359535217285,0.000391006469726,0.00040721893310500005,0.000420570373535,0.000433921813964,0.00045108795166,0.000472068786621,0.0005044937133780001,0.000569343566894," 0.0010223388671870002]""",0.0010223388671870002,0.00045013427734300006,3.96543002128601,0.007575359661132001,0.0026702880859370004,9.5367431640625e-07,0.002059936523437,0.002059936523437,0.501388888888888,0.501504629629629,0.00011574074074
2012579864280,201257986428,0,0,21378227,1.0,"""[0.00015830993652300002",0.000409126281738,0.000442504882812,0.00045680999755800004,0.00047016143798800006,0.00048446655273400003,0.000501632690429,0.000518798828125,0.0005531311035150001,0.0006608963012690001," 0.004096984863281]""",0.00408935546875,0.000520706176757,5.5698747634887695,0.018021427094936003,0.0026702880859370004,2.86102294921875e-06,0.00210952758789,0.00210952758789,0.5053240740740741,0.505439814814814,0.00011574074074
2012579864280,201257986428,0,0,21378227,1.0,"""[0",0.0,0.0,0.0,0.0,0.0,0.0,0.0,0.0,0.0," 0]""",0.0,0.0,0.0,0.0,0.0026702880859370004,0.0,9.5367431640625e-07,9.5367431640625e-07,0.507491898148148,0.5074922839506171,3.858024691358024e-07
2012579864280,201257986428,0,0,21378227,1.0,"""[0.000340461730957",0.000591278076171,0.0006322860717770001,0.000670433044433,0.000725746154785,0.0007905960083000001,0.0009040832519530001,0.0011215209960930002,0.001338958740234,0.001535415649414," 0.003177642822265]""",0.00408935546875,0.000980377197265,0.0,0.0,0.00286865234375,0.000226020812988,0.002296447753906,0.0021781921386710003,0.5091913580246911,0.5092592592592591,6.790123456790123e-05
2012579864280,201257986428,0,0,21378227,1.0,"""[0.00015926361083900002",0.0006103515625,0.0006923675537100001,0.000741958618164,0.0007963180541990001,0.0008544921875,0.0009365081787100001,0.001016616821289,0.001148223876953,0.001276016235351," 0.003589630126953]""",0.003593444824218,0.000925064086914,0.0,0.0,0.0026702880859370004,0.000226974487304,0.0024070739746090003,0.002246856689453,0.5060185185185181,0.506134259259259,0.00011574074074
2012579864280,201257986428,0,0,21378227,1.0,"""[0.00011825561523400002",0.000357627868652,0.000382423400878,0.000401496887207,0.000412940979003,0.00042438507080000003,0.00043582916259700004,0.00045585632324200004,0.00048065185546800006,0.000528335571289," 0.0019092559814450002]""",0.0019073486328120002,0.00044441223144500003,5.91050100326538,0.020048305392265,0.0033683776855460003,0.00022506713867100002,0.002124786376953,0.002120971679687,0.500578703703703,0.500694444444444,0.00011574074074
2012579864280,201257986428,0,0,21378227,1.0,"""[0.000140190124511",0.000388145446777,0.00041675567626900005,0.000439643859863,0.00045585632324200004,0.00047111511230400006,0.00048828124999999995,0.000513076782226,0.0005722045898430001,0.0008068084716790001," 0.006889343261718001]""",0.011367797851562,0.0005760192871090001,4.56408405303955,0.009829329326748001,0.0026702880859370004,2.86102294921875e-06,0.0021476745605460003,0.002105712890625,0.504629629629629,0.50474537037037,0.00011574074074
2012579864280,201257986428,0,0,21378227,1.0,"""[0.000349998474121",0.000619888305664,0.0006685256958000001,0.0007162094116210001,0.000772476196289,0.000890731811523,0.000993728637695,0.001100540161132,0.001232147216796,0.001344680786132," 0.004638671875]""",0.004646301269531,0.0009622573852530001,4.400498390197753,0.011255688033998,0.0026702880859370004,0.00022506713867100002,0.002143859863281,0.0021018981933590003,0.502893518518518,0.503009259259259,0.00011574074074
2012579864280,201257986428,0,0,21378227,1.0,"""[0.000154495239257",0.000410079956054,0.00043678283691400005,0.000452041625976,0.00046539306640600004,0.00047969818115200006,0.000494956970214,0.00051212310791,0.0005331039428710001,0.0006313323974600001," 0.0032463073730460003]""",0.004623413085937,0.0005035400390620001,5.591314315795898,0.018129689618945,0.0026702880859370004,2.86102294921875e-06,0.002105712890625,0.0021018981933590003,0.5050925925925921,0.505208333333333,0.00011574074074
2012579864280,201257986428,0,0,21378227,0.996666669845581,"""[0.000170707702636",0.00039672851562500005,0.00041675567626900005,0.00043678283691400005,0.000452041625976,0.00046634674072200004,0.00048065185546800006,0.0005044937133780001,0.000532150268554,0.0006065368652340001," 0.00131607055664]""",0.0037651062011710003,0.000481605529785,5.123145580291748,0.015550247393548001,0.0026702880859370004,0.00022506713867100002,0.00204849243164,0.002044677734375,0.503472222222222,0.503587962962962,0.00011574074074
2012579864280,201257986428,0,0,21378227,1.0,"""[0.00018882751464800002",0.000379562377929,0.00040435791015600004,0.00041580200195300005,0.00042724609375,0.00043869018554600005,0.00045680999755800004,0.00047588348388600003,0.0005159378051750001,0.000627517700195," 0.017608642578125]""",0.017608642578125,0.0005416870117180001,5.002246856689453,0.015588108450174002,0.0026702880859370004,0.000226974487304,0.002105712890625,0.0020751953125,0.5074074074074071,0.507491512345679,8.410493827160495e-05
2012579864280,201257986428,0,0,21378227,1.0,"""[0.00012016296386700001",0.00036239624023400003,0.00038337707519500003,0.000401496887207,0.000412940979003,0.00042533874511700004,0.00043678283691400005,0.00046730041503900005,0.0005331039428710001,0.00069522857666," 0.007553100585937]""",0.007545471191406,0.0005521774291990001,4.292640686035156,0.012093239463865,0.00286865234375,0.000226974487304,0.002250671386718,0.0021629333496090003,0.509375,0.5094907407407401,0.00011574074074
2012579864280,201257986428,0,0,21378227,1.0,"""[0.00015163421630800001",0.00040531158447200004,0.000431060791015,0.00044822692871000004,0.00045967102050700005,0.00047111511230400006,0.000482559204101,0.0005044937133780001,0.0005264282226560001,0.000680923461914," 0.002723693847656]""",0.004890441894531,0.000530242919921,3.062318325042724,0.00782666914165,0.0026702880859370004,9.5367431640625e-07,0.002128601074218,0.0020866394042960003,0.501851851851851,0.501967592592592,0.00011574074074
2012579864280,201257986428,0,0,21378227,1.0,"""[0.000165939331054",0.00038623809814400005,0.00040721893310500005,0.00041866302490200006,0.000431060791015,0.00044727325439400005,0.00047016143798800006,0.000499725341796,0.0005645751953120001,0.0007352828979490001," 0.006874084472656]""",0.006866455078125001,0.0005416870117180001,3.9278149604797363,0.010747121647,0.0026702880859370004,1.9073486328125e-06,0.002235412597656,0.0021781921386710003,0.507754629629629,0.5078703703703701,0.00011574074074
2012579864280,201257986428,0,0,21378227,1.0,"""[0",0.0,0.0,1.9073486328125e-06,6.67572021484375e-06,1.1444091796875002e-05,1.52587890625e-05,2.002716064453125e-05,2.1934509277343753e-05,2.1934509277343753e-05," 2.1934509277343753e-05]""",0.001211166381835,7.62939453125e-05,5.002246856689453,0.015588108450174002,0.0026702880859370004,0.000226974487304,1.9073486328125e-05,1.811981201171875e-05,0.507491512345679,0.507493055555555,1.5432098765432092e-06
2012579864280,201257986428,0,0,21378227,1.0,"""[0",0.0,0.0,0.0,8.58306884765625e-06,2.1934509277343753e-05,3.528594970703125e-05,0.00034523010253900005,0.00034523010253900005,0.00034523010253900005," 0.00034523010253900005]""",0.00046157836914,0.00013828277587800002,5.207010269165039,0.015933703631162,0.0026702880859370004,2.86102294921875e-06,1.52587890625e-05,1.52587890625e-05,0.506001543209876,0.506002700617283,1.157407407407407e-06
2012579864280,201257986428,0,0,21378227,1.0,"""[0.000221252441406",0.000528335571289,0.000619888305664,0.000683784484863,0.0007591247558590001,0.0008459091186520001,0.001041412353515,0.001453399658203,0.001834869384765,0.003921508789062," 0.0692138671875]""",0.05609130859375,0.0023307800292960003,0.0,0.0,0.0026702880859370004,1.9073486328125e-06,0.0023155212402340003,0.002094268798828,0.5043213734567901,0.504398148148148,7.677469135802471e-05
2012579864280,201257986428,0,0,21378227,1.0,"""[0",0.0,0.0,0.0,0.0,0.0,0.0,0.0,0.0,0.0," 0]""",0.000275611877441,5.531311035156251e-05,6.764666557312011,0.020929187536239003,0.0026702880859370004,9.5367431640625e-07,1.621246337890625e-05,1.52587890625e-05,0.5026311728395061,0.5026331018518511,1.929012345679012e-06
2012579864280,201257986428,0,0,21378227,1.0,"""[0",0.00035667419433500004,0.0005769729614250001,0.0007333755493160001,0.0010433197021480001,0.001430511474609,0.002403259277343,0.003376007080078,0.006500244140625001,0.012435913085937," 0.089599609375]""",0.089599609375,0.00555419921875,0.0,0.0,0.0026702880859370004,9.5367431640625e-07,0.002334594726562,0.002021789550781,0.5074922839506171,0.507523148148148,3.0864197530864205e-05
2012579864280,201257986428,0,0,21378227,1.0,"""[0.00013351440429600002",0.000388145446777,0.00040626525878900005,0.00041675567626900005,0.00042819976806600005,0.00043869018554600005,0.00045490264892500003,0.00047111511230400006,0.000494956970214,0.0005836486816400001," 0.00154685974121]""",0.0017681121826170001,0.00046825408935500005,4.504299640655517,0.012445708736777,0.0033683776855460003,0.00022506713867100002,0.0021934509277340003,0.002143859863281,0.500005401234567,0.5001157407407401,0.00011033950617200001
2012579864280,201257986428,0,0,21378227,1.0,"""[5.245208740234376e-05",0.000357627868652,0.00037765502929600005,0.00039768218994100005,0.00040817260742100005,0.00041866302490200006,0.00042915344238200005,0.000439643859863,0.00047683715820300005,0.000605583190917," 0.023773193359375003]""",0.023773193359375003,0.0005416870117180001,5.216779232025146,0.015996800735592002,0.0026702880859370004,2.86102294921875e-06,0.002113342285156,0.002082824707031,0.505902777777777,0.506001543209876,9.876543209876544e-05
2012579864280,201257986428,0,0,21378227,1.0,"""[0.000128746032714",0.00036430358886700004,0.00039768218994100005,0.00040817260742100005,0.00041866302490200006,0.000430107116699,0.000441551208496,0.00046730041503900005,0.0005025863647460001,0.0006256103515620001," 0.001581192016601]""",0.0015716552734370002,0.00047111511230400006,5.291961669921875,0.016740839928388002,0.0033683776855460003,0.00022506713867100002,0.0021934509277340003,0.002155303955078,0.500347222222222,0.500462962962963,0.00011574074074
2012579864280,201257986428,0,0,21378227,1.0,"""[0.000250816345214",0.0005102157592770001,0.000584602355957,0.000640869140625,0.0007104873657220001,0.0007553100585930001,0.0008211135864250001,0.000891685485839,0.001039505004882,0.001514434814453," 0.0596923828125]""",0.05975341796875,0.001306533813476,0.0,0.0,0.0026702880859370004,0.00022506713867100002,0.002189636230468,0.0020256042480460003,0.502662037037037,0.502777777777777,0.00011574074074
2012579864280,201257986428,0,0,21378227,1.0,"""[0.000127792358398",0.00039863586425700005,0.00040817260742100005,0.00041866302490200006,0.00042819976806600005,0.00043869018554600005,0.000452995300292,0.00046825408935500005,0.000482559204101,0.000558853149414," 0.001543045043945]""",0.001544952392578,0.000462532043457,4.31498908996582,0.014623528346419001,0.0026702880859370004,1.9073486328125e-06,0.002204895019531,0.0021781921386710003,0.5087962962962961,0.508912037037037,0.00011574074074
2012579864280,201257986428,0,0,21378227,1.0,"""[0.00017166137695300002",0.00043678283691400005,0.00045394897460900003,0.00046825408935500005,0.000483512878417,0.000500679016113,0.000518798828125,0.000544548034667,0.000605583190917,0.0008621215820310001," 0.005752563476562]""",0.005775451660156,0.000611305236816,3.96543002128601,0.007575359661132001,0.0026702880859370004,9.5367431640625e-07,0.002166748046875,0.002098083496093,0.501273148148148,0.501388888888888,0.00011574074074
2012579864280,201257986428,0,0,21378227,1.0,"""[0.00018405914306600003",0.00040435791015600004,0.00042724609375,0.00044536590576100003,0.00045776367187500005,0.00047016143798800006,0.000482559204101,0.000505447387695,0.000538825988769,0.0006856918334960001," 0.002174377441406]""",0.002174377441406,0.000520706176757,3.96543002128601,0.007575359661132001,0.0026702880859370004,9.5367431640625e-07,0.002128601074218,0.002090454101562,0.501504629629629,0.50162037037037,0.00011574074074
