UniqJobId,collection_id,instance_index,priority,machine_id,sample_rate,cpu_usage_distribution1,cpu_usage_distribution2,cpu_usage_distribution3,cpu_usage_distribution4,cpu_usage_distribution5,cpu_usage_distribution6,cpu_usage_distribution7,cpu_usage_distribution8,cpu_usage_distribution9,cpu_usage_distribution10,cpu_usage_distribution11,max_cpu,avg_cpu,cycles_per_instruction,memory_accesses_per_instruction,assigned_memory,page_cache_memory,max_memory,avg_memory,start_time,end_time,time_window
2012579863220,201257986322,0,0,376470594389,1.0,"""[0",0.0,0.0,0.0,0.0,0.00023078918457,0.00046157836914,0.00046157836914,0.00046157836914,0.00046157836914," 0.00046157836914]""",0.000462532043457,0.000165939331054,2.998080968856811,0.034315377473831,0.024322509765625003,9.059906005859376e-05,5.054473876953126e-05,4.959106445312501e-05,0.507499228395061,0.507500385802469,1.157407407407407e-06
2012579863220,201257986322,0,0,376470594389,1.0,"""[0.000401496887207",0.00067138671875,0.000714302062988,0.000745773315429,0.0007667541503900001,0.000786781311035,0.0008153915405270001,0.000853538513183,0.000995635986328,0.0011882781982420001," 0.005584716796875001]""",0.005592346191406,0.000944137573242,2.381740570068359,0.026855653151869004,0.024322509765625003,0.00020313262939400002,0.015106201171875002,0.015106201171875002,0.502083333333333,0.502199074074074,0.00011574074074
2012579863220,201257986322,0,0,376470594389,1.0,"""[0.00035476684570300005",0.0007171630859370001,0.0007514953613280001,0.000776290893554,0.0008020401000970001,0.0008277893066400001,0.0008630752563470001,0.0009613037109370001,0.0011215209960930002,0.001337051391601," 0.00457763671875]""",0.004570007324218001,0.001018524169921,2.381740570068359,0.026855653151869004,0.024322509765625003,0.00020313262939400002,0.015121459960937,0.015121459960937,0.502314814814814,0.502430555555555,0.00011574074074
2012579863220,201257986322,0,0,376470594389,0.996666669845581,"""[0.000391006469726",0.000672340393066,0.0007238388061520001,0.00075626373291,0.00078010559082,0.000804901123046,0.000828742980957,0.000883102416992,0.001003265380859,0.0013103485107420001," 0.004531860351562]""",0.008377075195312,0.000995635986328,2.381740570068359,0.026855653151869004,0.024322509765625003,0.00020313262939400002,0.015121459960937,0.015106201171875002,0.502430555555555,0.502546296296296,0.00011574074074
2012579863220,201257986322,0,0,376470594389,1.0,"""[0.0504150390625",0.05804443359375,0.06097412109375,0.06396484375,0.0675048828125,0.071533203125,0.077880859375,0.0859375,0.093994140625,0.1031494140625," 0.14599609375]""",0.2431640625,0.0772705078125,0.8129971027374261,0.0018283126410090001,0.024322509765625003,0.000200271606445,0.013702392578125002,0.01300048828125,0.504398148148148,0.504513888888888,0.00011574074074
2012579863220,201257986322,0,0,376470594389,1.0,"""[0.00041770935058500004",0.0005655288696280001,0.000591278076171,0.000612258911132,0.0006294250488280001,0.000645637512207,0.0006637573242180001,0.00069522857666,0.0008707046508780001,0.0010833740234370002," 0.002506256103515]""",0.0028991699218750004,0.000769615173339,0.8129971027374261,0.001828312408179,0.024322509765625003,0.000200271606445,0.014862060546875002,0.014755249023437,0.50474537037037,0.5048611111111111,0.00011574074074
2012579863220,201257986322,0,0,376470594389,1.0,"""[0.00043869018554600005",0.000676155090332,0.0007095336914060001,0.0007352828979490001,0.0007600784301750001,0.0007820129394530001,0.000811576843261,0.000859260559082,0.0009660720825190001,0.0011959075927730001," 0.004745483398437]""",0.004463195800781,0.0009307861328120001,0.892882704734802,0.0023615411482750003,0.024322509765625003,9.059906005859376e-05,0.015365600585937,0.01531982421875,0.5067129629629631,0.506828703703703,0.00011574074074
2012579863220,201257986322,0,0,376470594389,1.0,"""[0.00048732757568300004",0.0005531311035150001,0.000578880310058,0.0005950927734370001,0.0006103515625,0.0006303787231440001,0.000652313232421,0.000775337219238,0.000995635986328,0.001491546630859," 0.003257751464843]""",0.003242492675781,0.000849723815917,0.561406433582305,0.002183233154937,0.024322509765625003,4.76837158203125e-06,0.014297485351562,0.014190673828125002,0.502893518518518,0.5029521604938271,5.864197530864198e-05
2012579863220,201257986322,0,0,376470594389,0.9933333396911621,"""[0.00032901763916",0.000672340393066,0.0007057189941400001,0.0007238388061520001,0.0007410049438470001,0.0007629394531250001,0.000787734985351,0.0008268356323240001,0.0010910034179680002,0.0018978118896480001," 0.004615783691406]""",0.004920959472656,0.0010433197021480001,0.568020761013031,0.002237822860479,0.024322509765625003,4.76837158203125e-06,0.015304565429687,0.015289306640625002,0.503703703703703,0.503819444444444,0.00011574074074
2012579863220,201257986322,0,0,376470594389,1.0,"""[0.00028324127197200004",0.0006799697875970001,0.0007209777832030001,0.000741958618164,0.0007648468017570001,0.000787734985351,0.0008125305175780001,0.000842094421386,0.0009918212890620002,0.00118064880371," 0.006301879882812]""",0.006309509277343001,0.0009422302246090001,1.256124138832092,0.006401521153748001,0.024322509765625003,0.00020313262939400002,0.015090942382812,0.015060424804687,0.501967592592592,0.502083333333333,0.00011574074074
2012579863220,201257986322,0,0,376470594389,1.0,"""[0.000432014465332",0.000653266906738,0.00068187713623,0.0007047653198240001,0.0007171630859370001,0.0007295608520500001,0.00074291229248,0.0007715225219720001,0.0009622573852530001,0.001079559326171," 0.004150390625]""",0.004142761230468001,0.000883102416992,1.275532364845275,0.004131011664867,0.024322509765625003,0.000116348266601,0.015533447265625002,0.015487670898437,0.5083333333333331,0.508449074074074,0.00011574074074
2012579863220,201257986322,0,0,376470594389,1.0,"""[0.00036525726318300004",0.000581741333007,0.000612258911132,0.000628471374511,0.000641822814941,0.0006551742553710001,0.000677108764648,0.0007028579711910001,0.0009241104125970001,0.001167297363281," 0.004005432128906]""",0.004013061523437,0.000799179077148,0.561406433582305,0.002183233154937,0.024322509765625003,4.76837158203125e-06,0.014892578125,0.014816284179687,0.5031249999999999,0.50324074074074,0.00011574074074
2012579863220,201257986322,0,0,376470594389,1.0,"""[0.00038719177246000004",0.000715255737304,0.0007524490356440001,0.0007781982421870001,0.000800132751464,0.0008153915405270001,0.0008316040039060001,0.00086498260498,0.001033782958984,0.00126838684082," 0.0038909912109370004]""",0.006614685058593001,0.000995635986328,2.998080968856811,0.034315377473831,0.024322509765625003,9.059906005859376e-05,0.015548706054687,0.015518188476562,0.507060185185185,0.5071759259259261,0.00011574074074
2012579863220,201257986322,0,0,376470594389,0.9733333587646481,"""[0.000388145446777",0.000627517700195,0.0006608963012690001,0.0006790161132810001,0.000696182250976,0.0007162094116210001,0.0007362365722650001,0.000775337219238,0.000980377197265,0.001222610473632," 0.003303527832031]""",0.003604888916015,0.000890731811523,0.561406433582305,0.002183233154937,0.024322509765625003,4.76837158203125e-06,0.015151977539062,0.015090942382812,0.503356481481481,0.503472222222222,0.00011574074074
2012579863220,201257986322,0,0,376470594389,1.0,"""[0.000403404235839",0.000757217407226,0.0007972717285150001,0.0008144378662100001,0.000830650329589,0.0008506774902340001,0.0008707046508780001,0.0009050369262690001,0.001148223876953,0.0015239715576170001," 0.005851745605468001]""",0.005851745605468001,0.001062393188476,4.148458957672119,0.035767562687397,0.024322509765625003,0.000200271606445,0.015411376953125002,0.015411376953125002,0.505671296296296,0.5057870370370371,0.00011574074074
2012579863220,201257986322,0,0,376470594389,1.0,"""[0.00040721893310500005",0.000741958618164,0.0007705688476560001,0.0007944107055660001,0.0008144378662100001,0.000834465026855,0.0008583068847650001,0.0008878707885740001,0.001070022583007,0.001483917236328," 0.004371643066406]""",0.005508422851562,0.0010356903076170001,4.148458957672119,0.035767562687397,0.024322509765625003,0.000200271606445,0.015411376953125002,0.015396118164062,0.5057870370370371,0.505902777777777,0.00011574074074
2012579863220,201257986322,0,0,376470594389,1.0,"""[0",0.0,0.0,0.0,5.245208740234376e-05,6.580352783203125e-05,7.915496826171875e-05,0.000514030456542,0.000514030456542,0.000514030456542," 0.000514030456542]""",0.003181457519531,2.8610229492187503e-05,3.383893013000488,0.033461172133684006,0.024322509765625003,0.000116348266601,5.817413330078126e-05,5.817413330078126e-05,0.509108410493827,0.509109182098765,7.716049382716048e-07
2012579863220,201257986322,0,0,376470594389,1.0,"""[0",0.0,0.0,0.0,0.0,0.0,0.0,0.0,0.0,0.0," 0]""",0.0,0.0,0.0,0.0,0.024322509765625003,0.0,9.5367431640625e-07,9.5367431640625e-07,0.506002700617283,0.506003086419753,3.858024691358024e-07
2012579863220,201257986322,0,0,376470594389,1.0,"""[0",0.0,0.0,0.0,0.0,0.0,0.0,0.0,0.0,0.0,"0]""",0.0,0.0,0.0,0.0,0.0,0.0,9.5367431640625e-07,9.5367431640625e-07,0.501010802469135,0.5010111882716051,3.858024691358024e-07
2012579863220,201257986322,0,0,376470594389,1.0,"""[4.00543212890625e-05",0.0006914138793940001,0.0007476806640620001,0.0007772445678710001,0.000804901123046,0.0008316040039060001,0.000864028930664,0.0009078979492180001,0.0011043548583980001,0.0017223358154290001," 0.4716796875]""",0.525390625,0.003467559814453,2.381740570068359,0.026855653151869004,0.024322509765625003,0.00020313262939400002,0.015106201171875002,0.0147705078125,0.502546296296296,0.502631944444444,8.564814814814813e-05
2012579863220,201257986322,0,0,376470594389,0.996666669845581,"""[0.04791259765625",0.0650634765625,0.069091796875,0.071044921875,0.0731201171875,0.0750732421875,0.0772705078125,0.0828857421875,0.0943603515625,0.1043701171875," 0.15478515625]""",0.24414062500000003,0.0804443359375,0.0,0.0,0.024322509765625003,3.814697265625e-06,0.013381958007812,0.011795043945312,0.502662037037037,0.502777777777777,0.00011574074074
2012579863220,201257986322,0,0,376470594389,0.990000009536743,"""[0.000568389892578",0.0006637573242180001,0.0007019042968750001,0.0007343292236320001,0.000776290893554,0.0009727478027340001,0.001787185668945,0.062255859375,0.078369140625,0.1104736328125," 0.154052734375]""",0.156005859375,0.03131103515625,0.56140649318695,0.002183233387768,0.024322509765625003,4.76837158203125e-06,0.014068603515625002,0.013748168945312,0.502777777777777,0.502893518518518,0.00011574074074
2012579863220,201257986322,0,0,376470594389,1.0,"""[0.00041866302490200006",0.0006685256958000001,0.0006980895996090001,0.000714302062988,0.000727653503417,0.0007410049438470001,0.000761032104492,0.000792503356933,0.00101089477539,0.001443862915039," 0.003406524658203]""",0.005561828613281,0.0009298324584960001,0.8129971027374261,0.001828312408179,0.024322509765625003,0.000200271606445,0.015182495117187,0.015106201171875002,0.504976851851851,0.5050925925925921,0.00011574074074
2012579863220,201257986322,0,0,376470594389,1.0,"""[0.000379562377929",0.000727653503417,0.000769615173339,0.0007953643798820001,0.000811576843261,0.0008268356323240001,0.000848770141601,0.00087833404541,0.001136779785156,0.00139045715332," 0.006507873535156]""",0.0064697265625,0.00103759765625,3.383893013000488,0.033461172133684006,0.024322509765625003,0.000116348266601,0.01568603515625,0.01568603515625,0.508912037037037,0.5090277777777771,0.00011574074074
2012579863220,201257986322,0,0,376470594389,1.0,"""[0.00046157836914",0.000750541687011,0.000799179077148,0.0008211135864250001,0.000842094421386,0.0008583068847650001,0.0008745193481440001,0.0009059906005850001,0.001150131225585,0.001308441162109," 0.006439208984375001]""",0.006454467773437,0.0010433197021480001,2.998080968856811,0.034315377473831,0.024322509765625003,9.059906005859376e-05,0.015548706054687,0.015548706054687,0.507291666666666,0.5074074074074071,0.00011574074074
2012579863220,201257986322,0,0,376470594389,1.0,"""[0.03118896484375",0.04046630859375,0.04345703125,0.04541015625,0.04681396484375,0.0479736328125,0.049072265625,0.05072021484375,0.05279541015625,0.0562744140625," 0.0701904296875]""",0.1416015625,0.0482177734375,1.155038833618164,0.0037806096952400004,0.024322509765625003,0.00010204315185500001,0.014678955078125002,0.014190673828125002,0.5092592592592591,0.509375,0.00011574074074
2012579863220,201257986322,0,0,376470594389,1.0,"""[0.00026512145996000004",0.000647544860839,0.000677108764648,0.0006990432739250001,0.0007181167602530001,0.000737190246582,0.000761985778808,0.000799179077148,0.000993728637695,0.0012664794921870002," 0.004776000976562]""",0.004806518554687,0.0009107589721670001,0.561406433582305,0.002183233154937,0.024322509765625003,4.76837158203125e-06,0.015228271484375002,0.015182495117187,0.503472222222222,0.503587962962962,0.00011574074074
2012579863220,201257986322,0,0,376470594389,1.0,"""[3.814697265625e-05",0.000750541687011,0.000798225402832,0.000822067260742,0.0008440017700190001,0.000860214233398,0.0008773803710930001,0.0009050369262690001,0.000995635986328,0.0013713836669920001," 0.314453125]""",0.46875000000000006,0.003028869628906,2.998080968856811,0.034315377473831,0.024322509765625003,9.059906005859376e-05,0.015548706054687,0.014846801757812,0.5074074074074071,0.507499228395061,9.182098765432098e-05
2012579863220,201257986322,0,0,376470594389,1.0,"""[0.00045013427734300006",0.000727653503417,0.000775337219238,0.0008020401000970001,0.0008201599121090001,0.0008382797241210001,0.000860214233398,0.0008869171142570001,0.0010509490966790001,0.001300811767578," 0.004951477050781]""",0.004951477050781,0.001028060913085,4.148458957672119,0.035767562687397,0.024322509765625003,0.000200271606445,0.015411376953125002,0.015411376953125002,0.5055555555555551,0.505671296296296,0.00011574074074
2012579863220,201257986322,0,0,376470594389,1.0,"""[0",0.0,0.0,0.0,0.0,0.0,0.0,0.0,0.0,0.0," 0]""",0.0,0.0,0.0,0.0,0.024322509765625003,0.0,1.9073486328125e-06,1.9073486328125e-06,0.502632330246913,0.5026327160493821,3.858024691358024e-07
2012579863220,201257986322,0,0,376470594389,1.0,"""[0.04266357421875",0.05548095703125,0.061279296875,0.0635986328125,0.0655517578125,0.0675048828125,0.0689697265625,0.0703125,0.071533203125,0.0740966796875," 0.084228515625]""",0.152587890625,0.0660400390625,0.0,0.0,0.024322509765625003,9.059906005859376e-05,0.013442993164062,0.011306762695312,0.5060185185185181,0.506134259259259,0.00011574074074
2012579863220,201257986322,0,0,376470594389,1.0,"""[0.00037479400634700004",0.0006875991821280001,0.000726699829101,0.0007553100585930001,0.00078010559082,0.0008096694946280001,0.000847816467285,0.00090217590332,0.0011119842529290001,0.001413345336914," 0.00408935546875]""",0.004417419433593001,0.00099754333496,2.381740570068359,0.026855653151869004,0.024322509765625003,0.00020313262939400002,0.015121459960937,0.015121459960937,0.502199074074074,0.502314814814814,0.00011574074074
2012579863220,201257986322,0,0,376470594389,1.0,"""[0.0005769729614250001",0.0177001953125,0.05682373046875,0.061279296875,0.0645751953125,0.0665283203125,0.069091796875,0.0743408203125,0.0806884765625,0.09716796875," 0.12939453125]""",0.162109375,0.0650634765625,0.892882704734802,0.0023615411482750003,0.024322509765625003,9.059906005859376e-05,0.014175415039062,0.0137939453125,0.506134259259259,0.5062500000000001,0.00011574074074
2012579863220,201257986322,0,0,376470594389,0.992882549762725,"""[0.000518798828125",0.0006027221679680001,0.0006294250488280001,0.000646591186523,0.000664710998535,0.000688552856445,0.000720024108886,0.000772476196289,0.000859260559082,0.001136779785156," 0.0021324157714840003]""",0.003822326660156,0.0007905960083000001,0.892882704734802,0.0023615411482750003,0.024322509765625003,9.059906005859376e-05,0.014602661132812,0.014419555664062,0.5062500000000001,0.506358410493827,0.000108410493827
2012579863220,201257986322,0,0,376470594389,1.0,"""[0.000497817993164",0.000636100769042,0.0006675720214840001,0.000682830810546,0.0006980895996090001,0.0007181167602530001,0.00074291229248,0.0008869171142570001,0.000980377197265,0.001312255859375," 0.002952575683593]""",0.003623962402343,0.000872611999511,0.892882704734802,0.0023615411482750003,0.024322509765625003,9.059906005859376e-05,0.014923095703125002,0.0147705078125,0.50636574074074,0.5064814814814811,0.00011574074074
2012579863220,201257986322,0,0,376470594389,1.0,"""[0.000550270080566",0.0006437301635740001,0.000673294067382,0.0006923675537100001,0.0007238388061520001,0.000776290893554,0.000859260559082,0.001161575317382,0.030853271484375003,0.05645751953125," 0.0787353515625]""",0.1435546875,0.0128173828125,0.8129971027374261,0.001828312408179,0.024322509765625003,0.000200271606445,0.0142822265625,0.014022827148437,0.504513888888888,0.504629629629629,0.00011574074074
2012579863220,201257986322,0,0,376470594389,1.0,"""[0.052734375",0.069580078125,0.0728759765625,0.074951171875,0.0767822265625,0.0784912109375,0.08056640625,0.082763671875,0.0872802734375,0.0947265625," 0.130615234375]""",0.431640625,0.080078125,1.063630819320678,0.0029036304913460003,0.024322509765625003,0.00020313262939400002,0.013198852539062,0.012115478515625002,0.501041666666666,0.501157407407407,0.00011574074074
2012579863220,201257986322,0,0,376470594389,0.996666669845581,"""[0.000388145446777",0.0005636215209960001,0.000590324401855,0.000611305236816,0.0006313323974600001,0.000651359558105,0.0006752014160150001,0.0007019042968750001,0.0008754730224600001,0.001211166381835," 0.0028190612792960003]""",0.003288269042968,0.0007963180541990001,1.063630938529968,0.002903630957007,0.024322509765625003,0.00020313262939400002,0.014862060546875002,0.014785766601562,0.50162037037037,0.501736111111111,0.00011574074074
2012579863220,201257986322,0,0,376470594389,1.0,"""[0",0.0,0.0,0.0,0.0,0.0,0.0,0.0,0.0,0.0," 0]""",0.0,0.0,2.998080968856811,0.034315377473831,0.024322509765625003,9.059906005859376e-05,4.959106445312501e-05,4.959106445312501e-05,0.507500385802469,0.507500771604938,3.858024691358024e-07
2012579863220,201257986322,0,0,376470594389,1.0,"""[0",0.0,0.0,0.0,0.0,0.0,0.0,0.0,0.0,0.0,"0]""",0.00118064880371,0.000514030456542,3.383893013000488,0.033461172133684006,0.024322509765625003,0.000116348266601,5.817413330078126e-05,5.817413330078126e-05,0.509109182098765,0.5091095679012341,3.858024691358024e-07
2012579863220,201257986322,0,0,376470594389,1.0,"""[0",0.0,0.0,0.0,0.0,0.0,0.0,0.0,0.0,0.0," 0]""",0.0,0.0,0.0,0.0,0.024322509765625003,0.0,9.5367431640625e-07,9.5367431640625e-07,0.509109182098765,0.5091095679012341,3.858024691358024e-07
2012579863220,201257986322,0,0,376470594389,1.0,"""[4.291534423828126e-05",0.000775337219238,0.000818252563476,0.0008430480957030001,0.000859260559082,0.0008754730224600001,0.000903129577636,0.0009469985961910001,0.001184463500976,0.00156021118164," 0.4658203125]""",0.5517578125,0.0033226013183590003,4.148458957672119,0.035767562687397,0.024322509765625003,0.000200271606445,0.015396118164062,0.015167236328125002,0.505902777777777,0.5060019290123451,9.915123456790125e-05
2012579863220,201257986322,0,0,376470594389,1.0,"""[0.00033283233642500003",0.0005769729614250001,0.0005998611450190001,0.000619888305664,0.000635147094726,0.0006494522094720001,0.0006685256958000001,0.0006980895996090001,0.00081729888916,0.001033782958984," 0.002079010009765]""",0.002494812011718,0.00075626373291,0.8129971027374261,0.001828312408179,0.024322509765625003,0.000200271606445,0.014633178710937,0.01446533203125,0.504629629629629,0.50474537037037,0.00011574074074
2012579863220,201257986322,0,0,376470594389,1.0,"""[0.000361442565917",0.0007181167602530001,0.000749588012695,0.0007667541503900001,0.0007839202880850001,0.0008068084716790001,0.000835418701171,0.0009117126464840001,0.0009822845458980001,0.001131057739257," 0.0036277770996090003]""",0.003913879394531,0.0009422302246090001,0.892882704734802,0.0023615411482750003,0.024322509765625003,9.059906005859376e-05,0.015457153320312,0.015411376953125002,0.506828703703703,0.5069444444444441,0.00011574074074
2012579863220,201257986322,0,0,376470594389,0.996666669845581,"""[0.000399589538574",0.0006990432739250001,0.000730514526367,0.0007543563842770001,0.000769615173339,0.0007858276367180001,0.0008068084716790001,0.0008325576782220001,0.001047134399414,0.0012569427490230001," 0.005378723144531]""",0.005393981933593001,0.0009651184082030001,3.383893013000488,0.033461172133684006,0.024322509765625003,0.000116348266601,0.01568603515625,0.01568603515625,0.5087962962962961,0.508912037037037,0.00011574074074
2012579863220,201257986322,0,0,376470594389,1.0,"""[0.00041389465332000003",0.000672340393066,0.0007047653198240001,0.00071907043457,0.000732421875,0.0007467269897460001,0.000773429870605,0.000835418701171,0.000978469848632,0.0013427734375," 0.0042724609375]""",0.004264831542968001,0.000932693481445,0.8129971027374261,0.001828312408179,0.024322509765625003,0.000200271606445,0.015274047851562,0.015228271484375002,0.5050925925925921,0.505208333333333,0.00011574074074
2012579863220,201257986322,0,0,376470594389,1.0,"""[0.00044727325439400005",0.000749588012695,0.000774383544921,0.0007963180541990001,0.0008134841918940001,0.0008316040039060001,0.0008563995361320001,0.00090217590332,0.0012035369873040001,0.001712799072265," 0.204345703125]""",0.49365234374999994,0.0034294128417960003,3.383893013000488,0.033461172133684006,0.024322509765625003,0.000116348266601,0.01568603515625,0.015533447265625002,0.5090277777777771,0.509108410493827,8.063271604938273e-05
2012579863220,201257986322,0,0,376470594389,1.0,"""[0.03009033203125",0.04412841796875,0.0467529296875,0.04833984375,0.04962158203125,0.05096435546875,0.05242919921875,0.0537109375,0.05487060546875,0.05664062500000001," 0.0684814453125]""",0.1168212890625,0.0506591796875,0.0,0.0,0.024322509765625003,0.00010204315185500001,0.012985229492187,0.011276245117187,0.509143518518518,0.5092592592592591,0.00011574074074
2012579863220,201257986322,0,0,376470594389,0.996666669845581,"""[0.00037384033203100004",0.000543594360351,0.00057315826416,0.000591278076171,0.000609397888183,0.0006294250488280001,0.0006494522094720001,0.000680923461914,0.0007638931274410001,0.0009346008300780001," 0.002494812011718]""",0.002777099609375,0.000738143920898,1.063630938529968,0.002903630957007,0.024322509765625003,0.00020313262939400002,0.014724731445312,0.014633178710937,0.501504629629629,0.50162037037037,0.00011574074074
2012579863220,201257986322,0,0,376470594389,1.0,"""[0.000389099121093",0.00067138671875,0.000708580017089,0.0007238388061520001,0.0007400512695310001,0.0007591247558590001,0.0007829666137690001,0.000889778137207,0.001102447509765,0.0014400482177730001," 0.00390625]""",0.004508972167968001,0.0009822845458980001,0.561406433582305,0.002183233154937,0.024322509765625003,4.76837158203125e-06,0.015274047851562,0.015243530273437,0.503587962962962,0.503703703703703,0.00011574074074
2012579863220,201257986322,0,0,376470594389,1.0,"""[0.0306396484375",0.0408935546875,0.04327392578125,0.0450439453125,0.0467529296875,0.04840087890625,0.0499267578125,0.051025390625,0.05255126953125,0.0543212890625," 0.06097412109375]""",0.099609375,0.04791259765625,1.2755322456359859,0.004131011199206,0.024322509765625003,0.000116348266601,0.011734008789062,0.010330200195312,0.507523148148148,0.5076388888888881,0.00011574074074
2012579863220,201257986322,0,0,376470594389,1.0,"""[0.00034618377685500005",0.000585556030273,0.0006179809570310001,0.000642776489257,0.000664710998535,0.000682830810546,0.000699996948242,0.0007410049438470001,0.0009002685546870001,0.0010128021240230001," 0.003837585449218]""",0.00384521484375,0.0008239746093750001,1.063630938529968,0.002903630957007,0.024322509765625003,0.00020313262939400002,0.014968872070312,0.014923095703125002,0.501736111111111,0.501851851851851,0.00011574074074
2012579863220,201257986322,0,0,376470594389,1.0,"""[0.0004959106445310001",0.000592231750488,0.000621795654296,0.000636100769042,0.000650405883789,0.0006637573242180001,0.000678062438964,0.0006923675537100001,0.000757217407226,0.0020751953125," 0.00244140625]""",0.0023307800292960003,0.000829696655273,0.892882704734802,0.0023615411482750003,0.024322509765625003,9.059906005859376e-05,0.014633178710937,0.014617919921875002,0.506358410493827,0.50636574074074,7.330246913580246e-06
2012579863220,201257986322,0,0,376470594389,1.0,"""[0",0.0,0.0,0.0,0.0,0.0,0.0,0.0,0.0,0.0," 0]""",0.000532150268554,0.000266075134277,2.381740570068359,0.026855653151869004,0.024322509765625003,0.00020313262939400002,5.340576171875001e-05,5.340576171875001e-05,0.502631944444444,0.5026327160493821,7.716049382716048e-07
2012579863220,201257986322,0,0,376470594389,1.0,"""[0",0.0,0.0,0.0,0.0,0.0,0.0,0.0,0.0,0.0," 0]""",0.0,0.0,0.0,0.0,0.024322509765625003,0.0,9.5367431640625e-07,9.5367431640625e-07,0.504321759259259,0.5043225308641971,7.716049382716048e-07
2012579863220,201257986322,0,0,376470594389,1.0,"""[0.00039386749267500003",0.000706672668457,0.000738143920898,0.0007600784301750001,0.0007791519165030001,0.000798225402832,0.000822067260742,0.000860214233398,0.001089096069335,0.001483917236328," 0.005149841308593001]""",0.005157470703125,0.00102424621582,4.449378490447998,0.034272011369466004,0.024322509765625003,4.76837158203125e-06,0.015304565429687,0.015304565429687,0.503935185185185,0.504050925925925,0.00011574074074
2012579863220,201257986322,0,0,376470594389,1.0,"""[0.000463485717773",0.0006179809570310001,0.000639915466308,0.0006608963012690001,0.000672340393066,0.000683784484863,0.00069522857666,0.0007162094116210001,0.000880241394042,0.001018524169921," 0.002738952636718]""",0.002735137939453,0.0007905960083000001,1.275532364845275,0.004131011664867,0.024322509765625003,0.000116348266601,0.015167236328125002,0.015045166015625002,0.507986111111111,0.5081018518518511,0.00011574074074
2012579863220,201257986322,0,0,376470594389,1.0,"""[0.00039768218994100005",0.000787734985351,0.000819206237792,0.000842094421386,0.0008573532104490001,0.0008735656738280001,0.0008974075317380001,0.0009431838989250001,0.001321792602539,0.0017032623291010002," 0.008926391601562]""",0.008926391601562,0.001169204711914,4.449378490447998,0.034272011369466004,0.024322509765625003,4.76837158203125e-06,0.015289306640625002,0.015274047851562,0.504166666666666,0.504282407407407,0.00011574074074
2012579863220,201257986322,0,0,376470594389,1.0,"""[0.00044441223144500003",0.000628471374511,0.0006618499755850001,0.0006752014160150001,0.000688552856445,0.0007019042968750001,0.0007228851318350001,0.000744819641113,0.0008573532104490001,0.0010833740234370002," 0.0037384033203120004]""",0.003742218017578,0.0008401870727530001,1.275532364845275,0.004131011664867,0.024322509765625003,0.000116348266601,0.015426635742187,0.015365600585937,0.508217592592592,0.5083333333333331,0.00011574074074
2012579863220,201257986322,0,0,376470594389,1.0,"""[0.000350952148437",0.0006875991821280001,0.0007238388061520001,0.0007476806640620001,0.000761032104492,0.000775337219238,0.000788688659667,0.000822067260742,0.0010833740234370002,0.0012588500976560002," 0.003559112548828]""",0.004364013671875,0.0009460449218750001,3.383893013000488,0.033461172133684006,0.024322509765625003,0.000116348266601,0.015655517578125,0.015625,0.5085648148148141,0.508680555555555,0.00011574074074
2012579863220,201257986322,0,0,376470594389,1.0,"""[0.00040531158447200004",0.0007219314575190001,0.000761032104492,0.0007820129394530001,0.00080394744873,0.000828742980957,0.0008764266967770001,0.0009717941284170001,0.001094818115234,0.0012893676757810002," 0.003952026367187]""",0.005760192871093001,0.00102424621582,0.8129971027374261,0.001828312408179,0.024322509765625003,0.000200271606445,0.015335083007812,0.015304565429687,0.505208333333333,0.5053240740740741,0.00011574074074
2012579863220,201257986322,0,0,376470594389,1.0,"""[0",0.005363464355468001,0.05859375,0.060302734375,0.0640869140625,0.0655517578125,0.0677490234375,0.0870361328125,0.095947265625,0.107666015625," 0.13037109375]""",0.24609375,0.0687255859375,0.0,0.0,0.024322509765625003,8.583068847656251e-05,0.009353637695312,0.006935119628906,0.506003086419753,0.5060185185185181,1.5432098765432103e-05
2012579863220,201257986322,0,0,376470594389,1.0,"""[0",0.0,0.0,7.62939453125e-06,1.4305114746093752e-05,2.1934509277343753e-05,2.9563903808593753e-05,3.62396240234375e-05,0.000309944152832,0.0005760192871090001," 0.0005760192871090001]""",0.000580787658691,0.000144004821777,4.449378490447998,0.034272011369466004,0.024322509765625003,4.76837158203125e-06,5.531311035156251e-05,5.340576171875001e-05,0.5043213734567901,0.5043229166666661,1.5432098765432092e-06
2012579863220,201257986322,0,0,376470594389,1.0,"""[7.2479248046875e-05",0.047119140625,0.0667724609375,0.0694580078125,0.0704345703125,0.0709228515625,0.0718994140625,0.0736083984375,0.0770263671875,0.1195068359375," 0.143798828125]""",0.15576171875,0.074462890625,0.0,0.0,0.024322509765625003,3.814697265625e-06,0.009567260742187,0.00830078125,0.5026327160493821,0.502662037037037,2.9320987654320982e-05
2012579863220,201257986322,0,0,376470594389,1.0,"""[0.000388145446777",0.0006752014160150001,0.000708580017089,0.0007238388061520001,0.000739097595214,0.0007553100585930001,0.0007715225219720001,0.000788688659667,0.000945091247558,0.001163482666015," 0.004379272460937]""",0.004379272460937,0.0009279251098630001,3.383893013000488,0.033461172133684006,0.024322509765625003,0.000116348266601,0.015655517578125,0.015655517578125,0.508680555555555,0.5087962962962961,0.00011574074074
2012579863220,201257986322,0,0,376470594389,0.996666669845581,"""[0.000472068786621",0.00057315826416,0.0005950927734370001,0.000617027282714,0.0006322860717770001,0.000647544860839,0.000665664672851,0.000696182250976,0.0008468627929680001,0.0011043548583980001," 0.002738952636718]""",0.004264831542968001,0.0007772445678710001,0.561406433582305,0.002183233154937,0.024322509765625003,4.76837158203125e-06,0.014724731445312,0.014602661132812,0.503009259259259,0.5031249999999999,0.00011574074074
2012579863220,201257986322,0,0,376470594389,1.0,"""[0.0005111694335930001",0.0006322860717770001,0.000666618347167,0.0006923675537100001,0.0007219314575190001,0.0007667541503900001,0.0009622573852530001,0.0015316009521480001,0.05975341796875,0.07958984375," 0.145751953125]""",0.234375,0.022796630859375003,1.063630938529968,0.002903630957007,0.024322509765625003,0.00020313262939400002,0.013916015625,0.01361083984375,0.501157407407407,0.501273148148148,0.00011574074074
2012579863220,201257986322,0,0,376470594389,1.0,"""[0.00045776367187500005",0.000538825988769,0.000558853149414,0.000577926635742,0.0005941390991210001,0.0006103515625,0.0006313323974600001,0.0006561279296870001,0.0007028579711910001,0.000834465026855," 0.002952575683593]""",0.002952575683593,0.000678062438964,1.063630938529968,0.002903630957007,0.024322509765625003,0.00020313262939400002,0.014297485351562,0.014114379882812,0.501273148148148,0.501388888888888,0.00011574074074
2012579863220,201257986322,0,0,376470594389,0.996666669845581,"""[0.000421524047851",0.000550270080566,0.0005769729614250001,0.000592231750488,0.0006074905395500001,0.000622749328613,0.000640869140625,0.00065803527832,0.000767707824707,0.000864028930664," 0.002716064453125]""",0.002716064453125,0.000714302062988,1.063630938529968,0.002903630957007,0.024322509765625003,0.00020313262939400002,0.014556884765625002,0.014434814453125002,0.501388888888888,0.501504629629629,0.00011574074074
2012579863220,201257986322,0,0,376470594389,1.0,"""[0.00044536590576100003",0.0007162094116210001,0.0011978149414060002,0.027618408203125003,0.0394287109375,0.043212890625,0.05145263671875,0.0576171875,0.0633544921875,0.0687255859375," 0.08544921875]""",0.1126708984375,0.039306640625,1.155038714408874,0.0037806094624100004,0.024322509765625003,0.00010204315185500001,0.01519775390625,0.014923095703125002,0.509375,0.5094907407407401,0.00011574074074
2012579863220,201257986322,0,0,376470594389,1.0,"""[0",0.0,0.0,0.0,0.0,0.0,0.0,0.0,0.0,0.0,"0]""",0.0,0.0,4.449378490447998,0.034272011369466004,0.024322509765625003,4.76837158203125e-06,5.245208740234376e-05,5.245208740234376e-05,0.5043229166666661,0.504323302469135,3.858024691358024e-07
2012579863220,201257986322,0,0,376470594389,1.0,"""[0.00045585632324200004",0.000725746154785,0.000761985778808,0.0007858276367180001,0.0008087158203120001,0.0008316040039060001,0.0008583068847650001,0.0008993148803710001,0.0012054443359370002,0.001443862915039," 0.004219055175781]""",0.004409790039062,0.0010604858398430002,4.449378490447998,0.034272011369466004,0.024322509765625003,4.76837158203125e-06,0.015304565429687,0.015289306640625002,0.504050925925925,0.504166666666666,0.00011574074074
2012579863220,201257986322,0,0,376470594389,1.0,"""[4.00543212890625e-05",0.000730514526367,0.00081729888916,0.0008449554443350001,0.000861167907714,0.0008773803710930001,0.0009050369262690001,0.000950813293457,0.0013408660888670001,0.0025634765625," 0.43310546875]""",0.5341796875,0.006546020507812,4.449378490447998,0.034272011369466004,0.024322509765625003,4.76837158203125e-06,0.0152587890625,0.014602661132812,0.504282407407407,0.5043213734567901,3.896604938271604e-05
2012579863220,201257986322,0,0,376470594389,1.0,"""[0.00041866302490200006",0.000732421875,0.000775337219238,0.0008010864257810001,0.0008201599121090001,0.0008382797241210001,0.0008573532104490001,0.0008754730224600001,0.0010223388671870002,0.001277923583984," 0.004348754882812]""",0.004348754882812,0.001018524169921,2.998080968856811,0.034315377473831,0.024322509765625003,9.059906005859376e-05,0.015548706054687,0.015548706054687,0.5071759259259261,0.507291666666666,0.00011574074074
2012579863220,201257986322,0,0,376470594389,1.0,"""[0.000490188598632",0.0005416870117180001,0.000561714172363,0.000580787658691,0.0005989074707030001,0.000616073608398,0.000639915466308,0.00069522857666,0.0008401870727530001,0.001373291015625," 0.002784729003906]""",0.002784729003906,0.000772476196289,0.561406433582305,0.002183233154937,0.024322509765625003,4.76837158203125e-06,0.01446533203125,0.014389038085937,0.5029521604938271,0.503009259259259,5.709876543209876e-05
2012579863220,201257986322,0,0,376470594389,1.0,"""[0",0.01947021484375,0.040283203125,0.04248046875,0.04302978515625,0.0439453125,0.0469970703125,0.052490234375,0.055908203125,0.0616455078125," 0.1036376953125]""",0.103759765625,0.044677734375,0.0,0.0,0.024322509765625003,0.000111579895019,0.009521484375,0.006431579589843001,0.507500385802469,0.507523148148148,2.2762345679012345e-05
2012579863220,201257986322,0,0,376470594389,1.0,"""[0.001293182373046",0.04608154296875,0.0494384765625,0.05133056640625,0.05303955078125,0.0543212890625,0.05645751953125,0.0582275390625,0.06494140625,0.0843505859375," 0.100341796875]""",0.1175537109375,0.0562744140625,0.0,0.0,0.024322509765625003,9.822845458984376e-05,0.009811401367187,0.008148193359375,0.5091095679012341,0.509143518518518,3.395061728395061e-05
2012579863220,201257986322,0,0,376470594389,1.0,"""[0.00036430358886700004",0.0006685256958000001,0.000707626342773,0.0007219314575190001,0.0007352828979490001,0.000749588012695,0.000772476196289,0.0008010864257810001,0.001056671142578,0.0011959075927730001," 0.0035972595214840003]""",0.0035972595214840003,0.0009193420410150001,1.36909532546997,0.00543259922415,0.024322509765625003,0.000116348266601,0.015594482421875002,0.01556396484375,0.508449074074074,0.5085648148148141,0.00011574074074
2012579863220,201257986322,0,0,376470594389,1.0,"""[0.00045776367187500005",0.000645637512207,0.00067138671875,0.0006875991821280001,0.0007047653198240001,0.000720024108886,0.0007362365722650001,0.0007638931274410001,0.000944137573242,0.00125503540039," 0.00345230102539]""",0.003406524658203,0.000871658325195,0.8129971027374261,0.001828312408179,0.024322509765625003,0.000200271606445,0.015029907226562,0.014938354492187,0.5048611111111111,0.504976851851851,0.00011574074074
2012579863220,201257986322,0,0,376470594389,0.996666669845581,"""[0.00038528442382800005",0.0005989074707030001,0.000628471374511,0.0006484985351560001,0.0006675720214840001,0.0006856918334960001,0.0007028579711910001,0.0007648468017570001,0.0009317398071280001,0.001220703125," 0.003467559814453]""",0.005165100097656,0.0008668899536130001,0.561406433582305,0.002183233154937,0.024322509765625003,4.76837158203125e-06,0.015045166015625002,0.01495361328125,0.50324074074074,0.503356481481481,0.00011574074074
2012579863220,201257986322,0,0,376470594389,0.990000009536743,"""[0.00047016143798800006",0.000727653503417,0.000776290893554,0.0008058547973630001,0.0008268356323240001,0.000852584838867,0.000884056091308,0.001054763793945,0.00125503540039,0.0017223358154290001," 0.004493713378906]""",0.013870239257812,0.0010967254638670001,0.8779773116111751,0.002489503705874,0.024322509765625003,0.000200271606445,0.015396118164062,0.015396118164062,0.505439814814814,0.5055555555555551,0.00011574074074
2012579863220,201257986322,0,0,376470594389,1.0,"""[0.031097412109375003",0.0386962890625,0.04229736328125,0.0440673828125,0.04541015625,0.04681396484375,0.04803466796875,0.0494384765625,0.0509033203125,0.05419921875," 0.06640625]""",0.1094970703125,0.04669189453125,1.275532364845275,0.004131011664867,0.024322509765625003,0.000116348266601,0.014007568359375002,0.013153076171875002,0.5076388888888881,0.507754629629629,0.00011574074074
2012579863220,201257986322,0,0,376470594389,0.996666669845581,"""[0.00038719177246000004",0.0006675720214840001,0.0007057189941400001,0.0007238388061520001,0.0007410049438470001,0.000761985778808,0.0007839202880850001,0.0008134841918940001,0.000890731811523,0.0012130737304680002," 0.0037574768066400005]""",0.003761291503906,0.000903129577636,1.063630938529968,0.002903630957007,0.024322509765625003,0.00020313262939400002,0.015045166015625002,0.014999389648437,0.501851851851851,0.501967592592592,0.00011574074074
