UniqJobId,collection_id,instance_index,priority,machine_id,sample_rate,cpu_usage_distribution1,cpu_usage_distribution2,cpu_usage_distribution3,cpu_usage_distribution4,cpu_usage_distribution5,cpu_usage_distribution6,cpu_usage_distribution7,cpu_usage_distribution8,cpu_usage_distribution9,cpu_usage_distribution10,cpu_usage_distribution11,max_cpu,avg_cpu,cycles_per_instruction,memory_accesses_per_instruction,assigned_memory,page_cache_memory,max_memory,avg_memory,start_time,end_time,time_window
2012579864040,201257986404,0,0,21394550,1.0,"""[0",0.0,0.0,0.0,0.0,0.0,0.0,0.0,0.0,0.0," 0]""",0.00038337707519500003,8.583068847656251e-05,4.50577688217163,0.016590334475040002,0.006919860839843001,8.678436279296876e-05,1.811981201171875e-05,1.811981201171875e-05,0.509108796296296,0.509110339506172,1.5432098765432092e-06
2012579864040,201257986404,0,0,21394550,1.0,"""[0.00014591217041000002",0.000310897827148,0.00034332275390600004,0.00038623809814400005,0.000433921813964,0.000518798828125,0.000707626342773,0.0009098052978510001,0.001056671142578,0.0012264251708980001," 0.012176513671875002]""",0.012176513671875002,0.000860214233398,4.203860282897949,0.012649375014007001,0.006919860839843001,0.00022792816162100002,0.005271911621093001,0.005233764648437,0.506597222222222,0.5067129629629631,0.00011574074074
2012579864040,201257986404,0,0,21394550,1.0,"""[0.00016307830810500002",0.000195503234863,0.000222206115722,0.00025272369384700004,0.000306129455566,0.000673294067382,0.000835418701171,0.000952720642089,0.001064300537109,0.0012054443359370002," 0.005172729492187]""",0.005149841308593001,0.0006904602050780001,3.806971549987793,0.01194352377206,0.006919860839843001,0.00022792816162100002,0.005378723144531,0.005210876464843001,0.5069444444444441,0.507060185185185,0.00011574074074
2012579864040,201257986404,0,0,21394550,1.0,"""[9.5367431640625e-07",9.5367431640625e-07,9.5367431640625e-07,9.5367431640625e-07,9.5367431640625e-07,9.5367431640625e-07,9.5367431640625e-07,9.5367431640625e-07,9.5367431640625e-07,9.5367431640625e-07," 9.5367431640625e-07]""",0.0,0.0,4.481089115142822,0.016964010894298002,0.006919860839843001,0.00022792816162100002,1.9073486328125e-05,1.9073486328125e-05,0.507493055555555,0.507493441358024,3.858024691358024e-07
2012579864040,201257986404,0,0,21394550,1.0,"""[0.000268936157226",0.00030422210693300004,0.000338554382324,0.000381469726562,0.00045871734619100005,0.00054931640625,0.000611305236816,0.0006599426269530001,0.0007228851318350001,0.0010128021240230001," 0.01898193359375]""",0.01898193359375,0.0007028579711910001,4.347165584564209,0.011666290462017,0.006919860839843001,8.678436279296876e-05,0.005027770996093001,0.004989624023437,0.508217592592592,0.5083333333333331,0.00011574074074
2012579864040,201257986404,0,0,21394550,1.0,"""[0.00015830993652300002",0.00018405914306600003,0.000196456909179,0.00020885467529200002,0.000222206115722,0.00024318695068300001,0.00026321411132800005,0.000378608703613,0.000566482543945,0.0008249282836910001," 0.006706237792968001]""",0.006698608398437,0.000499725341796,4.173274040222168,0.012594978325068002,0.006919860839843001,0.00022792816162100002,0.005439758300781,0.005226135253906,0.506828703703703,0.5069444444444441,0.00011574074074
2012579864040,201257986404,0,0,21394550,1.0,"""[0.000164985656738",0.000191688537597,0.00020885467529200002,0.00022983551025300002,0.000257492065429,0.000378608703613,0.000616073608398,0.000993728637695,0.0011882781982420001,0.001504898071289," 0.00543212890625]""",0.005439758300781,0.000688552856445,4.7755608558654785,0.016218921169638002,0.006919860839843001,8.678436279296876e-05,0.005126953125,0.005058288574218001,0.5087962962962961,0.508912037037037,0.00011574074074
2012579864040,201257986404,0,0,21394550,1.0,"""[0.00014305114746000002",0.0001802444458,0.00018882751464800002,0.00019836425781200002,0.00020790100097600002,0.000216484069824,0.00023651123046800003,0.00026130676269500003,0.00046634674072200004,0.0008363723754880001," 0.004562377929687]""",0.004562377929687,0.000360488891601,4.637905120849609,0.016408432275056003,0.006919860839843001,8.678436279296876e-05,0.005058288574218001,0.004997253417968001,0.508912037037037,0.5090277777777771,0.00011574074074
2012579864040,201257986404,0,0,21394550,1.0,"""[0.000148773193359",0.000160217285156,0.00017261505126900002,0.00018310546875,0.00019264221191400002,0.00020217895507800002,0.00021171569824200001,0.00022792816162100002,0.000381469726562,0.0007333755493160001," 0.003620147705078]""",0.003623962402343,0.00031375885009700004,3.817306280136108,0.012020491063594001,0.006919860839843001,0.00022792816162100002,0.005142211914062,0.005119323730468001,0.5071759259259261,0.507291666666666,0.00011574074074
2012579864040,201257986404,0,0,21394550,1.0,"""[0.000640869140625",0.0008735656738280001,0.00108528137207,0.00132942199707,0.0015411376953120002,0.0017833709716790001,0.002449035644531,0.007003784179687,0.02294921875,0.0286865234375," 0.0721435546875]""",0.072021484375,0.009811401367187,0.0,0.0,0.006919860839843001,0.000140190124511,0.005409240722656,0.005203247070312,0.509143518518518,0.5092592592592591,0.00011574074074
2012579864040,201257986404,0,0,21394550,1.0,"""[0.0007467269897460001",0.0016193389892570002,0.00180435180664,0.0023651123046870004,0.0027427673339840003,0.0030364990234370004,0.004562377929687,0.009307861328125,0.013916015625,0.016693115234375," 0.0726318359375]""",0.0726318359375,0.007781982421875001,0.0,0.0,0.006919860839843001,8.678436279296876e-05,0.005195617675781,0.004547119140625,0.507523148148148,0.5076388888888881,0.00011574074074
2012579864040,201257986404,0,0,21394550,1.0,"""[0.000590324401855",0.000730514526367,0.0007820129394530001,0.000829696655273,0.00087833404541,0.0009622573852530001,0.001110076904296,0.001636505126953,0.0018482208251950002,0.0022087097167960003," 0.005447387695312]""",0.005470275878906,0.0012798309326170001,3.9540224075317383,0.010299033485352,0.006919860839843001,0.000140190124511,0.00531005859375,0.005226135253906,0.50928086419753,0.509375,9.413580246913581e-05
2012579864040,201257986404,0,0,21394550,1.0,"""[0",0.00347900390625,0.004074096679687,0.011474609375,0.0172119140625,0.01849365234375,0.022064208984375,0.02734375,0.064697265625,0.0902099609375," 0.115478515625]""",0.115478515625,0.031036376953125003,0.0,0.0,0.006919860839843001,0.00013637542724600002,0.004341125488281,0.0033988952636710003,0.5091095679012341,0.509143518518518,3.395061728395061e-05
2012579864040,201257986404,0,0,21394550,1.0,"""[0.000761032104492",0.001171112060546,0.0022087097167960003,0.008636474609375,0.012100219726562,0.025726318359375003,0.04168701171875,0.04754638671875,0.05206298828125,0.069091796875," 0.0797119140625]""",0.0804443359375,0.029205322265625003,0.0,0.0,0.006919860839843001,0.00020980834960900003,0.003425598144531,0.0019454956054680002,0.5060050154320981,0.5060185185185181,1.3503086419753082e-05
2012579864040,201257986404,0,0,21394550,1.0,"""[0.0007171630859370001",0.001001358032226,0.0012264251708980001,0.0013961791992180002,0.001520156860351,0.001604080200195,0.00168228149414,0.001819610595703,0.001976013183593,0.0028648376464840003," 0.03289794921875]""",0.033203125,0.001949310302734,3.569541454315185,0.008912833407521002,0.006919860839843001,0.00022792816162100002,0.005706787109375001,0.005470275878906,0.506134259259259,0.5062500000000001,0.00011574074074
2012579864040,201257986404,0,0,21394550,1.0,"""[0.000135421752929",0.00016975402832,0.00018501281738200003,0.00019454956054600002,0.000205039978027,0.00021457672119100003,0.00023460388183500002,0.00026416778564400005,0.000616073608398,0.0009689331054680001," 0.0036659240722650005]""",0.0036582946777340003,0.00042533874511700004,4.7755608558654785,0.016218921169638002,0.006919860839843001,8.678436279296876e-05,0.005126953125,0.0050048828125,0.508680555555555,0.5087962962962961,0.00011574074074
2012579864040,201257986404,0,0,21394550,1.0,"""[0.00014781951904200002",0.00016307830810500002,0.00017738342285100002,0.000186920166015,0.000196456909179,0.000205039978027,0.00021457672119100003,0.000244140625,0.000421524047851,0.0006599426269530001," 0.006118774414062]""",0.006095886230468001,0.00032615661621000004,3.806971549987793,0.01194352377206,0.006919860839843001,0.00022792816162100002,0.005157470703125,0.005126953125,0.507060185185185,0.5071759259259261,0.00011574074074
2012579864040,201257986404,0,0,21394550,1.0,"""[0",0.0,0.0,0.0,8.58306884765625e-06,2.1934509277343753e-05,3.528594970703125e-05,0.000306129455566,0.000306129455566,0.000306129455566," 0.000306129455566]""",0.00169563293457,0.000129699707031,4.481089115142822,0.016964010894298002,0.006919860839843001,0.00022792816162100002,2.002716064453125e-05,2.002716064453125e-05,0.507491898148148,0.507493055555555,1.157407407407407e-06
2012579864040,201257986404,0,0,21394550,1.0,"""[0.000296592712402",0.000401496887207,0.00045490264892500003,0.000501632690429,0.000586509704589,0.0007400512695310001,0.000834465026855,0.000974655151367,0.001123428344726,0.001543045043945," 0.05816650390625]""",0.0582275390625,0.0012569427490230001,2.937208652496337,0.006635467521846,0.006919860839843001,8.678436279296876e-05,0.005172729492187,0.005050659179687,0.5078703703703701,0.507986111111111,0.00011574074074
2012579864040,201257986404,0,0,21394550,1.0,"""[0.00019264221191400002",0.00023651123046800003,0.000288009643554,0.000335693359375,0.000389099121093,0.00046825408935500005,0.00055980682373,0.000640869140625,0.000847816467285,0.001232147216796," 0.014801025390625002]""",0.014785766601562,0.000714302062988,4.347165584564209,0.011666290462017,0.006919860839843001,8.678436279296876e-05,0.005126953125,0.005020141601562,0.5083333333333331,0.508449074074074,0.00011574074074
2012579864040,201257986404,0,0,21394550,1.0,"""[6.4849853515625e-05",0.00016307830810500002,0.00018119812011700001,0.000190734863281,0.000200271606445,0.00020980834960900003,0.00021934509277300002,0.000256538391113,0.00045013427734300006,0.0009708404541010001," 0.0213623046875]""",0.020843505859375,0.0004920959472650001,4.481089115142822,0.016964010894298002,0.006919860839843001,0.00022792816162100002,0.005180358886718001,0.005111694335937,0.5074074074074071,0.507491898148148,8.449074074074074e-05
2012579864040,201257986404,0,0,21394550,1.0,"""[0.000713348388671",0.000799179077148,0.0008363723754880001,0.0008974075317380001,0.000984191894531,0.001138687133789,0.001430511474609,0.0017757415771480001,0.001953125,0.002288818359375," 0.021148681640625]""",0.0211181640625,0.001918792724609,2.937208652496337,0.006635467521846,0.006919860839843001,8.678436279296876e-05,0.00518798828125,0.005058288574218001,0.507754629629629,0.5078703703703701,0.00011574074074
2012579864040,201257986404,0,0,21394550,1.0,"""[0.000619888305664",0.00830078125,0.0169677734375,0.0184326171875,0.01898193359375,0.019683837890625,0.021697998046875,0.022796630859375003,0.0330810546875,0.05767822265625," 0.075927734375]""",0.0760498046875,0.025146484375,0.0,0.0,0.006919860839843001,8.296966552734376e-05,0.003498077392578,0.002693176269531,0.507493055555555,0.507523148148148,3.0092592592592593e-05
2012579864040,201257986404,0,0,21394550,1.0,"""[0.0006914138793940001",0.0008239746093750001,0.000872611999511,0.0009412765502920001,0.0010528564453120002,0.001201629638671,0.00139045715332,0.0015411376953120002,0.001705169677734,0.002334594726562," 0.0267333984375]""",0.026702880859375003,0.001575469970703,3.569541454315185,0.008912833407521002,0.006919860839843001,0.00022792816162100002,0.005569458007812,0.005416870117187,0.5062500000000001,0.50636574074074,0.00011574074074
2012579864040,201257986404,0,0,21394550,1.0,"""[0.000130653381347",0.00015640258789,0.00017833709716700002,0.00018978118896400002,0.000201225280761,0.00021171569824200001,0.00022983551025300002,0.00026226043701100003,0.000493049621582,0.000688552856445," 0.0146484375]""",0.0146484375,0.000389099121093,4.474706172943115,0.01302168611437,0.006919860839843001,8.678436279296876e-05,0.0050048828125,0.004974365234375,0.5085648148148141,0.508680555555555,0.00011574074074
2012579864040,201257986404,0,0,21394550,1.0,"""[3.4332275390625e-05",0.00017642974853500002,0.000186920166015,0.00019741058349600002,0.00020790100097600002,0.00021839141845700002,0.000245094299316,0.000361442565917,0.000547409057617,0.000978469848632," 0.022674560546875003]""",0.022705078125,0.000554084777832,4.50577688217163,0.016590334475040002,0.006919860839843001,8.678436279296876e-05,0.004997253417968001,0.004898071289062,0.5090277777777771,0.509108796296296,8.101851851851852e-05
2012579864040,201257986404,0,0,21394550,1.0,"""[0",0.0,0.0,0.0,0.0,0.0,0.0,0.0,0.0,0.0,"0]""",0.0,0.0,0.0,0.0,0.006919860839843001,0.0,1.9073486328125e-06,1.9073486328125e-06,0.507492669753086,0.507493055555555,3.858024691358024e-07
2012579864040,201257986404,0,0,21394550,1.0,"""[0",0.0,0.0,0.0,0.0,4.76837158203125e-06,9.5367431640625e-06,9.5367431640625e-06,9.5367431640625e-06,9.5367431640625e-06," 9.5367431640625e-06]""",0.0,0.0,0.0,0.0,0.006919860839843001,0.0,1.9073486328125e-06,1.9073486328125e-06,0.5074922839506171,0.507492669753086,3.858024691358024e-07
2012579864040,201257986404,0,0,21394550,1.0,"""[0.000268936157226",0.000349044799804,0.000410079956054,0.00046920776367100005,0.0005226135253900001,0.0005836486816400001,0.000672340393066,0.00080394744873,0.000978469848632,0.001323699951171," 0.0062255859375]""",0.006248474121093001,0.000822067260742,3.628435611724853,0.009259758517146001,0.006919860839843001,0.00022792816162100002,0.005516052246093001,0.005348205566406,0.5064814814814811,0.506597222222222,0.00011574074074
2012579864040,201257986404,0,0,21394550,1.0,"""[0.000139236450195",0.00020217895507800002,0.000231742858886,0.000257492065429,0.000351905822753,0.000647544860839,0.0007972717285150001,0.0008993148803710001,0.001008987426757,0.00160789489746," 0.007217407226562]""",0.007217407226562,0.000811576843261,4.481089115142822,0.016964010894298002,0.006919860839843001,0.00022792816162100002,0.005416870117187,0.005264282226562,0.507291666666666,0.5074074074074071,0.00011574074074
2012579864040,201257986404,0,0,21394550,1.0,"""[0.000287055969238",0.000348091125488,0.00041389465332000003,0.000472068786621,0.0005216598510740001,0.0005760192871090001,0.000639915466308,0.0007658004760740001,0.0009689331054680001,0.0016403198242180002," 0.021759033203125]""",0.021728515625,0.001031875610351,3.569541454315185,0.008912833407521002,0.006919860839843001,0.00022792816162100002,0.005325317382812,0.005256652832031,0.50636574074074,0.5064814814814811,0.00011574074074
2012579864040,201257986404,0,0,21394550,1.0,"""[0.00011730194091700002",0.00015735626220700002,0.00017833709716700002,0.00018787384033200002,0.000196456909179,0.000205993652343,0.00021553039550700003,0.00023555755615200003,0.00034332275390600004,0.0004959106445310001," 0.004974365234375]""",0.004974365234375,0.00027847290039,4.203860282897949,0.012649375014007001,0.006919860839843001,0.00022792816162100002,0.00518798828125,0.005149841308593001,0.5067129629629631,0.506828703703703,0.00011574074074
2012579864040,201257986404,0,0,21394550,1.0,"""[0.0006437301635740001",0.0007171630859370001,0.0007638931274410001,0.000800132751464,0.000847816467285,0.001003265380859,0.001150131225585,0.0013561248779290001,0.0017395019531250002,0.002124786376953," 0.006011962890625001]""",0.006034851074218001,0.001276016235351,3.954022645950317,0.010299033485352,0.006919860839843001,0.000140190124511,0.005287170410156,0.005218505859375,0.509375,0.5094907407407401,0.00011574074074
2012579864040,201257986404,0,0,21394550,1.0,"""[0",0.0,0.0,0.0,0.0,0.0,0.0,0.0,0.0,0.0,"0]""",0.0,0.0,0.0,0.0,0.006919860839843001,0.0,1.9073486328125e-06,1.9073486328125e-06,0.509109182098765,0.5091095679012341,3.858024691358024e-07
2012579864040,201257986404,0,0,21394550,1.0,"""[0.000285148620605",0.00048446655273400003,0.000532150268554,0.000562667846679,0.0006065368652340001,0.0007047653198240001,0.0008020401000970001,0.0009365081787100001,0.0010833740234370002,0.0015182495117180002," 0.01800537109375]""",0.017974853515625,0.000993728637695,3.5653998851776123,0.008876895532011,0.006919860839843001,8.678436279296876e-05,0.005073547363281,0.005035400390625,0.5081018518518511,0.508217592592592,0.00011574074074
2012579864040,201257986404,0,0,21394550,1.0,"""[0.000745773315429",0.0009288787841790001,0.0009899139404290001,0.0010833740234370002,0.001161575317382,0.001237869262695,0.0012950897216790001,0.00160789489746,0.002288818359375,0.0029602050781250004," 0.005722045898437]""",0.005722045898437,0.00157356262207,0.0,0.0,0.006919860839843001,0.000140190124511,0.005355834960937,0.005325317382812,0.5092592592592591,0.50928086419753,2.1604938271604934e-05
2012579864040,201257986404,0,0,21394550,1.0,"""[0.000688552856445",0.0008401870727530001,0.0009002685546870001,0.001018524169921,0.001169204711914,0.001461029052734,0.0016784667968750002,0.0018634796142570002,0.002113342285156,0.002685546875," 0.04150390625]""",0.0477294921875,0.0018367767333980001,2.937208414077758,0.006635467987507001,0.006919860839843001,8.678436279296876e-05,0.005157470703125,0.005027770996093001,0.5076388888888881,0.507754629629629,0.00011574074074
