UniqJobId,collection_id,instance_index,priority,machine_id,sample_rate,cpu_usage_distribution1,cpu_usage_distribution2,cpu_usage_distribution3,cpu_usage_distribution4,cpu_usage_distribution5,cpu_usage_distribution6,cpu_usage_distribution7,cpu_usage_distribution8,cpu_usage_distribution9,cpu_usage_distribution10,cpu_usage_distribution11,max_cpu,avg_cpu,cycles_per_instruction,memory_accesses_per_instruction,assigned_memory,page_cache_memory,max_memory,avg_memory,start_time,end_time,time_window
2086278908025,208627890802,5,0,2958492681,1.0,"""[0.000317573547363",0.0005416870117180001,0.000623703002929,0.000678062438964,0.0007247924804680001,0.000781059265136,0.0008430480957030001,0.0009126663208000001,0.0009994506835930002,0.001169204711914," 0.0017414093017570002]""",0.002021789550781,0.0008249282836910001,2.564681768417358,0.008925046771764,0.0,0.0008697509765620001,0.007278442382812,0.007278442382812,0.505902777777777,0.5060185185185181,0.00011574074074
2086278908025,208627890802,5,0,2958492681,1.0,"""[0.00021839141845700002",0.000268936157226,0.00029468536376900005,0.00032329559326100003,0.00035381317138600003,0.000388145446777,0.00041675567626900005,0.000443458557128,0.00047874450683500004,0.000568389892578," 0.0017471313476560002]""",0.001749038696289,0.00041675567626900005,2.578318834304809,0.006992855574935001,0.0,0.0008687973022460001,0.00726318359375,0.00726318359375,0.500347222222222,0.500462962962963,0.00011574074074
2086278908025,208627890802,5,0,2958492681,1.0,"""[0.00032424926757800005",0.000638961791992,0.0007228851318350001,0.000791549682617,0.0008573532104490001,0.000926971435546,0.000993728637695,0.0010833740234370002,0.001186370849609,0.0014190673828120002," 0.009063720703125]""",0.009063720703125,0.001092910766601,2.801113843917846,0.008282502181828001,0.0,0.0008697509765620001,0.007278442382812,0.007278442382812,0.5064814814814811,0.506597222222222,0.00011574074074
2086278908025,208627890802,5,0,2958492681,1.0,"""[0.00025463104248",0.000369071960449,0.00041866302490200006,0.00045776367187500005,0.000494956970214,0.000539779663085,0.000589370727539,0.000639915466308,0.00071907043457,0.0008630752563470001," 0.0016231536865230001]""",0.0016250610351560002,0.0006017684936520001,3.077032804489135,0.010357304476201,0.0,0.0008697509765620001,0.007278442382812,0.007278442382812,0.508449074074074,0.5085648148148141,0.00011574074074
2086278908025,208627890802,5,0,2958492681,1.0,"""[0.00023841857910100002",0.000381469726562,0.00045013427734300006,0.00050926208496,0.000550270080566,0.000590324401855,0.000651359558105,0.0007228851318350001,0.00081729888916,0.001077651977539," 0.0018444061279290001]""",0.0018367767333980001,0.0006608963012690001,3.382580757141113,0.013290321454405,0.0,0.0008697509765620001,0.007278442382812,0.007278442382812,0.508912037037037,0.5090277777777771,0.00011574074074
2086278908025,208627890802,5,0,2958492681,1.0,"""[0.000382423400878",0.000578880310058,0.0006446838378900001,0.0007104873657220001,0.000767707824707,0.0008239746093750001,0.0008869171142570001,0.0009403228759760001,0.001028060913085,0.001211166381835," 0.0023612976074210003]""",0.0023651123046870004,0.0008735656738280001,2.564681768417358,0.008925046771764,0.0,0.0008697509765620001,0.007278442382812,0.007225036621093001,0.5060185185185181,0.506134259259259,0.00011574074074
2086278908025,208627890802,5,0,2958492681,1.0,"""[0.00028610229492100005",0.00035381317138600003,0.00039863586425700005,0.00044536590576100003,0.0004911422729490001,0.000519752502441,0.000551223754882,0.000590324401855,0.0006494522094720001,0.0007667541503900001," 0.0016555786132810002]""",0.001651763916015,0.000560760498046,2.9574556350708,0.009371359832584001,0.0,0.0008697509765620001,0.007270812988281,0.007270812988281,0.507986111111111,0.5081018518518511,0.00011574074074
2086278908025,208627890802,5,0,2958492681,1.0,"""[0.000350952148437",0.0005874633789060001,0.0006484985351560001,0.000700950622558,0.0007476806640620001,0.0008125305175780001,0.0008707046508780001,0.0009584426879880001,0.00105857849121,0.001293182373046," 0.002155303955078]""",0.0023155212402340003,0.000879287719726,3.012288093566894,0.010834224522113,0.0,0.0008697509765620001,0.007148742675781,0.007148742675781,0.506134259259259,0.5062500000000001,0.00011574074074
2086278908025,208627890802,5,0,2958492681,1.0,"""[0.00018978118896400002",0.00033760070800700005,0.00038623809814400005,0.000421524047851,0.00046157836914,0.00050926208496,0.000554084777832,0.000604629516601,0.000697135925292,0.000847816467285," 0.002246856689453]""",0.0022392272949210003,0.0005645751953120001,3.041051149368286,0.009074974805116001,0.0,0.0008697509765620001,0.007156372070312,0.007156372070312,0.504282407407407,0.504398148148148,0.00011574074074
2086278908025,208627890802,5,0,2958492681,1.0,"""[0.000190734863281",0.00023269653320300002,0.00026321411132800005,0.000298500061035,0.00032615661621000004,0.000349998474121,0.00038337707519500003,0.00042629241943300004,0.000473022460937,0.000645637512207," 0.008377075195312]""",0.008346557617187,0.000483512878417,2.411114454269409,0.006961296778172,0.0,0.0008697509765620001,0.007438659667968001,0.007400512695312,0.502430555555555,0.502546296296296,0.00011574074074
2086278908025,208627890802,5,0,2958492681,1.0,"""[0.00018787384033200002",0.00025463104248,0.00027847290039,0.000297546386718,0.000318527221679,0.000340461730957,0.00036811828613200005,0.000401496887207,0.00044918060302700006,0.0005874633789060001," 0.008407592773437]""",0.0084228515625,0.00048828124999999995,2.861351728439331,0.007241825573146001,0.0,0.0008697509765620001,0.00726318359375,0.007179260253906,0.500694444444444,0.500810185185185,0.00011574074074
2086278908025,208627890802,5,0,2958492681,0.996666669845581,"""[0.00027275085449200004",0.000342369079589,0.00040054321289,0.00043678283691400005,0.00047588348388600003,0.000518798828125,0.000569343566894,0.000627517700195,0.000697135925292,0.000860214233398," 0.001708984375]""",0.003936767578125,0.000575065612792,3.222875595092773,0.009273986332118001,0.0,0.0008697509765620001,0.007278442382812,0.007278442382812,0.504629629629629,0.50474537037037,0.00011574074074
2086278908025,208627890802,5,0,2958492681,1.0,"""[0.00038337707519500003",0.0006380081176750001,0.0007238388061520001,0.0007820129394530001,0.0008382797241210001,0.000891685485839,0.000955581665039,0.001033782958984,0.001123428344726,0.001285552978515," 0.002166748046875]""",0.0021934509277340003,0.0009460449218750001,3.062783002853393,0.010437687858939,0.0,0.0008697509765620001,0.007278442382812,0.007278442382812,0.506597222222222,0.5067129629629631,0.00011574074074
2086278908025,208627890802,5,0,2958492681,1.0,"""[0.000285148620605",0.00042819976806600005,0.000493049621582,0.0005464553833000001,0.0005874633789060001,0.0006256103515620001,0.000678062438964,0.0007343292236320001,0.0008630752563470001,0.001045227050781," 0.0015621185302730001]""",0.0020103454589840003,0.0006904602050780001,3.301231622695922,0.010618361644446002,0.0,0.0008697509765620001,0.007278442382812,0.007278442382812,0.508680555555555,0.5087962962962961,0.00011574074074
2086278908025,208627890802,5,0,2958492681,1.0,"""[0.00019454956054600002",0.000266075134277,0.000290870666503,0.00031375885009700004,0.00033283233642500003,0.000351905822753,0.00038433074951100003,0.00041770935058500004,0.00046157836914,0.000528335571289," 0.001237869262695]""",0.001237869262695,0.00040435791015600004,2.896401405334472,0.006864947266876,0.0,0.0008697509765620001,0.007255554199218001,0.007255554199218001,0.500925925925925,0.501041666666666,0.00011574074074
2086278908025,208627890802,5,0,2958492681,1.0,"""[0.000186920166015",0.00024318695068300001,0.000275611877441,0.00030231475830000003,0.000327110290527,0.000350952148437,0.00038337707519500003,0.000431060791015,0.00047492980957000003,0.0005998611450190001," 0.001247406005859]""",0.0012435913085930002,0.00039386749267500003,2.52847671508789,0.006616216618567001,0.0,0.0008697509765620001,0.007377624511718001,0.007377624511718001,0.503009259259259,0.5031249999999999,0.00011574074074
2086278908025,208627890802,5,0,2958492681,1.0,"""[0.00036430358886700004",0.000673294067382,0.000761985778808,0.000828742980957,0.0008707046508780001,0.000944137573242,0.001007080078125,0.001075744628906,0.001186370849609,0.0013656616210930002," 0.0019207000732420001]""",0.0019302368164060002,0.000988006591796,3.127574920654296,0.011573147028684,0.0,0.0008697509765620001,0.007278442382812,0.007278442382812,0.507060185185185,0.5071759259259261,0.00011574074074
2086278908025,208627890802,5,0,2958492681,1.0,"""[0.00036334991455000003",0.0005216598510740001,0.0006008148193350001,0.000652313232421,0.0006942749023430001,0.000749588012695,0.000791549682617,0.00086498260498,0.0009651184082030001,0.001117706298828," 0.001953125]""",0.001949310302734,0.0007953643798820001,3.180778741836547,0.012067091651260001,0.0,0.0008697509765620001,0.007278442382812,0.007278442382812,0.5071759259259261,0.507291666666666,0.00011574074074
2086278908025,208627890802,5,0,2958492681,1.0,"""[0.00022888183593700002",0.000311851501464,0.00036239624023400003,0.00039863586425700005,0.00042915344238200005,0.00046730041503900005,0.0005102157592770001,0.000561714172363,0.0006256103515620001,0.000749588012695," 0.001749038696289]""",0.002017974853515,0.000518798828125,2.60587191581726,0.007270686328411001,0.0,0.0008697509765620001,0.007316589355468001,0.007316589355468001,0.503703703703703,0.503819444444444,0.00011574074074
2086278908025,208627890802,5,0,2958492681,1.0,"""[0.000298500061035",0.0005331039428710001,0.0006246566772460001,0.00067138671875,0.000715255737304,0.000773429870605,0.0008249282836910001,0.00087833404541,0.0009613037109370001,0.001153945922851," 0.0017337799072260002]""",0.0017337799072260002,0.0008163452148430001,3.159205675125122,0.011460873298346,0.0,0.0008697509765620001,0.007148742675781,0.007148742675781,0.5062500000000001,0.50636574074074,0.00011574074074
2086278908025,208627890802,5,0,2958492681,1.0,"""[0.00023555755615200003",0.00035381317138600003,0.00040054321289,0.00043869018554600005,0.000473022460937,0.0005149841308590001,0.000561714172363,0.0006332397460930001,0.0007019042968750001,0.0009241104125970001," 0.00872802734375]""",0.008743286132812,0.0006799697875970001,3.245891809463501,0.008766489103436,0.0,0.0008697509765620001,0.007278442382812,0.007209777832031,0.504398148148148,0.504513888888888,0.00011574074074
2086278908025,208627890802,5,0,2958492681,1.0,"""[0.000222206115722",0.00026416778564400005,0.000288963317871,0.00031375885009700004,0.00033760070800700005,0.000361442565917,0.00038337707519500003,0.000412940979003,0.00045680999755800004,0.000550270080566," 0.001251220703125]""",0.001251220703125,0.00040626525878900005,2.800085306167602,0.0074370899237690006,0.0,0.0008697509765620001,0.00726318359375,0.00726318359375,0.500578703703703,0.500694444444444,0.00011574074074
2086278908025,208627890802,5,0,2958492681,1.0,"""[0.000269889831542",0.00039577484130800004,0.000452995300292,0.0005025863647460001,0.000544548034667,0.000590324401855,0.000638961791992,0.0006856918334960001,0.0007362365722650001,0.0008468627929680001," 0.00201416015625]""",0.0018253326416010002,0.0006103515625,3.301231622695922,0.010618361644446002,0.0,0.0008697509765620001,0.007278442382812,0.007278442382812,0.5085648148148141,0.508680555555555,0.00011574074074
2086278908025,208627890802,5,0,2958492681,1.0,"""[0.000308990478515",0.00045013427734300006,0.000497817993164,0.0005407333374020001,0.0005836486816400001,0.000628471374511,0.000678062438964,0.000749588012695,0.0008401870727530001,0.001049041748046," 0.002140045166015]""",0.0021324157714840003,0.0007047653198240001,3.301231622695922,0.010618361644446002,0.0,0.0008697509765620001,0.007278442382812,0.007278442382812,0.5087962962962961,0.508912037037037,0.00011574074074
2086278908025,208627890802,5,0,2958492681,1.0,"""[0.000190734863281",0.00022888183593700002,0.000250816345214,0.00027370452880800004,0.00029563903808500004,0.000321388244628,0.000351905822753,0.000391006469726,0.000440597534179,0.000562667846679," 0.001163482666015]""",0.001161575317382,0.00037574768066400005,2.7453830242156982,0.006482066120952001,0.0,0.0008697509765620001,0.007255554199218001,0.007255554199218001,0.501157407407407,0.501273148148148,0.00011574074074
2086278908025,208627890802,5,0,2958492681,1.0,"""[0.000267028808593",0.00042629241943300004,0.00047683715820300005,0.000524520874023,0.00057029724121,0.0006065368652340001,0.0006637573242180001,0.000737190246582,0.0008449554443350001,0.001014709472656," 0.0019073486328120002]""",0.0019054412841790001,0.000673294067382,2.69130539894104,0.007953260093927,0.0,0.0008697509765620001,0.007278442382812,0.007278442382812,0.5050925925925921,0.505208333333333,0.00011574074074
2086278908025,208627890802,5,0,2958492681,1.0,"""[0.00025272369384700004",0.000391960144042,0.00045013427734300006,0.0004911422729490001,0.000530242919921,0.0005874633789060001,0.0006599426269530001,0.000773429870605,0.0009126663208000001,0.001232147216796," 0.002243041992187]""",0.002586364746093,0.000713348388671,3.394445896148681,0.013680041767656002,0.0,0.0008697509765620001,0.007278442382812,0.007232666015625001,0.5090277777777771,0.509143518518518,0.00011574074074
2086278908025,208627890802,5,0,2958492681,1.0,"""[0.000195503234863",0.00023460388183500002,0.00026798248291,0.000298500061035,0.000335693359375,0.000371932983398,0.000411987304687,0.00047492980957000003,0.000558853149414,0.0007543563842770001," 0.0012493133544920001]""",0.001239776611328,0.000432968139648,1.803645253181457,0.002170894527807,0.0,0.0008697509765620001,0.007530212402343001,0.007522583007812,0.502083333333333,0.502199074074074,0.00011574074074
2086278908025,208627890802,5,0,2958492681,1.0,"""[0.00022506713867100002",0.00032901763916,0.000369071960449,0.00040817260742100005,0.00044441223144500003,0.00047683715820300005,0.0005149841308590001,0.000566482543945,0.000619888305664,0.0007400512695310001," 0.008712768554687]""",0.008682250976562,0.0006265640258780001,3.334417104721069,0.010627006180584,0.0,0.0008697509765620001,0.007278442382812,0.0072021484375,0.508217592592592,0.5083333333333331,0.00011574074074
2086278908025,208627890802,5,0,2958492681,1.0,"""[0.000279426574707",0.000381469726562,0.00043678283691400005,0.000473976135253,0.000514030456542,0.0005645751953120001,0.000621795654296,0.000684738159179,0.0007667541503900001,0.000880241394042," 0.0018692016601560002]""",0.002384185791015,0.0006189346313470001,3.239849805831909,0.00889971293509,0.0,0.0008697509765620001,0.007278442382812,0.007278442382812,0.504513888888888,0.504629629629629,0.00011574074074
2086278908025,208627890802,5,0,2958492681,1.0,"""[0.00041484832763600003",0.0007095336914060001,0.0007944107055660001,0.0008687973022460001,0.0009365081787100001,0.0010051727294920001,0.0010814666748040001,0.001167297363281,0.001260757446289,0.0014324188232420001," 0.0023193359375]""",0.003238677978515,0.001047134399414,3.127574920654296,0.011573147028684,0.0,0.0008697509765620001,0.007278442382812,0.007278442382812,0.5069444444444441,0.507060185185185,0.00011574074074
2086278908025,208627890802,5,0,2958492681,1.0,"""[0.000185966491699",0.00024032592773400003,0.000274658203125,0.000297546386718,0.000329971313476,0.00036430358886700004,0.00039482116699200004,0.00043869018554600005,0.0004959106445310001,0.0006074905395500001," 0.0014972686767570002]""",0.0015010833740230001,0.00040626525878900005,2.309880018234252,0.0062623252160840005,0.0,0.0008697509765620001,0.007354736328125001,0.007354736328125001,0.503356481481481,0.503472222222222,0.00011574074074
2086278908025,208627890802,5,0,2958492681,1.0,"""[0.000190734863281",0.000279426574707,0.00032329559326100003,0.000361442565917,0.000402450561523,0.000441551208496,0.00047492980957000003,0.000520706176757,0.000605583190917,0.000955581665039," 0.016632080078125]""",0.016632080078125,0.001108169555664,3.219675302505493,0.012419647537171001,0.0,0.0008697509765620001,0.007270812988281,0.0027618408203120004,0.5092592592592591,0.509375,0.00011574074074
2086278908025,208627890802,5,0,2958492681,1.0,"""[0.00018405914306600003",0.00022315979003900002,0.00024223327636700001,0.00026130676269500003,0.00028228759765600004,0.00030326843261700004,0.000330924987792,0.0003662109375,0.00041770935058500004,0.0005455017089840001," 0.008636474609375]""",0.008651733398437,0.000443458557128,2.454060077667236,0.007168188225477001,0.0,0.0008697509765620001,0.007255554199218001,0.007225036621093001,0.501504629629629,0.50162037037037,0.00011574074074
2086278908025,208627890802,5,0,2958492681,1.0,"""[0.000221252441406",0.00032424926757800005,0.00037384033203100004,0.00041961669921800006,0.00045776367187500005,0.000494003295898,0.000539779663085,0.000591278076171,0.000652313232421,0.000786781311035," 0.001657485961914]""",0.0023918151855460003,0.000539779663085,2.7660670280456543,0.007414876483380001,0.0,0.0008697509765620001,0.007316589355468001,0.007316589355468001,0.503819444444444,0.503935185185185,0.00011574074074
2086278908025,208627890802,5,0,2958492681,1.0,"""[0.000247001647949",0.0003662109375,0.00041580200195300005,0.00045680999755800004,0.000494003295898,0.0005340576171870001,0.0005636215209960001,0.000612258911132,0.0006799697875970001,0.0008258819580070001," 0.001636505126953]""",0.0013275146484370002,0.0005636215209960001,2.909045696258544,0.009218843653798001,0.0,0.0008697509765620001,0.007270812988281,0.007270812988281,0.5078703703703701,0.507986111111111,0.00011574074074
2086278908025,208627890802,5,0,2958492681,1.0,"""[0.00023365020751900002",0.00034427642822200004,0.000409126281738,0.00044727325439400005,0.00047969818115200006,0.0005159378051750001,0.0005645751953120001,0.0006256103515620001,0.000707626342773,0.0008516311645500001," 0.0015850067138670001]""",0.00160789489746,0.0005760192871090001,2.939586639404296,0.008261944167315,0.0,0.0008697509765620001,0.007316589355468001,0.007316589355468001,0.504050925925925,0.504166666666666,0.00011574074074
2086278908025,208627890802,5,0,2958492681,1.0,"""[0.00018405914306600003",0.00023365020751900002,0.000257492065429,0.000287055969238,0.000318527221679,0.00035381317138600003,0.000382423400878,0.00042533874511700004,0.000482559204101,0.000623703002929," 0.00128173828125]""",0.001277923583984,0.00039768218994100005,2.667079925537109,0.007702182512730001,0.0,0.0008697509765620001,0.007438659667968001,0.007431030273437,0.502662037037037,0.502777777777777,0.00011574074074
2086278908025,208627890802,5,0,2958492681,1.0,"""[0.00021934509277300002",0.000258445739746,0.000287055969238,0.000311851501464,0.00033473968505800004,0.000357627868652,0.00038623809814400005,0.00042629241943300004,0.00048446655273400003,0.0005636215209960001," 0.0011577606201170001]""",0.001161575317382,0.000402450561523,2.932469129562377,0.007015166338533001,0.0,0.0008697509765620001,0.007255554199218001,0.007255554199218001,0.500810185185185,0.500925925925925,0.00011574074074
2086278908025,208627890802,5,0,2958492681,1.0,"""[0.00044441223144500003",0.000711441040039,0.00081729888916,0.000883102416992,0.000952720642089,0.001016616821289,0.00108528137207,0.00118064880371,0.00131607055664,0.0015087127685540001," 0.00235366821289]""",0.00235366821289,0.001075744628906,3.246193885803222,0.011948309838771001,0.0,0.0008697509765620001,0.007278442382812,0.007278442382812,0.5067129629629631,0.506828703703703,0.00011574074074
2086278908025,208627890802,5,0,2958492681,1.0,"""[0.0001802444458",0.00023746490478500002,0.000266075134277,0.000289916992187,0.00031375885009700004,0.00033760070800700005,0.00036811828613200005,0.00041389465332000003,0.00047111511230400006,0.000628471374511," 0.0012054443359370002]""",0.0012054443359370002,0.00039768218994100005,2.564151525497436,0.006857773754745,0.0,0.0008697509765620001,0.007400512695312,0.00738525390625,0.502893518518518,0.503009259259259,0.00011574074074
2086278908025,208627890802,5,0,2958492681,1.0,"""[0.00047111511230400006",0.000697135925292,0.000804901123046,0.0008583068847650001,0.0009126663208000001,0.0009918212890620002,0.001068115234375,0.001153945922851,0.00125503540039,0.001514434814453," 0.00253677368164]""",0.002540588378906,0.00105857849121,3.176324844360351,0.011727332137525,0.0,0.0008697509765620001,0.007278442382812,0.007278442382812,0.506828703703703,0.5069444444444441,0.00011574074074
2086278908025,208627890802,5,0,2958492681,1.0,"""[0.00018501281738200003",0.00022983551025300002,0.000267028808593,0.00029468536376900005,0.000321388244628,0.00034618377685500005,0.00037574768066400005,0.000410079956054,0.00047016143798800006,0.0005569458007810001," 0.001415252685546]""",0.002002716064453,0.00038623809814400005,2.357892274856567,0.005750652868300001,0.0,0.0008697509765620001,0.007362365722656,0.007354736328125001,0.50324074074074,0.503356481481481,0.00011574074074
2086278908025,208627890802,5,0,2958492681,1.0,"""[0.00021076202392500003",0.00031375885009700004,0.000357627868652,0.000389099121093,0.000439643859863,0.003410339355468,0.004035949707031,0.005043029785156,0.008224487304687,0.008377075195312," 0.018402099609375]""",0.018402099609375,0.003501892089843,2.32869267463684,0.004659552127122,0.0,0.0008697509765620001,0.007591247558593001,0.004295349121093001,0.501851851851851,0.501967592592592,0.00011574074074
2086278908025,208627890802,5,0,2958492681,1.0,"""[0.00026798248291",0.00041675567626900005,0.00046539306640600004,0.00050926208496,0.0005531311035150001,0.000603675842285,0.0006551742553710001,0.000712394714355,0.000787734985351,0.0009393692016600001," 0.0017528533935540001]""",0.00175666809082,0.000650405883789,3.222875595092773,0.009273986332118001,0.0,0.0008697509765620001,0.007278442382812,0.007278442382812,0.50474537037037,0.5048611111111111,0.00011574074074
2086278908025,208627890802,5,0,2958492681,1.0,"""[0.00016784667968700002",0.00021839141845700002,0.00025177001953100004,0.00028228759765600004,0.000311851501464,0.00033950805664,0.000370025634765,0.00040435791015600004,0.000452041625976,0.000566482543945," 0.0015697479248040001]""",0.0015716552734370002,0.000389099121093,2.403756141662597,0.005983371753245001,0.0,0.0008697509765620001,0.007369995117187,0.007362365722656,0.5031249999999999,0.50324074074074,0.00011574074074
2086278908025,208627890802,5,0,2958492681,1.0,"""[0.000226020812988",0.00032234191894500003,0.00036430358886700004,0.00039768218994100005,0.000440597534179,0.00048637390136700004,0.0005350112915030001,0.0005836486816400001,0.0006637573242180001,0.000787734985351," 0.008575439453125]""",0.008560180664062,0.000638961791992,2.276727199554443,0.006615634541958001,0.0,0.0008697509765620001,0.007347106933593001,0.007308959960937,0.503472222222222,0.503587962962962,0.00011574074074
2086278908025,208627890802,5,0,2958492681,1.0,"""[0.000340461730957",0.000497817993164,0.0005636215209960001,0.000616073608398,0.0006551742553710001,0.000708580017089,0.0007629394531250001,0.0008249282836910001,0.000895500183105,0.000993728637695," 0.0018672943115230001]""",0.0018692016601560002,0.0007400512695310001,3.035309553146362,0.008799620904028001,0.0,0.0008697509765620001,0.007278442382812,0.007278442382812,0.505439814814814,0.5055555555555551,0.00011574074074
2086278908025,208627890802,5,0,2958492681,1.0,"""[0.000310897827148",0.000490188598632,0.0005455017089840001,0.0006132125854490001,0.000666618347167,0.000712394714355,0.0007543563842770001,0.000819206237792,0.0009431838989250001,0.0010910034179680002," 0.001750946044921]""",0.001749038696289,0.000757217407226,3.213362693786621,0.012489359825849,0.0,0.0008697509765620001,0.007278442382812,0.007270812988281,0.5074074074074071,0.507523148148148,0.00011574074074
2086278908025,208627890802,5,0,2958492681,1.0,"""[0.000310897827148",0.0005035400390620001,0.000567436218261,0.000636100769042,0.000697135925292,0.000758171081542,0.000799179077148,0.0008630752563470001,0.0009651184082030001,0.0010910034179680002," 0.001953125]""",0.001953125,0.0007829666137690001,3.035309553146362,0.008799620904028001,0.0,0.0008697509765620001,0.007278442382812,0.007278442382812,0.505671296296296,0.5057870370370371,0.00011574074074
2086278908025,208627890802,5,0,2958492681,1.0,"""[0.0001802444458",0.000226974487304,0.00026512145996000004,0.000290870666503,0.000317573547363,0.00034427642822200004,0.00038433074951100003,0.00043869018554600005,0.0004920959472650001,0.000611305236816," 0.0017471313476560002]""",0.00174331665039,0.00041484832763600003,2.563361644744873,0.007890291512012001,0.0,0.0008697509765620001,0.007499694824218001,0.007400512695312,0.502314814814814,0.502430555555555,0.00011574074074
2086278908025,208627890802,5,0,2958492681,1.0,"""[0.00028228759765600004",0.000432968139648,0.0005044937133780001,0.000554084777832,0.0006027221679680001,0.000647544860839,0.000700950622558,0.0007534027099600001,0.000830650329589,0.0009317398071280001," 0.002063751220703]""",0.00262451171875,0.0006875991821280001,2.7447586059570312,0.00812024064362,0.0,0.0008697509765620001,0.007278442382812,0.007278442382812,0.504976851851851,0.5050925925925921,0.00011574074074
2086278908025,208627890802,5,0,2958492681,1.0,"""[0.00017738342285100002",0.00023746490478500002,0.00026512145996000004,0.00028610229492100005,0.000307083129882,0.00033283233642500003,0.000361442565917,0.00039482116699200004,0.000442504882812,0.000525474548339," 0.001129150390625]""",0.0011272430419920001,0.00037384033203100004,2.515893459320068,0.006111805792897,0.0,0.0008697509765620001,0.007255554199218001,0.007255554199218001,0.501273148148148,0.501388888888888,0.00011574074074
2086278908025,208627890802,5,0,2958492681,1.0,"""[0.000318527221679",0.00044918060302700006,0.000501632690429,0.000554084777832,0.000604629516601,0.000646591186523,0.0006904602050780001,0.0007410049438470001,0.000833511352539,0.0009622573852530001," 0.008575439453125]""",0.008575439453125,0.000773429870605,2.17594313621521,0.006343330722302001,0.0,0.0008697509765620001,0.007278442382812,0.007232666015625001,0.505208333333333,0.5053240740740741,0.00011574074074
2086278908025,208627890802,5,0,2958492681,1.0,"""[0.000179290771484",0.000216484069824,0.00023937225341700002,0.00026130676269500003,0.000280380249023,0.000298500061035,0.000321388244628,0.000349998474121,0.00038719177246000004,0.00047683715820300005," 0.0015392303466790001]""",0.0015411376953120002,0.00034618377685500005,2.492964744567871,0.007018987555056,0.0,0.0008697509765620001,0.007255554199218001,0.007255554199218001,0.50162037037037,0.501736111111111,0.00011574074074
2086278908025,208627890802,5,0,2958492681,1.0,"""[0.000348091125488",0.0005416870117180001,0.000615119934082,0.0006608963012690001,0.000699996948242,0.0007476806640620001,0.0007953643798820001,0.0008554458618160001,0.000933647155761,0.001106262207031," 0.002277374267578]""",0.002281188964843,0.0007944107055660001,3.016392707824707,0.010660168714821,0.0,0.0008697509765620001,0.007278442382812,0.007270812988281,0.5076388888888881,0.507754629629629,0.00011574074074
2086278908025,208627890802,5,0,2958492681,1.0,"""[0.00022792816162100002",0.00031661987304600005,0.00036430358886700004,0.000403404235839,0.00044536590576100003,0.0004920959472650001,0.000539779663085,0.0005941390991210001,0.0006637573242180001,0.0008144378662100001," 0.00164794921875]""",0.002601623535156,0.0005407333374020001,2.934034585952758,0.007566063199192,0.0,0.0008697509765620001,0.007316589355468001,0.007316589355468001,0.503935185185185,0.504050925925925,0.00011574074074
2086278908025,208627890802,5,0,2958492681,1.0,"""[0.00023365020751900002",0.00029468536376900005,0.00032615661621000004,0.00035381317138600003,0.000389099121093,0.00041866302490200006,0.00045108795166,0.000499725341796,0.000562667846679,0.000678062438964," 0.0016708374023430002]""",0.0016498565673820002,0.00047111511230400006,2.662357330322265,0.00728731136769,0.0,0.0008687973022460001,0.00726318359375,0.00726318359375,0.500231481481481,0.500347222222222,0.00011574074074
2086278908025,208627890802,5,0,2958492681,1.0,"""[0.000200271606445",0.000246047973632,0.000287055969238,0.00032329559326100003,0.000357627868652,0.00039863586425700005,0.000440597534179,0.00048065185546800006,0.000561714172363,0.0007333755493160001," 0.00145149230957]""",0.0014419555664060002,0.00043773651123000005,2.563361644744873,0.007890291512012001,0.0,0.0008697509765620001,0.00750732421875,0.00750732421875,0.502199074074074,0.502314814814814,0.00011574074074
2086278908025,208627890802,5,0,2958492681,1.0,"""[0.00022411346435500002",0.000268936157226,0.00029563903808500004,0.000319480895996,0.000341415405273,0.000369071960449,0.000401496887207,0.00043773651123000005,0.00047683715820300005,0.0005941390991210001," 0.001430511474609]""",0.0014324188232420001,0.00042533874511700004,2.688092947006225,0.00721275107935,0.0,0.0008687973022460001,0.00726318359375,0.00726318359375,0.500462962962963,0.500578703703703,0.00011574074074
2086278908025,208627890802,5,0,2958492681,1.0,"""[0.00018405914306600003",0.00022983551025300002,0.00025463104248,0.00028324127197200004,0.00031375885009700004,0.00034713745117100005,0.00037765502929600005,0.000411033630371,0.00046157836914,0.000567436218261," 0.001100540161132]""",0.0010986328125,0.00038623809814400005,2.4016072750091553,0.006903285626322001,0.0,0.0008697509765620001,0.007438659667968001,0.007438659667968001,0.502546296296296,0.502662037037037,0.00011574074074
2086278908025,208627890802,5,0,2958492681,1.0,"""[0.000260353088378",0.00047969818115200006,0.0006380081176750001,0.000819206237792,0.0015411376953120002,0.004180908203125,0.004341125488281,0.004470825195312,0.006805419921875001,0.00848388671875," 0.01470947265625]""",0.014739990234375002,0.003772735595703,2.06194806098938,0.004295390099287,0.0,0.0008697509765620001,0.008087158203125,0.007423400878906,0.509375,0.5094907407407401,0.00011574074074
2086278908025,208627890802,5,0,2958492681,1.0,"""[0.00021934509277300002",0.00032424926757800005,0.00036239624023400003,0.00040531158447200004,0.000439643859863,0.00047492980957000003,0.000516891479492,0.0005712509155270001,0.0006484985351560001,0.000761985778808," 0.001300811767578]""",0.0012874603271480001,0.000523567199707,2.472322463989257,0.007004901301115,0.0,0.0008697509765620001,0.007316589355468001,0.007316589355468001,0.503587962962962,0.503703703703703,0.00011574074074
2086278908025,208627890802,5,0,2958492681,1.0,"""[0.000311851501464",0.0004920959472650001,0.0005521774291990001,0.0005989074707030001,0.000646591186523,0.000688552856445,0.0007486343383780001,0.0008068084716790001,0.0008974075317380001,0.001100540161132," 0.001911163330078]""",0.0028648376464840003,0.0007534027099600001,3.035309553146362,0.008799620904028001,0.0,0.0008697509765620001,0.007278442382812,0.007278442382812,0.5055555555555551,0.505671296296296,0.00011574074074
2086278908025,208627890802,5,0,2958492681,1.0,"""[0.00035476684570300005",0.000500679016113,0.000567436218261,0.0006294250488280001,0.000683784484863,0.000737190246582,0.00079345703125,0.0008630752563470001,0.0009384155273430001,0.001079559326171," 0.001857757568359]""",0.00186538696289,0.0007772445678710001,2.606842279434204,0.008913810364902,0.0,0.0008697509765620001,0.007278442382812,0.007278442382812,0.5057870370370371,0.505902777777777,0.00011574074074
2086278908025,208627890802,5,0,2958492681,1.0,"""[0.00034523010253900005",0.0004920959472650001,0.0005531311035150001,0.0006103515625,0.0006551742553710001,0.0007057189941400001,0.0007543563842770001,0.000822067260742,0.0008974075317380001,0.001068115234375," 0.001956939697265]""",0.001953125,0.000758171081542,2.909045696258544,0.009218843653798001,0.0,0.0008697509765620001,0.007278442382812,0.007270812988281,0.507754629629629,0.5078703703703701,0.00011574074074
2086278908025,208627890802,5,0,2958492681,1.0,"""[0.00022506713867100002",0.000329971313476,0.000382423400878,0.00042533874511700004,0.000460624694824,0.000493049621582,0.000528335571289,0.000578880310058,0.000642776489257,0.0008144378662100001," 0.0015010833740230001]""",0.0015010833740230001,0.000538825988769,3.366777420043945,0.010660934261977001,0.0,0.0008697509765620001,0.007270812988281,0.007164001464843001,0.5081018518518511,0.508217592592592,0.00011574074074
2086278908025,208627890802,5,0,2958492681,0.990000009536743,"""[0.00024223327636700001",0.00036334991455000003,0.00040435791015600004,0.00043869018554600005,0.000473976135253,0.000506401062011,0.000543594360351,0.000592231750488,0.000651359558105,0.000741958618164," 0.002002716064453]""",0.0045166015625,0.000555992126464,3.075726270675659,0.010355783626437002,0.0,0.0008697509765620001,0.007278442382812,0.007278442382812,0.5083333333333331,0.508449074074074,0.00011574074074
2086278908025,208627890802,5,0,2958492681,1.0,"""[0.000289916992187",0.00039577484130800004,0.00046920776367100005,0.0005111694335930001,0.000567436218261,0.000611305236816,0.000665664672851,0.000727653503417,0.0008153915405270001,0.0009546279907220001," 0.0017414093017570002]""",0.0023002624511710003,0.000664710998535,3.136648416519165,0.009065911173820001,0.0,0.0008697509765620001,0.007278442382812,0.007278442382812,0.5048611111111111,0.504976851851851,0.00011574074074
2086278908025,208627890802,5,0,2958492681,1.0,"""[0.00020694732666000002",0.000249862670898,0.000275611877441,0.00029277801513600003,0.000311851501464,0.000335693359375,0.00036334991455000003,0.00040054321289,0.000440597534179,0.00053596496582," 0.0010967254638670001]""",0.0010967254638670001,0.000381469726562,2.841835975646972,0.006637684069573001,0.0,0.0008697509765620001,0.007255554199218001,0.007255554199218001,0.501041666666666,0.501157407407407,0.00011574074074
2086278908025,208627890802,5,0,2958492681,1.0,"""[0.00034713745117100005",0.00045776367187500005,0.0005340576171870001,0.000578880310058,0.0006189346313470001,0.000653266906738,0.0007095336914060001,0.000772476196289,0.000852584838867,0.00099754333496," 0.001972198486328]""",0.001972198486328,0.0007095336914060001,2.17594313621521,0.006343330722302001,0.0,0.0008697509765620001,0.007278442382812,0.007278442382812,0.5053240740740741,0.505439814814814,0.00011574074074
2086278908025,208627890802,5,0,2958492681,1.0,"""[0.00034427642822200004",0.000538825988769,0.000616073608398,0.0006790161132810001,0.0007476806640620001,0.00079345703125,0.0008430480957030001,0.0009231567382810001,0.001016616821289,0.001178741455078," 0.0022239685058590003]""",0.002227783203125,0.000842094421386,3.066738843917846,0.011336149647831001,0.0,0.0008697509765620001,0.007278442382812,0.007270812988281,0.507523148148148,0.5076388888888881,0.00011574074074
2086278908025,208627890802,5,0,2958492681,1.0,"""[0.0001802444458",0.00020217895507800002,0.000222206115722,0.00023460388183500002,0.000246047973632,0.000258445739746,0.00027275085449200004,0.000288963317871,0.000306129455566,0.000348091125488," 0.008499145507812]""",0.008499145507812,0.00037574768066400005,2.677034378051757,0.006313075777143001,0.0,0.0008697509765620001,0.007255554199218001,0.003421783447265,0.501736111111111,0.501851851851851,0.00011574074074
