UniqJobId,collection_id,instance_index,priority,machine_id,sample_rate,cpu_usage_distribution1,cpu_usage_distribution2,cpu_usage_distribution3,cpu_usage_distribution4,cpu_usage_distribution5,cpu_usage_distribution6,cpu_usage_distribution7,cpu_usage_distribution8,cpu_usage_distribution9,cpu_usage_distribution10,cpu_usage_distribution11,max_cpu,avg_cpu,cycles_per_instruction,memory_accesses_per_instruction,assigned_memory,page_cache_memory,max_memory,avg_memory,start_time,end_time,time_window
2153259885570,215325988557,0,0,1715004957,1.0,"""[0.000116348266601",0.000125885009765,0.000134468078613,0.00014114379882800002,0.00014686584472600002,0.000153541564941,0.00015926361083900002,0.000165939331054,0.00017166137695300002,0.000195503234863," 0.0007219314575190001]""",0.0007209777832030001,0.00016307830810500002,4.5162353515625,0.012423085980117002,0.0006265640258780001,0.000134468078613,0.00040531158447200004,0.00040435791015600004,0.501967592592592,0.502083333333333,0.00011574074074
2153259885570,215325988557,0,0,1715004957,1.0,"""[0.0001220703125",0.00013256072998000002,0.00013828277587800002,0.000144004821777,0.000149726867675,0.000155448913574,0.000161170959472,0.00016689300537100002,0.00017261505126900002,0.00019454956054600002," 0.0006141662597650001]""",0.000615119934082,0.00016403198242100002,4.443236351013183,0.011982919648289,0.0006265640258780001,0.000134468078613,0.00040626525878900005,0.00040531158447200004,0.5081018518518511,0.508217592592592,0.00011574074074
2153259885570,215325988557,0,0,1715004957,1.0,"""[0.000110626220703",0.00011825561523400002,0.000124931335449,0.00013256072998000002,0.000140190124511,0.00014781951904200002,0.000155448913574,0.00016212463378900002,0.00016975402832,0.00019359588623000002," 0.0008087158203120001]""",0.0008087158203120001,0.00015735626220700002,4.217160701751709,0.011961992830038001,0.0006265640258780001,0.000134468078613,0.00040626525878900005,0.00040531158447200004,0.50474537037037,0.5048611111111111,0.00011574074074
2153259885570,215325988557,0,0,1715004957,1.0,"""[0.00011730194091700002",0.000123977661132,0.00013160705566400002,0.00013828277587800002,0.000144958496093,0.00015163421630800001,0.00015735626220700002,0.00016403198242100002,0.000170707702636,0.00018501281738200003," 0.0005826950073240001]""",0.000720024108886,0.00015830993652300002,3.932710647583007,0.011264540255069,0.0006265640258780001,0.000134468078613,0.00040626525878900005,0.00040435791015600004,0.504976851851851,0.5050925925925921,0.00011574074074
2153259885570,215325988557,0,0,1715004957,1.0,"""[0.00011920928955000001",0.000127792358398,0.000135421752929,0.00014114379882800002,0.00014686584472600002,0.000152587890625,0.00015830993652300002,0.00016403198242100002,0.00016975402832,0.000175476074218," 0.0006551742553710001]""",0.0006551742553710001,0.000154495239257,4.54908561706543,0.011641647666692002,0.0006265640258780001,0.000134468078613,0.00040531158447200004,0.00040435791015600004,0.5069444444444441,0.507060185185185,0.00011574074074
2153259885570,215325988557,0,0,1715004957,1.0,"""[0.00011825561523400002",0.000125885009765,0.00013256072998000002,0.000139236450195,0.00014591217041000002,0.00015163421630800001,0.00015830993652300002,0.000164985656738,0.000170707702636,0.00018978118896400002," 0.000516891479492]""",0.000798225402832,0.00015640258789,4.437703609466552,0.011209362186491,0.0006265640258780001,0.000134468078613,0.00040531158447200004,0.00040435791015600004,0.5055555555555551,0.505671296296296,0.00011574074074
2153259885570,215325988557,0,0,1715004957,1.0,"""[0.00012016296386700001",0.00013256072998000002,0.00013828277587800002,0.000144004821777,0.000149726867675,0.000155448913574,0.000161170959472,0.00016689300537100002,0.00017261505126900002,0.00019836425781200002," 0.0005874633789060001]""",0.0008249282836910001,0.00016307830810500002,4.58140230178833,0.011979243718087,0.0006265640258780001,0.000134468078613,0.00040626525878900005,0.00040531158447200004,0.5057870370370371,0.505902777777777,0.00011574074074
2153259885570,215325988557,0,0,1715004957,1.0,"""[0.000123977661132",0.00013351440429600002,0.000139236450195,0.000144958496093,0.000149726867675,0.000155448913574,0.000161170959472,0.00016689300537100002,0.00017261505126900002,0.00019741058349600002," 0.000532150268554]""",0.000532150268554,0.000161170959472,4.752527713775634,0.013806059025228001,0.0006265640258780001,0.000134468078613,0.00040531158447200004,0.00040435791015600004,0.507754629629629,0.5078703703703701,0.00011574074074
2153259885570,215325988557,0,0,1715004957,1.0,"""[0.00012016296386700001",0.00013351440429600002,0.00013828277587800002,0.000144004821777,0.000149726867675,0.000155448913574,0.000160217285156,0.000165939331054,0.00017166137695300002,0.000186920166015," 0.000639915466308]""",0.000639915466308,0.000160217285156,4.59614372253418,0.011551696807146001,0.0006265640258780001,0.000134468078613,0.00040626525878900005,0.00040626525878900005,0.504166666666666,0.504282407407407,0.00011574074074
2153259885570,215325988557,0,0,1715004957,1.0,"""[0.000116348266601",0.000123023986816,0.000129699707031,0.00013637542724600002,0.00014305114746000002,0.000149726867675,0.00015640258789,0.00016307830810500002,0.00016975402832,0.000175476074218," 0.0006256103515620001]""",0.0006265640258780001,0.00015640258789,4.810812950134277,0.013114846311509,0.0006265640258780001,0.000134468078613,0.00040531158447200004,0.00040435791015600004,0.5064814814814811,0.506597222222222,0.00011574074074
2153259885570,215325988557,0,0,1715004957,1.0,"""[0.000107765197753",0.00012016296386700001,0.00013256072998000002,0.000139236450195,0.000144958496093,0.00015163421630800001,0.00015830993652300002,0.00016403198242100002,0.000170707702636,0.00018405914306600003," 0.0005941390991210001]""",0.000798225402832,0.00015926361083900002,4.083495616912841,0.010567649267613001,0.0006265640258780001,0.000134468078613,0.00040721893310500005,0.00040626525878900005,0.508449074074074,0.5085648148148141,0.00011574074074
2153259885570,215325988557,0,0,1715004957,1.0,"""[0.0001220703125",0.000129699707031,0.00013637542724600002,0.00014209747314400002,0.00014781951904200002,0.000153541564941,0.00015926361083900002,0.000165939331054,0.00017166137695300002,0.000190734863281," 0.000666618347167]""",0.000666618347167,0.000160217285156,4.637259006500244,0.012505426071584001,0.0006265640258780001,0.000134468078613,0.00040721893310500005,0.00040626525878900005,0.502662037037037,0.502777777777777,0.00011574074074
2153259885570,215325988557,0,0,1715004957,1.0,"""[0.00011825561523400002",0.000128746032714,0.00013637542724600002,0.00014209747314400002,0.00014781951904200002,0.000153541564941,0.00015926361083900002,0.000165939331054,0.00017166137695300002,0.000191688537597," 0.000558853149414]""",0.0005578994750970001,0.00016307830810500002,4.423009395599365,0.012069156393408002,0.0006265640258780001,0.000134468078613,0.00040435791015600004,0.00040435791015600004,0.5050925925925921,0.505208333333333,0.00011574074074
2153259885570,215325988557,0,0,1715004957,1.0,"""[0.000115394592285",0.000125885009765,0.000134468078613,0.000140190124511,0.00014686584472600002,0.000152587890625,0.00015830993652300002,0.000164985656738,0.000170707702636,0.000186920166015," 0.0006074905395500001]""",0.000608444213867,0.00015926361083900002,4.804243087768554,0.01269478816539,0.0006265640258780001,0.000134468078613,0.00040435791015600004,0.00040435791015600004,0.505208333333333,0.5053240740740741,0.00011574074074
2153259885570,215325988557,0,0,1715004957,1.0,"""[0.000116348266601",0.000128746032714,0.00013637542724600002,0.00014209747314400002,0.00014781951904200002,0.000153541564941,0.000160217285156,0.000165939331054,0.00017166137695300002,0.000191688537597," 0.0006322860717770001]""",0.0006322860717770001,0.000161170959472,4.431851863861084,0.012157287448644001,0.0006265640258780001,0.000134468078613,0.00040531158447200004,0.00040435791015600004,0.501736111111111,0.501851851851851,0.00011574074074
2153259885570,215325988557,0,0,1715004957,1.0,"""[0.000112533569335",0.000127792358398,0.00013637542724600002,0.00014209747314400002,0.00014781951904200002,0.000153541564941,0.000160217285156,0.000165939331054,0.00017166137695300002,0.00019359588623000002," 0.000591278076171]""",0.000635147094726,0.00015926361083900002,4.65499210357666,0.013124663382768001,0.0006265640258780001,0.000134468078613,0.00040435791015600004,0.000403404235839,0.5076388888888881,0.507754629629629,0.00011574074074
2153259885570,215325988557,0,0,1715004957,1.0,"""[0.00012016296386700001",0.00013351440429600002,0.000139236450195,0.000144958496093,0.000149726867675,0.000155448913574,0.000161170959472,0.000165939331054,0.00017166137695300002,0.00018882751464800002," 0.00096321105957]""",0.00096321105957,0.00016403198242100002,4.5162353515625,0.012423085980117002,0.0006265640258780001,0.000134468078613,0.00040531158447200004,0.00040531158447200004,0.501851851851851,0.501967592592592,0.00011574074074
2153259885570,215325988557,0,0,1715004957,1.0,"""[0.00012111663818300001",0.00013256072998000002,0.00013828277587800002,0.000144958496093,0.00015068054199200001,0.00015640258789,0.00016212463378900002,0.00016784667968700002,0.00017356872558500002,0.000205039978027," 0.00039672851562500005]""",0.00039672851562500005,0.00016307830810500002,4.34157133102417,0.012593599036335001,0.0006265640258780001,0.000134468078613,0.00040626525878900005,0.00040531158447200004,0.5001157407407401,0.500231481481481,0.00011574074074
2153259885570,215325988557,0,0,1715004957,1.0,"""[0.000111579895019",0.00011730194091700002,0.000123023986816,0.000128746032714,0.00013637542724600002,0.000144004821777,0.00015163421630800001,0.00015926361083900002,0.00016689300537100002,0.000175476074218," 0.0005769729614250001]""",0.000651359558105,0.000152587890625,4.34157133102417,0.012593599036335001,0.0006265640258780001,0.000134468078613,0.00040531158447200004,0.00040435791015600004,0.500231481481481,0.500347222222222,0.00011574074074
2153259885570,215325988557,0,0,1715004957,1.0,"""[0.000115394592285",0.000124931335449,0.000134468078613,0.000140190124511,0.00014686584472600002,0.000152587890625,0.00015926361083900002,0.000165939331054,0.00017166137695300002,0.000195503234863," 0.000621795654296]""",0.000622749328613,0.000160217285156,4.566650390625,0.011779728345572001,0.0006265640258780001,0.000134468078613,0.00040626525878900005,0.00040531158447200004,0.502430555555555,0.502546296296296,0.00011574074074
2153259885570,215325988557,0,0,1715004957,1.0,"""[0.00011825561523400002",0.00013256072998000002,0.00013828277587800002,0.000144004821777,0.000149726867675,0.000155448913574,0.000161170959472,0.00016689300537100002,0.00017261505126900002,0.00019741058349600002," 0.0005407333374020001]""",0.000554084777832,0.00016307830810500002,4.76991844177246,0.012755152769386002,0.0006265640258780001,0.000134468078613,0.00040626525878900005,0.00040626525878900005,0.502777777777777,0.502893518518518,0.00011574074074
2153259885570,215325988557,0,0,1715004957,1.0,"""[0.000110626220703",0.000126838684082,0.00013637542724600002,0.00014209747314400002,0.00014781951904200002,0.000154495239257,0.000160217285156,0.000165939331054,0.00017166137695300002,0.00019836425781200002," 0.0006332397460930001]""",0.0007247924804680001,0.00016307830810500002,5.125080108642578,0.013423729687929,0.0006265640258780001,0.000134468078613,0.00040626525878900005,0.00040626525878900005,0.502893518518518,0.503009259259259,0.00011574074074
2153259885570,215325988557,0,0,1715004957,1.0,"""[0.00011920928955000001",0.00013256072998000002,0.00013828277587800002,0.000144004821777,0.000149726867675,0.000155448913574,0.000161170959472,0.00016784667968700002,0.00017356872558500002,0.00020313262939400002," 0.000548362731933]""",0.000548362731933,0.000161170959472,3.932710647583007,0.011264540255069,0.0006265640258780001,0.000134468078613,0.00040531158447200004,0.00040435791015600004,0.5048611111111111,0.504976851851851,0.00011574074074
2153259885570,215325988557,0,0,1715004957,1.0,"""[0.000109672546386",0.00011920928955000001,0.000129699707031,0.00013732910156200002,0.000144004821777,0.00015163421630800001,0.00015830993652300002,0.000165939331054,0.00017261505126900002,0.00020408630371000002," 0.000670433044433]""",0.000670433044433,0.00015735626220700002,3.9797887802124023,0.012361801229417001,0.0006265640258780001,0.000134468078613,0.00040721893310500005,0.00040435791015600004,0.503356481481481,0.503472222222222,0.00011574074074
2153259885570,215325988557,0,0,1715004957,1.0,"""[0.00011730194091700002",0.000126838684082,0.000134468078613,0.00014114379882800002,0.00014686584472600002,0.000153541564941,0.00015926361083900002,0.000164985656738,0.00017166137695300002,0.00019454956054600002," 0.0006065368652340001]""",0.0006065368652340001,0.00015735626220700002,4.353639125823974,0.011019377037882002,0.0006265640258780001,0.000134468078613,0.00040626525878900005,0.00040435791015600004,0.507291666666666,0.5074074074074071,0.00011574074074
2153259885570,215325988557,0,0,1715004957,1.0,"""[0.0001220703125",0.000134468078613,0.000139236450195,0.000144958496093,0.00015068054199200001,0.00015640258789,0.000161170959472,0.00016689300537100002,0.00017261505126900002,0.00019741058349600002," 0.0007410049438470001]""",0.0007410049438470001,0.000165939331054,4.420743942260742,0.012341424822807001,0.0006265640258780001,0.000134468078613,0.00040531158447200004,0.00040531158447200004,0.5092592592592591,0.509375,0.00011574074074
2153259885570,215325988557,0,0,1715004957,1.0,"""[0.000112533569335",0.00012016296386700001,0.000127792358398,0.000135421752929,0.00014209747314400002,0.000149726867675,0.00015640258789,0.00016403198242100002,0.000170707702636,0.00019264221191400002," 0.0006294250488280001]""",0.0006303787231440001,0.000155448913574,4.437703609466552,0.011209362186491,0.0006265640258780001,0.000134468078613,0.00040626525878900005,0.00040531158447200004,0.505671296296296,0.5057870370370371,0.00011574074074
2153259885570,215325988557,0,0,1715004957,1.0,"""[0.00011825561523400002",0.000125885009765,0.000134468078613,0.000140190124511,0.00014591217041000002,0.00015163421630800001,0.00015735626220700002,0.00016307830810500002,0.00016975402832,0.000175476074218," 0.0005712509155270001]""",0.0005712509155270001,0.000154495239257,5.092857837677002,0.013660014607012001,0.0006265640258780001,0.000134468078613,0.00040531158447200004,0.00040435791015600004,0.503819444444444,0.503935185185185,0.00011574074074
2153259885570,215325988557,0,0,1715004957,1.0,"""[0.000112533569335",0.000130653381347,0.00013732910156200002,0.00014305114746000002,0.000148773193359,0.000154495239257,0.000160217285156,0.000165939331054,0.00017166137695300002,0.00019264221191400002," 0.000861167907714]""",0.0008697509765620001,0.000161170959472,4.878006935119628,0.013568332418799001,0.0006265640258780001,0.000134468078613,0.00040531158447200004,0.00040435791015600004,0.505902777777777,0.5060185185185181,0.00011574074074
2153259885570,215325988557,0,0,1715004957,1.0,"""[0.000114440917968",0.000124931335449,0.000134468078613,0.000140190124511,0.00014591217041000002,0.000152587890625,0.00015830993652300002,0.000164985656738,0.000170707702636,0.00018501281738200003," 0.000539779663085]""",0.000542640686035,0.00015640258789,4.810812950134277,0.013114846311509,0.0006265640258780001,0.000134468078613,0.00040435791015600004,0.00040435791015600004,0.50636574074074,0.5064814814814811,0.00011574074074
2153259885570,215325988557,0,0,1715004957,1.0,"""[0.000116348266601",0.000123023986816,0.000129699707031,0.00013637542724600002,0.00014305114746000002,0.000149726867675,0.00015640258789,0.00016307830810500002,0.00016975402832,0.000175476074218," 0.000409126281738]""",0.000409126281738,0.000152587890625,3.893398284912109,0.010036912746727,0.0006265640258780001,0.000134468078613,0.00040626525878900005,0.00040626525878900005,0.5085648148148141,0.508680555555555,0.00011574074074
2153259885570,215325988557,0,0,1715004957,1.0,"""[0.00011825561523400002",0.000126838684082,0.000134468078613,0.000140190124511,0.00014686584472600002,0.000152587890625,0.00015926361083900002,0.000164985656738,0.00017166137695300002,0.00019264221191400002," 0.000513076782226]""",0.0006675720214840001,0.00015830993652300002,4.384670257568359,0.011779660359025002,0.0006265640258780001,0.000134468078613,0.00040626525878900005,0.00040531158447200004,0.501041666666666,0.501157407407407,0.00011574074074
2153259885570,215325988557,0,0,1715004957,1.0,"""[0.000113487243652",0.000125885009765,0.000135421752929,0.00014114379882800002,0.00014686584472600002,0.000153541564941,0.00015926361083900002,0.000165939331054,0.00017166137695300002,0.000191688537597," 0.0007715225219720001]""",0.0007715225219720001,0.00015926361083900002,5.125080108642578,0.013423729687929,0.0006265640258780001,0.000134468078613,0.00040626525878900005,0.00040531158447200004,0.503009259259259,0.5031249999999999,0.00011574074074
2153259885570,215325988557,0,0,1715004957,1.0,"""[0.000113487243652",0.00011920928955000001,0.000123977661132,0.000129699707031,0.00013637542724600002,0.000144004821777,0.000152587890625,0.000160217285156,0.00016880035400300002,0.00018501281738200003," 0.0006866455078120001]""",0.0006866455078120001,0.000154495239257,4.059967994689941,0.010877161286771,0.0006265640258780001,0.000134468078613,0.00040531158447200004,0.00040435791015600004,0.508912037037037,0.5090277777777771,0.00011574074074
2153259885570,215325988557,0,0,1715004957,1.0,"""[0.000115394592285",0.000123023986816,0.000130653381347,0.00013732910156200002,0.000144004821777,0.00015068054199200001,0.00015640258789,0.00016307830810500002,0.00016975402832,0.000175476074218," 0.0006561279296870001]""",0.0006561279296870001,0.00015640258789,4.311599254608154,0.011385216377675,0.0006265640258780001,0.000134468078613,0.00040626525878900005,0.00040531158447200004,0.501157407407407,0.501273148148148,0.00011574074074
2153259885570,215325988557,0,0,1715004957,1.0,"""[0.00012111663818300001",0.00013160705566400002,0.00013828277587800002,0.000144004821777,0.000149726867675,0.00015640258789,0.00016212463378900002,0.00016784667968700002,0.00017356872558500002,0.000201225280761," 0.000664710998535]""",0.000665664672851,0.00016212463378900002,4.915873050689697,0.013229750096797001,0.0006265640258780001,0.000134468078613,0.00040531158447200004,0.00040531158447200004,0.5031249999999999,0.50324074074074,0.00011574074074
2153259885570,215325988557,0,0,1715004957,1.0,"""[0.00011920928955000001",0.000124931335449,0.00013160705566400002,0.00013828277587800002,0.000144958496093,0.00015068054199200001,0.00015735626220700002,0.00016403198242100002,0.000170707702636,0.000185966491699," 0.000616073608398]""",0.000617027282714,0.00015640258789,3.9797887802124023,0.012361801229417001,0.0006265640258780001,0.000134468078613,0.00040531158447200004,0.00040531158447200004,0.50324074074074,0.503356481481481,0.00011574074074
2153259885570,215325988557,0,0,1715004957,1.0,"""[0.000116348266601",0.000124931335449,0.00013256072998000002,0.000139236450195,0.00014591217041000002,0.00015163421630800001,0.00015830993652300002,0.000164985656738,0.000170707702636,0.00018787384033200002," 0.0006256103515620001]""",0.0006256103515620001,0.00015830993652300002,4.938467979431152,0.014769119210541002,0.0006265640258780001,0.000134468078613,0.00040626525878900005,0.00040531158447200004,0.500810185185185,0.500925925925925,0.00011574074074
2153259885570,215325988557,0,0,1715004957,1.0,"""[0.000123023986816",0.00013256072998000002,0.000139236450195,0.000144958496093,0.00015068054199200001,0.00015640258789,0.00016212463378900002,0.00016784667968700002,0.000174522399902,0.000205993652343," 0.0006990432739250001]""",0.0006990432739250001,0.000164985656738,3.893398284912109,0.010036912746727,0.0006265640258780001,0.000134468078613,0.00040626525878900005,0.00040531158447200004,0.508680555555555,0.5087962962962961,0.00011574074074
2153259885570,215325988557,0,0,1715004957,1.0,"""[0.00012016296386700001",0.000127792358398,0.000135421752929,0.00014114379882800002,0.00014686584472600002,0.000152587890625,0.00015830993652300002,0.00016403198242100002,0.00016975402832,0.000175476074218," 0.0007047653198240001]""",0.0007038116455070001,0.00015735626220700002,4.938467979431152,0.014769119210541002,0.0006265640258780001,0.000134468078613,0.00040626525878900005,0.00040531158447200004,0.500925925925925,0.501041666666666,0.00011574074074
2153259885570,215325988557,0,0,1715004957,1.0,"""[0.000114440917968",0.000125885009765,0.000134468078613,0.00014114379882800002,0.00014686584472600002,0.000153541564941,0.00015926361083900002,0.000165939331054,0.00017166137695300002,0.000196456909179," 0.000665664672851]""",0.000666618347167,0.00016212463378900002,4.628193378448486,0.011981335468590001,0.0006265640258780001,0.000134468078613,0.00040531158447200004,0.00040435791015600004,0.505439814814814,0.5055555555555551,0.00011574074074
2153259885570,215325988557,0,0,1715004957,1.0,"""[0.000124931335449",0.00013256072998000002,0.00013828277587800002,0.000144004821777,0.000149726867675,0.000155448913574,0.000161170959472,0.00016689300537100002,0.00017261505126900002,0.000196456909179," 0.000611305236816]""",0.0006103515625,0.000164985656738,4.618007659912109,0.011644498445093,0.0006265640258780001,0.000134468078613,0.00040626525878900005,0.00040531158447200004,0.503935185185185,0.504050925925925,0.00011574074074
2153259885570,215325988557,0,0,1715004957,1.0,"""[0.000123023986816",0.00013351440429600002,0.000139236450195,0.000144958496093,0.000149726867675,0.000155448913574,0.000161170959472,0.00016689300537100002,0.00017261505126900002,0.00019836425781200002," 0.0006570816040030001]""",0.0006570816040030001,0.000165939331054,4.878006935119628,0.013568332418799001,0.0006265640258780001,0.000134468078613,0.00040531158447200004,0.00040435791015600004,0.5060185185185181,0.506134259259259,0.00011574074074
2153259885570,215325988557,0,0,1715004957,1.0,"""[0.000113487243652",0.00012016296386700001,0.000127792358398,0.000134468078613,0.00014114379882800002,0.000148773193359,0.000155448913574,0.00016212463378900002,0.00016880035400300002,0.000175476074218," 0.0007715225219720001]""",0.000772476196289,0.00015640258789,4.878006935119628,0.013568332418799001,0.0006265640258780001,0.000134468078613,0.000411033630371,0.00040435791015600004,0.506134259259259,0.5062500000000001,0.00011574074074
2153259885570,215325988557,0,0,1715004957,1.0,"""[0.000115394592285",0.00013256072998000002,0.00013828277587800002,0.000144004821777,0.000149726867675,0.000155448913574,0.000161170959472,0.00016689300537100002,0.00017261505126900002,0.00019931793212800002," 0.0006017684936520001]""",0.0006790161132810001,0.00016212463378900002,4.5223493576049805,0.011324408464133,0.0006265640258780001,0.000134468078613,0.00040626525878900005,0.00040626525878900005,0.502314814814814,0.502430555555555,0.00011574074074
2153259885570,215325988557,0,0,1715004957,1.0,"""[0.00011730194091700002",0.00013351440429600002,0.000139236450195,0.000144004821777,0.000149726867675,0.000155448913574,0.000160217285156,0.000165939331054,0.00017166137695300002,0.00018787384033200002," 0.0006313323974600001]""",0.0006313323974600001,0.00016212463378900002,4.8646063804626465,0.013477892614901002,0.0006265640258780001,0.000134468078613,0.00040531158447200004,0.00040435791015600004,0.5062500000000001,0.50636574074074,0.00011574074074
2153259885570,215325988557,0,0,1715004957,1.0,"""[0.00012111663818300001",0.00013351440429600002,0.000139236450195,0.000144958496093,0.00015068054199200001,0.00015640258789,0.00016212463378900002,0.00016689300537100002,0.00017261505126900002,0.00019931793212800002," 0.0007019042968750001]""",0.0007019042968750001,0.00016307830810500002,4.343318939208984,0.012599967420101001,0.0006265640258780001,0.000134468078613,0.00040531158447200004,0.00040435791015600004,0.500462962962963,0.500578703703703,0.00011574074074
2153259885570,215325988557,0,0,1715004957,1.0,"""[0.000116348266601",0.000130653381347,0.00013732910156200002,0.00014305114746000002,0.000148773193359,0.000154495239257,0.000160217285156,0.000165939331054,0.00017261505126900002,0.00019836425781200002," 0.0006933212280270001]""",0.0006933212280270001,0.000164985656738,4.866827011108398,0.013247283175587002,0.0006265640258780001,0.000134468078613,0.00040626525878900005,0.00040531158447200004,0.504398148148148,0.504513888888888,0.00011574074074
2153259885570,215325988557,0,0,1715004957,1.0,"""[0.000111579895019",0.00011825561523400002,0.000123977661132,0.000130653381347,0.00013828277587800002,0.000144958496093,0.000152587890625,0.000160217285156,0.00016784667968700002,0.000174522399902," 0.000640869140625]""",0.0007600784301750001,0.00015068054199200001,4.938467979431152,0.014769119210541002,0.0006265640258780001,0.000134468078613,0.00040626525878900005,0.00040531158447200004,0.500578703703703,0.500694444444444,0.00011574074074
2153259885570,215325988557,0,0,1715004957,1.0,"""[0.00012016296386700001",0.00013160705566400002,0.00013732910156200002,0.00014305114746000002,0.000148773193359,0.000155448913574,0.000161170959472,0.00016689300537100002,0.00017261505126900002,0.00019741058349600002," 0.000628471374511]""",0.000628471374511,0.000160217285156,4.9475274085998535,0.013752799481153,0.0006265640258780001,0.000134468078613,0.00040721893310500005,0.00040626525878900005,0.504513888888888,0.504629629629629,0.00011574074074
2153259885570,215325988557,0,0,1715004957,1.0,"""[0.000123023986816",0.00013351440429600002,0.000139236450195,0.000144958496093,0.00015068054199200001,0.000155448913574,0.000161170959472,0.00016689300537100002,0.00017261505126900002,0.000191688537597," 0.00062084197998]""",0.000737190246582,0.000161170959472,4.54908561706543,0.011641647666692002,0.0006265640258780001,0.000134468078613,0.00040531158447200004,0.00040531158447200004,0.507060185185185,0.5071759259259261,0.00011574074074
2153259885570,215325988557,0,0,1715004957,1.0,"""[0.00011730194091700002",0.000125885009765,0.00013351440429600002,0.000139236450195,0.00014591217041000002,0.00015163421630800001,0.00015735626220700002,0.00016403198242100002,0.00016975402832,0.000175476074218," 0.000696182250976]""",0.000697135925292,0.00015735626220700002,4.398799419403076,0.012586372904479,0.0006265640258780001,0.000134468078613,0.00040531158447200004,0.00040435791015600004,0.5090277777777771,0.509143518518518,0.00011574074074
2153259885570,215325988557,0,0,1715004957,1.0,"""[0.00012016296386700001",0.00013256072998000002,0.00013828277587800002,0.000144004821777,0.000149726867675,0.000155448913574,0.000161170959472,0.00016784667968700002,0.00017356872558500002,0.000200271606445," 0.0005340576171870001]""",0.0005340576171870001,0.000161170959472,4.299842357635498,0.011741472408175,0.0006265640258780001,0.000134468078613,0.00040531158447200004,0.00040435791015600004,0.501504629629629,0.50162037037037,0.00011574074074
2153259885570,215325988557,0,0,1715004957,1.0,"""[0.00012016296386700001",0.000127792358398,0.000135421752929,0.00014114379882800002,0.00014781951904200002,0.000153541564941,0.000160217285156,0.000165939331054,0.00017261505126900002,0.000195503234863," 0.000605583190917]""",0.000605583190917,0.000161170959472,4.050805568695068,0.012444632127881002,0.0006265640258780001,0.000134468078613,0.00040435791015600004,0.00040435791015600004,0.503472222222222,0.503587962962962,0.00011574074074
2153259885570,215325988557,0,0,1715004957,1.0,"""[0.00012016296386700001",0.000126838684082,0.000134468078613,0.000140190124511,0.00014591217041000002,0.000152587890625,0.00015830993652300002,0.00016403198242100002,0.000170707702636,0.00018119812011700001," 0.000627517700195]""",0.0010204315185540001,0.000160217285156,5.092857837677002,0.013660014607012001,0.0006265640258780001,0.000134468078613,0.00040435791015600004,0.000403404235839,0.503587962962962,0.503703703703703,0.00011574074074
2153259885570,215325988557,0,0,1715004957,1.0,"""[0.000110626220703",0.00012016296386700001,0.000129699707031,0.00013732910156200002,0.000144004821777,0.00015068054199200001,0.00015735626220700002,0.00016307830810500002,0.00016975402832,0.00018310546875," 0.000586509704589]""",0.000586509704589,0.000161170959472,4.59614372253418,0.011551696807146001,0.0006265640258780001,0.000134468078613,0.00040626525878900005,0.00040531158447200004,0.504050925925925,0.504166666666666,0.00011574074074
2153259885570,215325988557,0,0,1715004957,1.0,"""[0.000115394592285",0.00013160705566400002,0.00013732910156200002,0.00014305114746000002,0.000148773193359,0.000154495239257,0.000160217285156,0.000164985656738,0.000170707702636,0.00018215179443300001," 0.0005216598510740001]""",0.000711441040039,0.00015830993652300002,4.752527713775634,0.013806059025228001,0.0006265640258780001,0.000134468078613,0.00040626525878900005,0.00040531158447200004,0.507986111111111,0.5081018518518511,0.00011574074074
2153259885570,215325988557,0,0,1715004957,1.0,"""[0.000127792358398",0.000134468078613,0.000140190124511,0.00014591217041000002,0.00015068054199200001,0.00015640258789,0.00016212463378900002,0.00016689300537100002,0.00017261505126900002,0.00019836425781200002," 0.0006027221679680001]""",0.0006027221679680001,0.00016307830810500002,4.5223493576049805,0.011324408464133,0.0006265640258780001,0.000134468078613,0.00040626525878900005,0.00040531158447200004,0.502199074074074,0.502314814814814,0.00011574074074
2153259885570,215325988557,0,0,1715004957,1.0,"""[0.0001220703125",0.00013351440429600002,0.000139236450195,0.000144958496093,0.00015068054199200001,0.000155448913574,0.000161170959472,0.00016689300537100002,0.00017261505126900002,0.000195503234863," 0.000921249389648]""",0.000920295715332,0.00016307830810500002,4.59614372253418,0.011551696807146001,0.0006265640258780001,0.000134468078613,0.00040626525878900005,0.00040531158447200004,0.504282407407407,0.504398148148148,0.00011574074074
2153259885570,215325988557,0,0,1715004957,1.0,"""[0.00011825561523400002",0.000126838684082,0.000134468078613,0.00014114379882800002,0.00014686584472600002,0.000153541564941,0.00015926361083900002,0.000165939331054,0.00017166137695300002,0.00019454956054600002," 0.0006332397460930001]""",0.0006332397460930001,0.000160217285156,4.637259006500244,0.012505426071584001,0.0006265640258780001,0.000134468078613,0.00040721893310500005,0.00040626525878900005,0.502546296296296,0.502662037037037,0.00011574074074
2153259885570,215325988557,0,0,1715004957,1.0,"""[0.000113487243652",0.00012111663818300001,0.000129699707031,0.00013637542724600002,0.00014305114746000002,0.000149726867675,0.00015640258789,0.00016307830810500002,0.00016975402832,0.0001802444458," 0.000605583190917]""",0.000605583190917,0.00015640258789,4.54908561706543,0.011641647666692002,0.0006265640258780001,0.000134468078613,0.00040531158447200004,0.00040435791015600004,0.506828703703703,0.5069444444444441,0.00011574074074
2153259885570,215325988557,0,0,1715004957,1.0,"""[0.00011730194091700002",0.00013160705566400002,0.00013732910156200002,0.00014305114746000002,0.000148773193359,0.000154495239257,0.000160217285156,0.000165939331054,0.00017166137695300002,0.000191688537597," 0.00057029724121]""",0.000569343566894,0.00016212463378900002,4.364058017730712,0.011052548885345001,0.0006265640258780001,0.000134468078613,0.00040531158447200004,0.00040435791015600004,0.5071759259259261,0.507291666666666,0.00011574074074
2153259885570,215325988557,0,0,1715004957,1.0,"""[0.00012111663818300001",0.000129699707031,0.00013637542724600002,0.00014209747314400002,0.00014781951904200002,0.000153541564941,0.00015926361083900002,0.000165939331054,0.00017166137695300002,0.00019359588623000002," 0.000616073608398]""",0.000617027282714,0.000160217285156,4.302906990051269,0.01164860650897,0.0006265640258780001,0.000134468078613,0.00040531158447200004,0.00040435791015600004,0.501388888888888,0.501504629629629,0.00011574074074
2153259885570,215325988557,0,0,1715004957,1.0,"""[0.000116348266601",0.000129699707031,0.00013637542724600002,0.00014209747314400002,0.00014781951904200002,0.000153541564941,0.00015926361083900002,0.000164985656738,0.000170707702636,0.00018405914306600003," 0.000623703002929]""",0.000622749328613,0.00015830993652300002,4.804243087768554,0.01269478816539,0.0006265640258780001,0.000134468078613,0.00040531158447200004,0.00040435791015600004,0.5053240740740741,0.505439814814814,0.00011574074074
2153259885570,215325988557,0,0,1715004957,1.0,"""[0.000123977661132",0.000134468078613,0.000139236450195,0.000144958496093,0.00015068054199200001,0.00015640258789,0.00016212463378900002,0.00016784667968700002,0.00017356872558500002,0.000200271606445," 0.000658988952636]""",0.000653266906738,0.00016403198242100002,4.353639125823974,0.011019377037882002,0.0006265640258780001,0.000134468078613,0.00040435791015600004,0.00040435791015600004,0.5074074074074071,0.507523148148148,0.00011574074074
2153259885570,215325988557,0,0,1715004957,0.9933333396911621,"""[0.00011825561523400002",0.000134468078613,0.000140190124511,0.00014591217041000002,0.00015068054199200001,0.00015640258789,0.00016212463378900002,0.00016689300537100002,0.00017261505126900002,0.00019741058349600002," 0.000536918640136]""",0.0009346008300780001,0.000164985656738,4.752527713775634,0.013806059025228001,0.0006265640258780001,0.000134468078613,0.00040626525878900005,0.00040531158447200004,0.5078703703703701,0.507986111111111,0.00011574074074
2153259885570,215325988557,0,0,1715004957,1.0,"""[0.000123023986816",0.00013256072998000002,0.00013828277587800002,0.000144004821777,0.000149726867675,0.000155448913574,0.000161170959472,0.00016784667968700002,0.00017356872558500002,0.000200271606445," 0.000664710998535]""",0.000665664672851,0.00016403198242100002,4.310800075531005,0.011202263645827,0.0006265640258780001,0.000134468078613,0.00040626525878900005,0.00040626525878900005,0.5083333333333331,0.508449074074074,0.00011574074074
2153259885570,215325988557,0,0,1715004957,1.0,"""[0.00012016296386700001",0.000128746032714,0.00013637542724600002,0.00014209747314400002,0.00014781951904200002,0.000153541564941,0.00015926361083900002,0.000165939331054,0.00017166137695300002,0.00019264221191400002," 0.000653266906738]""",0.000653266906738,0.00015830993652300002,4.311599254608154,0.011385216377675,0.0006265640258780001,0.000134468078613,0.00040531158447200004,0.00040435791015600004,0.501273148148148,0.501388888888888,0.00011574074074
2153259885570,215325988557,0,0,1715004957,1.0,"""[0.000114440917968",0.000127792358398,0.00013637542724600002,0.00014209747314400002,0.00014781951904200002,0.000154495239257,0.000160217285156,0.000165939331054,0.00017261505126900002,0.00019836425781200002," 0.0005998611450190001]""",0.0006933212280270001,0.000161170959472,4.398799419403076,0.012586372904479,0.0006265640258780001,0.000134468078613,0.00040626525878900005,0.00040531158447200004,0.509143518518518,0.5092592592592591,0.00011574074074
2153259885570,215325988557,0,0,1715004957,1.0,"""[0.00011825561523400002",0.000125885009765,0.00013256072998000002,0.000139236450195,0.00014591217041000002,0.000152587890625,0.00015926361083900002,0.000164985656738,0.00017166137695300002,0.000196456909179," 0.00055980682373]""",0.000560760498046,0.00015640258789,4.475419521331787,0.011731108650565002,0.0006265640258780001,0.000134468078613,0.00040531158447200004,0.00040435791015600004,0.509375,0.5094907407407401,0.00011574074074
2153259885570,215325988557,0,0,1715004957,1.0,"""[0.00012111663818300001",0.000128746032714,0.000135421752929,0.00014209747314400002,0.00014781951904200002,0.000153541564941,0.00015926361083900002,0.000164985656738,0.00017166137695300002,0.00018882751464800002," 0.0006303787231440001]""",0.0006294250488280001,0.000161170959472,4.299842357635498,0.011741472408175,0.0006265640258780001,0.000134468078613,0.00040531158447200004,0.00040435791015600004,0.50162037037037,0.501736111111111,0.00011574074074
2153259885570,215325988557,0,0,1715004957,1.0,"""[0.00012016296386700001",0.000135421752929,0.00014114379882800002,0.00014686584472600002,0.000152587890625,0.00015735626220700002,0.00016307830810500002,0.00016880035400300002,0.000174522399902,0.000205993652343," 0.0006685256958000001]""",0.0006742477416990001,0.000164985656738,4.310800075531005,0.011202263645827,0.0006265640258780001,0.000134468078613,0.00040721893310500005,0.00040626525878900005,0.508217592592592,0.5083333333333331,0.00011574074074
2153259885570,215325988557,0,0,1715004957,1.0,"""[0.00011730194091700002",0.000126838684082,0.000134468078613,0.000140190124511,0.00014686584472600002,0.000152587890625,0.00015830993652300002,0.00016403198242100002,0.000170707702636,0.000179290771484," 0.000577926635742]""",0.000577926635742,0.000154495239257,4.938467979431152,0.014769119210541002,0.0006265640258780001,0.000134468078613,0.00040531158447200004,0.00040435791015600004,0.500694444444444,0.500810185185185,0.00011574074074
2153259885570,215325988557,0,0,1715004957,1.0,"""[0.00011730194091700002",0.000123023986816,0.000127792358398,0.00013351440429600002,0.00014114379882800002,0.00014781951904200002,0.000155448913574,0.00016212463378900002,0.00016880035400300002,0.00017642974853500002," 0.000542640686035]""",0.0005416870117180001,0.000152587890625,4.9475274085998535,0.013752799481153,0.0006265640258780001,0.000134468078613,0.00040626525878900005,0.00040626525878900005,0.504629629629629,0.50474537037037,0.00011574074074
2153259885570,215325988557,0,0,1715004957,1.0,"""[0.000107765197753",0.00011730194091700002,0.000126838684082,0.000135421752929,0.00014209747314400002,0.000148773193359,0.00015640258789,0.00016307830810500002,0.00016975402832,0.00018119812011700001," 0.0005722045898430001]""",0.0005722045898430001,0.000152587890625,4.54908561706543,0.011641647666692002,0.0006265640258780001,0.000134468078613,0.00040531158447200004,0.00040435791015600004,0.5067129629629631,0.506828703703703,0.00011574074074
