UniqJobId,collection_id,instance_index,priority,machine_id,sample_rate,cpu_usage_distribution1,cpu_usage_distribution2,cpu_usage_distribution3,cpu_usage_distribution4,cpu_usage_distribution5,cpu_usage_distribution6,cpu_usage_distribution7,cpu_usage_distribution8,cpu_usage_distribution9,cpu_usage_distribution10,cpu_usage_distribution11,max_cpu,avg_cpu,cycles_per_instruction,memory_accesses_per_instruction,assigned_memory,page_cache_memory,max_memory,avg_memory,start_time,end_time,time_window
2469928897140,246992889714,0,0,250621509276,1.0,"""[0.002632141113281",0.002632141113281,0.002632141113281,0.002632141113281,0.002632141113281,0.002632141113281,0.002632141113281,0.002632141113281,0.002632141113281,0.002632141113281," 0.002632141113281]""",0.0,0.0,0.0,0.0,0.0029754638671870004,0.0,9.5367431640625e-07,9.5367431640625e-07,0.500885802469135,0.500886188271604,3.858024691358024e-07
2469928897140,246992889714,0,0,80215175222,1.0,"""[2.002716064453125e-05",0.00015830993652300002,0.0017337799072260002,0.004722595214843001,0.008819580078125,0.012069702148437,0.014984130859375002,0.017425537109375,0.028594970703125003,0.05010986328125," 0.06036376953125]""",0.0609130859375,0.016845703125,0.0,0.0,0.0029754638671870004,0.00036334991455000003,0.0029144287109370004,0.0013046264648430002,0.5088657407407401,0.508881944444444,1.62037037037037e-05
2469928897140,246992889714,0,0,4646834076,1.0,"""[0",0.0,0.0,0.0,0.0,7.62939453125e-06,1.621246337890625e-05,1.621246337890625e-05,1.621246337890625e-05,1.621246337890625e-05," 1.621246337890625e-05]""",0.0,0.0,0.0,0.0,0.0029754638671870004,0.0,9.5367431640625e-07,9.5367431640625e-07,0.5045015432098761,0.504501929012345,3.858024691358024e-07
2469928897140,246992889714,0,0,250621509276,1.0,"""[0",0.0,0.0,0.0,0.0,0.0,0.0,0.0,0.0,0.0," 0]""",0.0,0.0,0.0,0.0,0.0029754638671870004,0.0,9.5367431640625e-07,9.5367431640625e-07,0.5008854166666661,0.500885802469135,3.858024691358024e-07
2469928897140,246992889714,0,0,250619266270,1.0,"""[0",0.0,0.0,0.0,0.0,0.0,0.0,0.0,0.0,0.0," 0]""",0.0,0.0,0.0,0.0,0.0029754638671870004,0.0,1.9073486328125e-06,1.9073486328125e-06,0.500180169753086,0.5001805555555551,3.858024691358024e-07
2469928897140,246992889714,0,0,373221312227,1.0,"""[0.000665664672851",0.000665664672851,0.000665664672851,0.000665664672851,0.0008449554443350001,0.0008583068847650001,0.000871658325195,0.0026092529296870004,0.0026092529296870004,0.0026092529296870004," 0.0026092529296870004]""",0.007675170898437,0.002948760986328,0.0,0.0,0.0029754638671870004,3.814697265625e-06,0.000186920166015,0.000144004821777,0.5039807098765431,0.5039822530864191,1.5432098765432092e-06
2469928897140,246992889714,0,0,3149122544,1.0,"""[0.0037536621093750004",0.0037536621093750004,0.0037536621093750004,0.0037536621093750004,0.004508972167968001,0.004531860351562,0.004562377929687,0.008056640625,0.008056640625,0.008056640625," 0.008056640625]""",0.012527465820312,0.009613037109375,0.0,0.0,0.0029754638671870004,1.0490417480468752e-05,0.000195503234863,0.00017261505126900002,0.5069841820987651,0.5069853395061721,1.157407407407407e-06
2469928897140,246992889714,0,0,250621509276,1.0,"""[0",0.0,0.0,0.0,0.0,0.0,0.0,0.0,0.0,0.0," 0]""",0.0,0.0,0.0,0.0,0.0029754638671870004,1.9073486328125e-06,1.9073486328125e-05,1.71661376953125e-05,0.50088811728395,0.5008900462962961,1.929012345679012e-06
2469928897140,246992889714,0,0,373221312227,1.0,"""[0",0.0,0.0,0.0,0.0,0.0,0.0,0.0,0.0,0.0," 0]""",0.00102424621582,0.000341415405273,0.0,0.0,0.0029754638671870004,0.000569343566894,0.000591278076171,0.000591278076171,0.503978395061728,0.5039795524691351,1.157407407407407e-06
2469928897140,246992889714,0,0,4646834076,1.0,"""[0",0.0,0.0,0.0,0.0,0.0,0.0,0.0,0.0,0.0,"0]""",0.0,0.0,0.0,0.0,0.0029754638671870004,0.0,9.5367431640625e-07,9.5367431640625e-07,0.504501929012345,0.504502314814814,3.858024691358024e-07
2469928897140,246992889714,0,0,4646834076,1.0,"""[0",0.0,0.0,0.005653381347656,0.005691528320312,0.006622314453125001,0.007583618164062,0.007637023925781,0.0084228515625,0.0084228515625," 0.0084228515625]""",0.0084228515625,0.005104064941406,0.0,0.0,0.0029754638671870004,1.9073486328125e-06,0.000123023986816,4.863739013671876e-05,0.504502314814814,0.504503472222222,1.157407407407407e-06
2469928897140,246992889714,0,0,80215175222,1.0,"""[0.004341125488281",0.004341125488281,0.004341125488281,0.004341125488281,0.004341125488281,0.006484985351562,0.008621215820312,0.008621215820312,0.008621215820312,0.008621215820312," 0.008621215820312]""",0.008621215820312,0.006484985351562,0.0,0.0,0.0029754638671870004,4.76837158203125e-06,0.00018405914306600003,0.00014209747314400002,0.5088838734567901,0.508884645061728,7.716049382716048e-07
2469928897140,246992889714,0,0,4646834076,1.0,"""[0",0.0,0.0,0.0,0.0,0.0,0.0,0.0,0.0,0.0," 0]""",0.000619888305664,7.915496826171875e-05,0.0,0.0,0.0029754638671870004,2.86102294921875e-06,1.4305114746093752e-05,1.3351440429687502e-05,0.504504629629629,0.504506558641975,1.929012345679012e-06
2469928897140,246992889714,0,0,250619266270,1.0,"""[0",0.0,0.0,0.0,0.0,0.0,0.0,0.0,0.0,0.0," 0]""",0.0,0.0,0.0,0.0,0.0029754638671870004,0.0,1.9073486328125e-06,1.9073486328125e-06,0.500179398148148,0.500179783950617,3.858024691358024e-07
2469928897140,246992889714,0,0,80215175222,1.0,"""[0",0.0,0.0,0.0,0.0,0.0,0.0,0.0,0.0,0.0," 0]""",0.0,0.0,0.0,0.0,0.0029754638671870004,0.0,1.9073486328125e-06,1.9073486328125e-06,0.5088827160493821,0.508883101851851,3.858024691358024e-07
2469928897140,246992889714,0,0,80215175222,1.0,"""[0.00025272369384700004",0.00025272369384700004,0.00025272369384700004,0.00025272369384700004,0.00025272369384700004,0.004493713378906,0.008743286132812,0.008743286132812,0.008743286132812,0.008743286132812," 0.008743286132812]""",0.0087890625,0.00439453125,0.0,0.0,0.0029754638671870004,9.5367431640625e-07,0.00010108947753900001,5.149841308593751e-05,0.508883101851851,0.5088838734567901,7.716049382716048e-07
2469928897140,246992889714,0,0,4450846752,1.0,"""[0",0.0,0.0,0.0,0.0,0.0,0.0,0.0,0.0,0.0,"0]""",0.0,0.0,0.0,0.0,0.0029754638671870004,0.0,9.5367431640625e-07,9.5367431640625e-07,0.502037808641975,0.5020381944444441,3.858024691358024e-07
2469928897140,246992889714,0,0,4646834076,1.0,"""[0.0038146972656250004",0.0038146972656250004,0.0038146972656250004,0.0038146972656250004,0.0038146972656250004,0.0038146972656250004,0.0038146972656250004,0.0038146972656250004,0.0038146972656250004,0.0038146972656250004," 0.0038146972656250004]""",0.00616455078125,0.005638122558593001,0.0,0.0,0.0029754638671870004,2.86102294921875e-06,0.00017833709716700002,0.00017833709716700002,0.504503472222222,0.504503858024691,3.858024691358024e-07
2469928897140,246992889714,0,0,4646834076,1.0,"""[0.000256538391113",0.000256538391113,0.000256538391113,0.000256538391113,0.000256538391113,0.00032615661621000004,0.00039577484130800004,0.00039577484130800004,0.00039577484130800004,0.00039577484130800004," 0.00039577484130800004]""",0.004402160644531,0.002037048339843,0.0,0.0,0.0029754638671870004,2.86102294921875e-06,0.00019454956054600002,0.00019264221191400002,0.504503858024691,0.504504629629629,7.716049382716048e-07
2469928897140,246992889714,0,0,373221312227,1.0,"""[7.05718994140625e-05",0.000111579895019,0.00015735626220700002,0.000268936157226,0.001047134399414,0.006034851074218001,0.011184692382812,0.014892578125,0.024078369140625003,0.027618408203125003," 0.06689453125]""",0.06689453125,0.012039184570312,0.0,0.0,0.0029754638671870004,0.00040531158447200004,0.0028228759765620004,0.001176834106445,0.5039567901234561,0.503978395061728,2.1604938271604934e-05
2469928897140,246992889714,0,0,250619266270,1.0,"""[0.007484436035156",0.007484436035156,0.007484436035156,0.007484436035156,0.007484436035156,0.008316040039062,0.0091552734375,0.0091552734375,0.0091552734375,0.0091552734375," 0.0091552734375]""",0.0091552734375,0.007637023925781,0.0,0.0,0.0029754638671870004,9.5367431640625e-07,8.487701416015626e-05,5.626678466796876e-05,0.5001805555555551,0.500181327160493,7.716049382716048e-07
2469928897140,246992889714,0,0,80215175222,1.0,"""[0",0.0,0.0,0.0,0.0,0.0,0.0,9.5367431640625e-07,9.5367431640625e-07,9.5367431640625e-07," 9.5367431640625e-07]""",0.000604629516601,7.152557373046875e-05,0.0,0.0,0.0029754638671870004,6.67572021484375e-06,2.4795532226562503e-05,2.2888183593750003e-05,0.508886188271604,0.5088888888888881,2.7006172839506168e-06
2469928897140,246992889714,0,0,3149122544,1.0,"""[1.52587890625e-05",0.0006561279296870001,0.0050048828125,0.007225036621093001,0.010360717773437,0.01373291015625,0.01776123046875,0.019134521484375,0.029998779296875003,0.04571533203125," 0.0650634765625]""",0.0650634765625,0.018310546875,0.0,0.0,0.0029754638671870004,0.000327110290527,0.0028495788574210003,0.0013561248779290001,0.506963348765432,0.50698186728395,1.8518518518518515e-05
2469928897140,246992889714,0,0,4450846752,1.0,"""[0",0.0,0.0,0.0,0.0,0.0,0.0,0.0,0.0,0.0," 0]""",0.0,0.0,0.0,0.0,0.0029754638671870004,0.0,9.5367431640625e-07,9.5367431640625e-07,0.5020381944444441,0.502038966049382,7.716049382716048e-07
2469928897140,246992889714,0,0,3149122544,1.0,"""[0",0.0,0.0,0.0,0.0,0.0,0.0,0.0,0.0,0.0," 0]""",0.0,0.0,0.0,0.0,0.0029754638671870004,0.0,9.5367431640625e-07,9.5367431640625e-07,0.506983024691358,0.506983410493827,3.858024691358024e-07
2469928897140,246992889714,0,0,250619266270,1.0,"""[0",0.0,0.0,0.0,0.0,0.0,0.0,0.0,0.0,0.0,"0]""",0.0,0.0,0.0,0.0,0.0029754638671870004,0.0,9.5367431640625e-07,9.5367431640625e-07,0.500162037037037,0.5001624228395061,3.858024691358024e-07
2469928897140,246992889714,0,0,373221312227,1.0,"""[0",0.0,0.0,0.0,0.0,9.5367431640625e-06,1.811981201171875e-05,1.811981201171875e-05,1.811981201171875e-05,1.811981201171875e-05," 1.811981201171875e-05]""",0.0,0.0,0.0,0.0,0.0029754638671870004,0.0,9.5367431640625e-07,9.5367431640625e-07,0.5039791666666661,0.5039795524691351,3.858024691358024e-07
2469928897140,246992889714,0,0,250621509276,1.0,"""[0",0.0,0.0,0.0,0.0,0.0,0.0,0.0,0.0,0.0,"0]""",0.0,0.0,0.0,0.0,0.0029754638671870004,0.0,9.5367431640625e-07,9.5367431640625e-07,0.500868055555555,0.500868441358024,3.858024691358024e-07
2469928897140,246992889714,0,0,250619266270,1.0,"""[0",0.0,0.0,0.0,0.0,0.0,0.0,0.0,0.0,0.0," 0]""",0.0,0.0,0.0,0.0,0.0029754638671870004,0.000561714172363,0.000584602355957,0.000584602355957,0.5001805555555551,0.500180941358024,3.858024691358024e-07
2469928897140,246992889714,0,0,4450846752,1.0,"""[0",0.0,0.0,0.0,0.0,0.0,0.0,0.0,0.0,0.0," 0]""",0.0007467269897460001,0.000123977661132,0.0,0.0,0.0029754638671870004,0.0005416870117180001,0.000799179077148,0.0005989074707030001,0.5020366512345671,0.502038966049382,2.314814814814814e-06
2469928897140,246992889714,0,0,4450846752,1.0,"""[0.000525474548339",0.000525474548339,0.000525474548339,0.000525474548339,0.0026512145996090003,0.002662658691406,0.002677917480468,0.00339126586914,0.00339126586914,0.00339126586914," 0.00339126586914]""",0.0137939453125,0.006790161132812,0.0,0.0,0.0029754638671870004,2.86102294921875e-06,0.00018215179443300001,0.00010871887207,0.502039351851851,0.502040509259259,1.157407407407407e-06
2469928897140,246992889714,0,0,4646834076,1.0,"""[0",0.0,0.0,0.0,0.0,0.0,0.0,0.0,0.0,0.0," 0]""",0.00075626373291,0.000106811523437,0.0,0.0,0.0029754638671870004,0.000580787658691,0.0006017684936520001,0.0006017684936520001,0.504500771604938,0.504503472222222,2.7006172839506168e-06
2469928897140,246992889714,0,0,373221312227,1.0,"""[0",0.0,0.0,9.5367431640625e-07,9.5367431640625e-07,1.9073486328125e-06,1.9073486328125e-06,2.86102294921875e-06,2.86102294921875e-06,3.814697265625e-06," 3.814697265625e-06]""",0.0,0.0,0.0,0.0,0.0029754638671870004,2.86102294921875e-06,2.002716064453125e-05,1.811981201171875e-05,0.5039822530864191,0.503984182098765,1.929012345679012e-06
2469928897140,246992889714,0,0,3149122544,1.0,"""[0",0.0,0.0,0.0,0.0,0.0,9.5367431640625e-07,9.5367431640625e-07,9.5367431640625e-07,9.5367431640625e-07," 9.5367431640625e-07]""",0.0,0.0,0.0,0.0,0.0029754638671870004,1.0490417480468752e-05,2.5749206542968753e-05,2.5749206542968753e-05,0.5069853395061721,0.5069868827160491,1.5432098765432092e-06
2469928897140,246992889714,0,0,3149122544,1.0,"""[0",0.0,0.0,0.0,0.0,0.0,0.0,0.0,0.0,0.0," 0]""",0.000830650329589,0.00020790100097600002,0.0,0.0,0.0029754638671870004,0.000578880310058,0.0005998611450190001,0.0005998611450190001,0.50698186728395,0.506983410493827,1.5432098765432092e-06
2469928897140,246992889714,0,0,250619266270,1.0,"""[0.000317573547363",0.000317573547363,0.000317573547363,0.000580787658691,0.0005989074707030001,0.002090454101562,0.0035820007324210003,0.00360107421875,0.0072021484375,0.0072021484375," 0.0072021484375]""",0.007469177246093001,0.002777099609375,0.0,0.0,0.0029754638671870004,1.9073486328125e-06,0.000179290771484,9.536743164062501e-05,0.500181327160493,0.50018287037037,1.5432098765432092e-06
2469928897140,246992889714,0,0,250619266270,1.0,"""[1.52587890625e-05",0.001911163330078,0.0033378601074210003,0.0076904296875,0.01092529296875,0.012130737304687,0.01910400390625,0.022613525390625003,0.027252197265625003,0.047119140625," 0.06243896484375]""",0.06494140625,0.018341064453125,0.0,0.0,0.0029754638671870004,0.00031280517578100004,0.002887725830078,0.00131607055664,0.5001624228395061,0.5001790123456791,1.6589506172839503e-05
2469928897140,246992889714,0,0,3149122544,1.0,"""[0",0.0,0.0,0.0,0.0,0.0,0.0,0.0,0.0,0.0,"0]""",0.0,0.0,0.0,0.0,0.0029754638671870004,0.000578880310058,0.0005989074707030001,0.0005989074707030001,0.506983410493827,0.5069837962962961,3.858024691358024e-07
2469928897140,246992889714,0,0,4450846752,1.0,"""[0",0.0,0.0,0.0,0.0,0.0,0.0,0.0,0.0,0.0," 0]""",0.0,0.0,0.0,0.0,0.0029754638671870004,0.0,9.5367431640625e-07,9.5367431640625e-07,0.502037422839506,0.502037808641975,3.858024691358024e-07
2469928897140,246992889714,0,0,4450846752,1.0,"""[0.0079345703125",0.0079345703125,0.0079345703125,0.0079345703125,0.0079345703125,0.0079345703125,0.0079345703125,0.0079345703125,0.0079345703125,0.0079345703125," 0.0079345703125]""",0.0,0.0,0.0,0.0,0.0029754638671870004,2.86102294921875e-06,0.000152587890625,0.000152587890625,0.502038966049382,0.502039351851851,3.858024691358024e-07
2469928897140,246992889714,0,0,373221312227,1.0,"""[0",0.0,0.0,0.0,0.0,0.0,0.0,0.0,0.0,0.0,"0]""",0.0,0.0,0.0,0.0,0.0029754638671870004,0.0,9.5367431640625e-07,9.5367431640625e-07,0.5039795524691351,0.503979938271604,3.858024691358024e-07
2469928897140,246992889714,0,0,250621509276,1.0,"""[0",0.0,0.0,0.0,0.0,0.0,0.0,0.0,0.0,0.0," 0]""",0.0007343292236320001,0.000245094299316,0.0,0.0,0.0029754638671870004,0.000575065612792,0.00059700012207,0.0005960464477530001,0.500885030864197,0.500886188271604,1.157407407407407e-06
2469928897140,246992889714,0,0,250619266270,1.0,"""[0",0.0,0.0,0.0,0.0,0.0,0.0,0.0,0.0,0.0," 0]""",0.001018524169921,0.00025463104248,0.0,0.0,0.0029754638671870004,0.000561714172363,0.000586509704589,0.000586509704589,0.5001790123456791,0.5001805555555551,1.5432098765432092e-06
2469928897140,246992889714,0,0,373221312227,1.0,"""[0.004997253417968001",0.004997253417968001,0.004997253417968001,0.004997253417968001,0.007553100585937,0.007591247558593001,0.007637023925781,0.009078979492187,0.009078979492187,0.009078979492187," 0.009078979492187]""",0.009078979492187,0.007034301757812,0.0,0.0,0.0029754638671870004,2.86102294921875e-06,0.00015163421630800001,0.000135421752929,0.503979938271604,0.5039807098765431,7.716049382716048e-07
2469928897140,246992889714,0,0,4646834076,1.0,"""[8.583068847656251e-05",0.002571105957031,0.005615234375,0.0093994140625,0.011062622070312,0.012344360351562,0.0159912109375,0.018280029296875,0.02679443359375,0.05389404296875," 0.0655517578125]""",0.0655517578125,0.0186767578125,0.0,0.0,0.0029754638671870004,0.000319480895996,0.00286865234375,0.0013580322265620002,0.504483796296296,0.504500771604938,1.6975308641975302e-05
2469928897140,246992889714,0,0,4450846752,1.0,"""[0",0.0,0.0,9.5367431640625e-07,9.5367431640625e-07,1.9073486328125e-06,1.9073486328125e-06,2.86102294921875e-06,2.86102294921875e-06,2.86102294921875e-06," 2.86102294921875e-06]""",0.0,0.0,0.0,0.0,0.0029754638671870004,2.86102294921875e-06,1.621246337890625e-05,1.52587890625e-05,0.502040509259259,0.502042052469135,1.5432098765432092e-06
2469928897140,246992889714,0,0,4450846752,1.0,"""[9.5367431640625e-07",9.5367431640625e-07,9.5367431640625e-07,9.5367431640625e-07,9.5367431640625e-07,9.5367431640625e-07,9.5367431640625e-07,9.5367431640625e-07,9.5367431640625e-07,9.5367431640625e-07," 9.5367431640625e-07]""",0.0,0.0,0.0,0.0,0.0029754638671870004,0.0005416870117180001,0.0005569458007810001,0.0005569458007810001,0.502038966049382,0.502039351851851,3.858024691358024e-07
2469928897140,246992889714,0,0,4450846752,1.0,"""[0",0.0007352828979490001,0.004241943359375,0.00634765625,0.010574340820312,0.013229370117187,0.015777587890625,0.018280029296875,0.025115966796875003,0.04962158203125," 0.0697021484375]""",0.0703125,0.017974853515625,0.0,0.0,0.0029754638671870004,0.000299453735351,0.0028038024902340003,0.001338958740234,0.5020189043209871,0.5020366512345671,1.774691358024691e-05
2469928897140,246992889714,0,0,3149122544,1.0,"""[0",0.0,0.0,0.0,0.0,0.0,0.0,0.0,0.0,0.0,"0]""",0.0,0.0,0.0,0.0,0.0029754638671870004,0.0,9.5367431640625e-07,9.5367431640625e-07,0.5069826388888881,0.506983024691358,3.858024691358024e-07
2469928897140,246992889714,0,0,373221312227,1.0,"""[0",0.0,0.0,0.0,0.0,0.0,0.0,0.0,0.0,0.0,"0]""",0.0,0.0,0.0,0.0,0.0029754638671870004,0.000569343566894,0.000590324401855,0.000590324401855,0.5039795524691351,0.503979938271604,3.858024691358024e-07
2469928897140,246992889714,0,0,80215175222,1.0,"""[0",0.0,0.0,0.0,0.0,0.0,0.0,0.0,0.0,0.0," 0]""",0.000652313232421,0.000130653381347,0.0,0.0,0.0029754638671870004,0.000586509704589,0.0006103515625,0.000609397888183,0.508881944444444,0.5088838734567901,1.929012345679012e-06
2469928897140,246992889714,0,0,80215175222,1.0,"""[0.00023555755615200003",0.00023555755615200003,0.00023555755615200003,0.000493049621582,0.0005111694335930001,0.000682830810546,0.0008544921875,0.000871658325195,0.0033531188964840003,0.0033531188964840003," 0.0033531188964840003]""",0.003833770751953,0.001106262207031,0.0,0.0,0.0029754638671870004,6.67572021484375e-06,0.00021553039550700003,0.00016212463378900002,0.508884645061728,0.508886188271604,1.5432098765432092e-06
