UniqJobId,collection_id,instance_index,priority,machine_id,sample_rate,cpu_usage_distribution1,cpu_usage_distribution2,cpu_usage_distribution3,cpu_usage_distribution4,cpu_usage_distribution5,cpu_usage_distribution6,cpu_usage_distribution7,cpu_usage_distribution8,cpu_usage_distribution9,cpu_usage_distribution10,cpu_usage_distribution11,max_cpu,avg_cpu,cycles_per_instruction,memory_accesses_per_instruction,assigned_memory,page_cache_memory,max_memory,avg_memory,start_time,end_time,time_window
2470496629420,247049662942,0,0,70609325068,1.0,"""[0",5.435943603515626e-05,6.4849853515625e-05,7.62939453125e-05,8.773803710937501e-05,0.00010204315185500001,0.00011730194091700002,0.000134468078613,0.00017356872558500002,0.000247001647949," 0.006721496582031]""",0.006721496582031,0.00028324127197200004,0.0,0.0,0.000727653503417,0.00017738342285100002,0.0005273818969720001,0.0005025863647460001,0.501565200617283,0.50162037037037,5.516975308641975e-05
2470496629420,247049662942,0,0,70609325068,1.0,"""[6.866455078125e-05",7.62939453125e-05,8.392333984375001e-05,9.346008300781251e-05,0.00010395050048800001,0.000113487243652,0.000123977661132,0.00013732910156200002,0.00016212463378900002,0.00019359588623000002," 0.000494003295898]""",0.000494003295898,0.000124931335449,0.0,0.0,0.000727653503417,0.00014591217041000002,0.0004959106445310001,0.00039482116699200004,0.50162037037037,0.501736111111111,0.00011574074074
2470496629420,247049662942,0,0,70609325068,1.0,"""[6.961822509765625e-05",7.915496826171875e-05,8.869171142578126e-05,0.00010013580322200001,0.000112533569335,0.000124931335449,0.00013732910156200002,0.00015068054199200001,0.00016403198242100002,0.0001802444458," 0.000544548034667]""",0.000544548034667,0.00013351440429600002,1.9608145952224731,0.014445559121668,0.000727653503417,0.0001220703125,0.00039768218994100005,0.00039005279541,0.501736111111111,0.501851851851851,0.00011574074074
2470496629420,247049662942,0,0,70609325068,1.0,"""[8.964538574218751e-05",8.964538574218751e-05,0.00010108947753900001,0.000113487243652,0.000126838684082,0.000139236450195,0.000152587890625,0.000165939331054,0.00018501281738200003,0.000318527221679," 0.000318527221679]""",0.00032234191894500003,0.000148773193359,1.960814714431762,0.014445559121668,0.000727653503417,0.000123977661132,0.00039005279541,0.00039005279541,0.501967592592592,0.501971064814814,3.4722222222222215e-06
2470496629420,247049662942,0,0,70609325068,1.0,"""[7.43865966796875e-05",8.964538574218751e-05,9.918212890625001e-05,0.000109672546386,0.00011920928955000001,0.000129699707031,0.000140190124511,0.00015163421630800001,0.00016307830810500002,0.000174522399902," 0.00039577484130800004]""",0.00039482116699200004,0.000134468078613,1.960814714431762,0.014445559121668,0.000727653503417,0.000123977661132,0.00039005279541,0.00038719177246000004,0.501851851851851,0.501966435185185,0.00011458333333300001
2470496629420,247049662942,0,0,70609325068,1.0,"""[0",0.0,0.0,0.0,0.0,0.0,9.5367431640625e-07,9.5367431640625e-07,9.5367431640625e-07,9.5367431640625e-07," 9.5367431640625e-07]""",0.0,0.0,1.960814714431762,0.014445559121668,0.000727653503417,0.000123977661132,2.0980834960937503e-05,2.002716064453125e-05,0.5019718364197531,0.5019733796296291,1.5432098765432092e-06
2470496629420,247049662942,0,0,373216008406,1.0,"""[7.82012939453125e-05",7.915496826171875e-05,8.583068847656251e-05,0.00010108947753900001,0.00012016296386700001,0.00013732910156200002,0.00015163421630800001,0.000165939331054,0.00018501281738200003,0.00021362304687500003," 0.00023365020751900002]""",0.00043773651123000005,0.000135421752929,0.0,0.0,0.000727653503417,0.000185966491699,0.000382423400878,0.000379562377929,0.5021670524691351,0.502172453703703,5.4012345679012335e-06
2470496629420,247049662942,0,0,373216008406,1.0,"""[7.343292236328125e-05",9.059906005859376e-05,0.00010108947753900001,0.000110626220703,0.00012111663818300001,0.000130653381347,0.000144958496093,0.00015926361083900002,0.000174522399902,0.000205993652343," 0.000348091125488]""",0.000506401062011,0.000144958496093,0.0,0.0,0.000727653503417,0.000185966491699,0.000379562377929,0.00037574768066400005,0.502083333333333,0.5021670524691351,8.371913580246915e-05
2470496629420,247049662942,0,0,70609325068,1.0,"""[0.000144958496093",0.000144958496093,0.000144958496093,0.000144958496093,0.000144958496093,0.000144958496093,0.000144958496093,0.000144958496093,0.000144958496093,0.000144958496093," 0.000144958496093]""",0.00024318695068300001,0.00013637542724600002,1.960814714431762,0.014445559121668,0.000727653503417,0.000123977661132,0.00039005279541,0.00039005279541,0.501966435185185,0.501967592592592,1.157407407407407e-06
