UniqJobId,collection_id,instance_index,priority,machine_id,sample_rate,cpu_usage_distribution1,cpu_usage_distribution2,cpu_usage_distribution3,cpu_usage_distribution4,cpu_usage_distribution5,cpu_usage_distribution6,cpu_usage_distribution7,cpu_usage_distribution8,cpu_usage_distribution9,cpu_usage_distribution10,cpu_usage_distribution11,max_cpu,avg_cpu,cycles_per_instruction,memory_accesses_per_instruction,assigned_memory,page_cache_memory,max_memory,avg_memory,start_time,end_time,time_window
247162296362,24716229636,2,0,22458775280,1.0,"""[5.722045898437501e-05",6.103515625e-05,6.580352783203125e-05,7.05718994140625e-05,7.43865966796875e-05,7.915496826171875e-05,8.296966552734376e-05,8.773803710937501e-05,0.00010490417480400001,0.000123023986816," 0.00018405914306600003]""",0.00018405914306600003,8.678436279296876e-05,3.836614608764648,0.018497413024306002,0.00390625,0.000186920166015,0.00036239624023400003,0.00036239624023400003,0.5078703703703701,0.507986111111111,0.00011574074074
247162296362,24716229636,2,0,22458775280,1.0,"""[6.67572021484375e-05",6.961822509765625e-05,7.343292236328125e-05,7.62939453125e-05,7.915496826171875e-05,8.20159912109375e-05,8.583068847656251e-05,9.059906005859376e-05,0.000106811523437,0.000123977661132," 0.00020313262939400002]""",0.00021743774414,8.964538574218751e-05,3.9911928176879883,0.019679902121424002,0.00390625,0.000186920166015,0.000361442565917,0.000360488891601,0.5060185185185181,0.506134259259259,0.00011574074074
247162296362,24716229636,2,0,22458775280,1.0,"""[6.4849853515625e-05",6.771087646484375e-05,7.05718994140625e-05,7.343292236328125e-05,7.62939453125e-05,7.82012939453125e-05,8.106231689453125e-05,8.392333984375001e-05,8.678436279296876e-05,0.000107765197753," 0.000221252441406]""",0.000360488891601,8.392333984375001e-05,4.733638286590576,0.024380896240472003,0.00390625,0.000186920166015,0.000361442565917,0.000360488891601,0.5062500000000001,0.50636574074074,0.00011574074074
247162296362,24716229636,2,0,22458775280,1.0,"""[5.149841308593751e-05",5.531311035156251e-05,6.008148193359376e-05,6.389617919921875e-05,6.866455078125e-05,7.2479248046875e-05,7.724761962890625e-05,8.106231689453125e-05,8.583068847656251e-05,0.000106811523437," 0.00017738342285100002]""",0.00041866302490200006,7.724761962890625e-05,3.231202363967895,0.011577696539461,0.00390625,0.000186920166015,0.00036239624023400003,0.00036239624023400003,0.508680555555555,0.5087962962962961,0.00011574074074
247162296362,24716229636,2,0,22458775280,1.0,"""[5.912780761718751e-05",6.29425048828125e-05,6.771087646484375e-05,7.2479248046875e-05,7.724761962890625e-05,8.20159912109375e-05,8.678436279296876e-05,0.00010204315185500001,0.000123977661132,0.000152587890625," 0.000247001647949]""",0.0005273818969720001,9.727478027343751e-05,4.033851146697998,0.017886437475681003,0.00390625,0.000186920166015,0.00036239624023400003,0.000361442565917,0.507060185185185,0.5071759259259261,0.00011574074074
247162296362,24716229636,2,0,22458775280,1.0,"""[5.531311035156251e-05",5.912780761718751e-05,6.389617919921875e-05,6.771087646484375e-05,7.2479248046875e-05,7.62939453125e-05,8.106231689453125e-05,8.487701416015626e-05,9.536743164062501e-05,0.00012016296386700001," 0.00018978118896400002]""",0.000306129455566,8.392333984375001e-05,4.033851146697998,0.017886437475681003,0.00390625,0.000186920166015,0.00036239624023400003,0.000361442565917,0.507291666666666,0.5074074074074071,0.00011574074074
247162296362,24716229636,2,0,22458775280,1.0,"""[5.912780761718751e-05",6.389617919921875e-05,6.771087646484375e-05,7.2479248046875e-05,7.724761962890625e-05,8.106231689453125e-05,8.583068847656251e-05,9.536743164062501e-05,0.000110626220703,0.000124931335449," 0.000179290771484]""",0.000216484069824,8.678436279296876e-05,3.888742208480835,0.021096294745802,0.00390625,0.000186920166015,0.00036239624023400003,0.00036239624023400003,0.507754629629629,0.5078703703703701,0.00011574074074
247162296362,24716229636,2,0,22458775280,1.0,"""[4.863739013671876e-05",5.435943603515626e-05,6.008148193359376e-05,6.580352783203125e-05,7.152557373046875e-05,7.724761962890625e-05,8.20159912109375e-05,8.869171142578126e-05,0.00012111663818300001,0.00015068054199200001," 0.000200271606445]""",0.00025272369384700004,8.869171142578126e-05,3.252410411834716,0.012655916623771002,0.00390625,0.000186920166015,0.00036239624023400003,0.00036239624023400003,0.509375,0.5094907407407401,0.00011574074074
247162296362,24716229636,2,0,22458775280,1.0,"""[6.580352783203125e-05",6.866455078125e-05,7.152557373046875e-05,7.43865966796875e-05,7.724761962890625e-05,8.0108642578125e-05,8.296966552734376e-05,8.583068847656251e-05,9.441375732421876e-05,0.00012016296386700001," 0.00021934509277300002]""",0.00021934509277300002,8.583068847656251e-05,3.8356823921203613,0.018695244565606003,0.00390625,0.000186920166015,0.00036239624023400003,0.000360488891601,0.5055555555555551,0.505671296296296,0.00011574074074
247162296362,24716229636,2,0,22458775280,1.0,"""[6.771087646484375e-05",6.961822509765625e-05,7.2479248046875e-05,7.62939453125e-05,7.915496826171875e-05,8.20159912109375e-05,8.487701416015626e-05,8.773803710937501e-05,0.00010299682617100001,0.000123023986816," 0.000186920166015]""",0.00021457672119100003,8.773803710937501e-05,4.733638286590576,0.024380896240472003,0.00390625,0.000186920166015,0.000361442565917,0.000361442565917,0.50636574074074,0.5064814814814811,0.00011574074074
247162296362,24716229636,2,0,22458775280,1.0,"""[5.531311035156251e-05",6.29425048828125e-05,7.05718994140625e-05,7.82012939453125e-05,8.583068847656251e-05,9.822845458984376e-05,0.000114440917968,0.000129699707031,0.00014781951904200002,0.000165939331054," 0.00021266937255800001]""",0.000340461730957,0.000107765197753,3.336808443069458,0.011827826499938,0.00390625,0.000186920166015,0.00036239624023400003,0.00036239624023400003,0.5087962962962961,0.508912037037037,0.00011574074074
247162296362,24716229636,2,0,22458775280,1.0,"""[6.4849853515625e-05",6.771087646484375e-05,6.961822509765625e-05,7.2479248046875e-05,7.534027099609375e-05,7.82012939453125e-05,8.106231689453125e-05,8.392333984375001e-05,8.678436279296876e-05,0.00010871887207," 0.00018405914306600003]""",0.00036811828613200005,8.20159912109375e-05,3.83568263053894,0.018695244565606003,0.00390625,0.000186920166015,0.00036239624023400003,0.000360488891601,0.505439814814814,0.5055555555555551,0.00011574074074
247162296362,24716229636,2,0,22458775280,1.0,"""[5.149841308593751e-05",5.626678466796876e-05,6.008148193359376e-05,6.4849853515625e-05,6.866455078125e-05,7.343292236328125e-05,7.724761962890625e-05,8.20159912109375e-05,8.583068847656251e-05,0.000111579895019," 0.00019741058349600002]""",0.00019836425781200002,7.915496826171875e-05,3.80811333656311,0.017076443880796002,0.00390625,0.000186920166015,0.00036239624023400003,0.00036239624023400003,0.507986111111111,0.5081018518518511,0.00011574074074
247162296362,24716229636,2,0,22458775280,1.0,"""[4.768371582031251e-05",5.149841308593751e-05,5.626678466796876e-05,6.103515625e-05,6.580352783203125e-05,6.961822509765625e-05,7.43865966796875e-05,7.915496826171875e-05,8.392333984375001e-05,8.869171142578126e-05," 0.00015640258789]""",0.00015640258789,7.152557373046875e-05,3.80811333656311,0.017076443880796002,0.00390625,0.000186920166015,0.00036239624023400003,0.00036239624023400003,0.508217592592592,0.5083333333333331,0.00011574074074
247162296362,24716229636,2,0,22458775280,1.0,"""[4.863739013671876e-05",5.245208740234376e-05,5.722045898437501e-05,6.103515625e-05,6.580352783203125e-05,6.961822509765625e-05,7.43865966796875e-05,7.82012939453125e-05,8.296966552734376e-05,8.678436279296876e-05," 0.0001802444458]""",0.00023365020751900002,7.05718994140625e-05,3.231202363967895,0.011577696539461,0.00390625,0.000186920166015,0.00036239624023400003,0.00036239624023400003,0.5085648148148141,0.508680555555555,0.00011574074074
247162296362,24716229636,2,0,22458775280,1.0,"""[5.722045898437501e-05",6.103515625e-05,6.4849853515625e-05,6.866455078125e-05,7.2479248046875e-05,7.62939453125e-05,8.0108642578125e-05,8.392333984375001e-05,8.773803710937501e-05,0.000114440917968," 0.000205993652343]""",0.0005025863647460001,8.20159912109375e-05,4.033851146697998,0.017886437475681003,0.00390625,0.000186920166015,0.00036239624023400003,0.000361442565917,0.5071759259259261,0.507291666666666,0.00011574074074
247162296362,24716229636,2,0,22458775280,1.0,"""[4.482269287109376e-05",4.959106445312501e-05,5.435943603515626e-05,5.912780761718751e-05,6.389617919921875e-05,6.866455078125e-05,7.2479248046875e-05,7.724761962890625e-05,8.20159912109375e-05,8.678436279296876e-05," 0.00016403198242100002]""",0.00042438507080000003,7.152557373046875e-05,3.231202363967895,0.011577696539461,0.00390625,0.000186920166015,0.00036239624023400003,0.00036239624023400003,0.508449074074074,0.5085648148148141,0.00011574074074
247162296362,24716229636,2,0,22458775280,1.0,"""[5.245208740234376e-05",5.722045898437501e-05,6.198883056640625e-05,6.67572021484375e-05,7.152557373046875e-05,7.62939453125e-05,8.106231689453125e-05,8.583068847656251e-05,9.918212890625001e-05,0.00012016296386700001," 0.0001802444458]""",0.000268936157226,8.296966552734376e-05,3.888742208480835,0.021096294745802,0.00390625,0.000186920166015,0.00036239624023400003,0.00036239624023400003,0.507523148148148,0.5076388888888881,0.00011574074074
247162296362,24716229636,2,0,22458775280,1.0,"""[6.198883056640625e-05",6.4849853515625e-05,6.771087646484375e-05,7.05718994140625e-05,7.43865966796875e-05,7.724761962890625e-05,8.0108642578125e-05,8.296966552734376e-05,8.583068847656251e-05,0.00010490417480400001," 0.00017738342285100002]""",0.00021743774414,7.915496826171875e-05,3.8356823921203613,0.018695244565606003,0.00390625,0.000186920166015,0.000360488891601,0.000360488891601,0.505671296296296,0.5057870370370371,0.00011574074074
247162296362,24716229636,2,0,22458775280,1.0,"""[6.008148193359376e-05",6.29425048828125e-05,6.67572021484375e-05,6.961822509765625e-05,7.343292236328125e-05,7.62939453125e-05,8.0108642578125e-05,8.296966552734376e-05,8.678436279296876e-05,0.000110626220703," 0.000190734863281]""",0.000190734863281,8.296966552734376e-05,4.733638286590576,0.024380896240472003,0.00390625,0.000186920166015,0.000361442565917,0.000360488891601,0.506134259259259,0.5062500000000001,0.00011574074074
247162296362,24716229636,2,0,22458775280,0.9933333396911621,"""[4.768371582031251e-05",5.245208740234376e-05,5.722045898437501e-05,6.198883056640625e-05,6.67572021484375e-05,7.152557373046875e-05,7.62939453125e-05,8.106231689453125e-05,8.583068847656251e-05,0.00010871887207," 0.000174522399902]""",0.00040817260742100005,7.343292236328125e-05,3.80811333656311,0.017076443880796002,0.00390625,0.000186920166015,0.00036239624023400003,0.00036239624023400003,0.5081018518518511,0.508217592592592,0.00011574074074
247162296362,24716229636,2,0,22458775280,1.0,"""[5.626678466796876e-05",6.389617919921875e-05,7.152557373046875e-05,7.915496826171875e-05,8.678436279296876e-05,0.00010013580322200001,0.000113487243652,0.000127792358398,0.000144958496093,0.000164985656738," 0.00023651123046800003]""",0.00030231475830000003,0.00010871887207,3.579039812088012,0.012401558458805001,0.00390625,0.000186920166015,0.00036239624023400003,0.00036239624023400003,0.5090277777777771,0.509143518518518,0.00011574074074
247162296362,24716229636,2,0,22458775280,1.0,"""[6.103515625e-05",6.389617919921875e-05,6.67572021484375e-05,6.961822509765625e-05,7.343292236328125e-05,7.62939453125e-05,7.915496826171875e-05,8.20159912109375e-05,8.487701416015626e-05,8.964538574218751e-05," 0.00017166137695300002]""",0.000309944152832,7.82012939453125e-05,3.8356823921203613,0.018695244565606003,0.00390625,0.000186920166015,0.000360488891601,0.000360488891601,0.5057870370370371,0.505902777777777,0.00011574074074
247162296362,24716229636,2,0,22458775280,1.0,"""[7.62939453125e-06",5.245208740234376e-05,6.198883056640625e-05,7.2479248046875e-05,8.20159912109375e-05,9.346008300781251e-05,0.00010490417480400001,0.000115394592285,0.000126838684082,0.00016880035400300002," 0.008209228515625]""",0.008209228515625,0.000370025634765,0.0,0.0,0.00390625,0.000179290771484,0.000543594360351,0.000507354736328,0.5053016975308641,0.5053240740740741,2.237654320987654e-05
247162296362,24716229636,2,0,22458775280,1.0,"""[4.482269287109376e-05",5.054473876953126e-05,5.531311035156251e-05,6.103515625e-05,6.67572021484375e-05,7.152557373046875e-05,7.724761962890625e-05,8.296966552734376e-05,8.773803710937501e-05,0.000123023986816," 0.00017642974853500002]""",0.000226974487304,7.724761962890625e-05,3.579039812088012,0.012401558458805001,0.00390625,0.000186920166015,0.00036525726318300004,0.00036334991455000003,0.509143518518518,0.5092592592592591,0.00011574074074
247162296362,24716229636,2,0,22458775280,1.0,"""[5.722045898437501e-05",6.198883056640625e-05,6.67572021484375e-05,7.152557373046875e-05,7.724761962890625e-05,8.20159912109375e-05,8.678436279296876e-05,9.918212890625001e-05,0.000112533569335,0.000125885009765," 0.00022792816162100002]""",0.00022792816162100002,9.059906005859376e-05,3.929236650466918,0.020200548693537,0.00390625,0.000186920166015,0.00036239624023400003,0.000361442565917,0.5074074074074071,0.507523148148148,0.00011574074074
247162296362,24716229636,2,0,22458775280,1.0,"""[5.149841308593751e-05",5.626678466796876e-05,6.103515625e-05,6.580352783203125e-05,7.05718994140625e-05,7.534027099609375e-05,8.0108642578125e-05,8.487701416015626e-05,0.00010299682617100001,0.00014209747314400002," 0.00023460388183500002]""",0.00027847290039,8.773803710937501e-05,3.502928733825683,0.013594254851341001,0.00390625,0.000186920166015,0.000361442565917,0.000361442565917,0.506828703703703,0.5069444444444441,0.00011574074074
247162296362,24716229636,2,0,22458775280,1.0,"""[5.245208740234376e-05",5.817413330078126e-05,6.4849853515625e-05,7.05718994140625e-05,7.724761962890625e-05,8.392333984375001e-05,9.441375732421876e-05,0.00011920928955000001,0.00014114379882800002,0.00016212463378900002," 0.00023460388183500002]""",0.000275611877441,0.00010108947753900001,3.579039812088012,0.012401558458805001,0.00390625,0.000186920166015,0.00036334991455000003,0.00036239624023400003,0.508912037037037,0.5090277777777771,0.00011574074074
247162296362,24716229636,2,0,22458775280,1.0,"""[4.768371582031251e-05",5.149841308593751e-05,5.626678466796876e-05,6.103515625e-05,6.4849853515625e-05,6.961822509765625e-05,7.43865966796875e-05,7.82012939453125e-05,8.296966552734376e-05,8.773803710937501e-05," 0.00018405914306600003]""",0.00018405914306600003,7.05718994140625e-05,3.540920734405517,0.014529732987284001,0.00390625,0.000186920166015,0.00036239624023400003,0.00036239624023400003,0.5083333333333331,0.508449074074074,0.00011574074074
247162296362,24716229636,2,0,22458775280,1.0,"""[5.435943603515626e-05",5.817413330078126e-05,6.198883056640625e-05,6.4849853515625e-05,6.866455078125e-05,7.2479248046875e-05,7.62939453125e-05,7.915496826171875e-05,8.296966552734376e-05,8.678436279296876e-05," 0.00018119812011700001]""",0.00018119812011700001,7.2479248046875e-05,3.502928733825683,0.013594254851341001,0.00390625,0.000186920166015,0.000361442565917,0.000361442565917,0.506597222222222,0.5067129629629631,0.00011574074074
247162296362,24716229636,2,0,22458775280,1.0,"""[4.863739013671876e-05",5.340576171875001e-05,5.722045898437501e-05,6.198883056640625e-05,6.67572021484375e-05,7.05718994140625e-05,7.534027099609375e-05,8.0108642578125e-05,8.487701416015626e-05,0.00010490417480400001," 0.000231742858886]""",0.000231742858886,7.62939453125e-05,3.502928733825683,0.013594254851341001,0.00390625,0.000186920166015,0.00036239624023400003,0.000361442565917,0.5067129629629631,0.506828703703703,0.00011574074074
