UniqJobId,collection_id,instance_index,priority,machine_id,sample_rate,cpu_usage_distribution1,cpu_usage_distribution2,cpu_usage_distribution3,cpu_usage_distribution4,cpu_usage_distribution5,cpu_usage_distribution6,cpu_usage_distribution7,cpu_usage_distribution8,cpu_usage_distribution9,cpu_usage_distribution10,cpu_usage_distribution11,max_cpu,avg_cpu,cycles_per_instruction,memory_accesses_per_instruction,assigned_memory,page_cache_memory,max_memory,avg_memory,start_time,end_time,time_window
2475368074320,247536807432,0,0,2059474546,1.0,"""[9.822845458984376e-05",0.00010204315185500001,0.00010585784912100001,0.000110626220703,0.000114440917968,0.00011920928955000001,0.000123023986816,0.000127792358398,0.00013160705566400002,0.000164985656738," 0.000550270080566]""",0.000550270080566,0.000128746032714,4.867372989654541,0.018068125471472,0.0012893676757810002,0.00018119812011700001,0.0012893676757810002,0.0012893676757810002,0.507291666666666,0.5074074074074071,0.00011574074074
2475368074320,247536807432,0,0,2059474546,1.0,"""[0.00010204315185500001",0.00010585784912100001,0.000110626220703,0.000114440917968,0.00011825561523400002,0.0001220703125,0.000126838684082,0.000130653381347,0.00014591217041000002,0.00016880035400300002," 0.000452041625976]""",0.000452041625976,0.00013256072998000002,4.504347324371337,0.016604563221335,0.0012893676757810002,0.000190734863281,0.0012893676757810002,0.0012893676757810002,0.501851851851851,0.501967592592592,0.00011574074074
2475368074320,247536807432,0,0,2059474546,1.0,"""[0.00010108947753900001",0.00010490417480400001,0.00010871887207,0.000113487243652,0.00011730194091700002,0.00012111663818300001,0.000125885009765,0.000129699707031,0.00014209747314400002,0.00016880035400300002," 0.000538825988769]""",0.0005350112915030001,0.000129699707031,2.750367879867553,0.010455176234245,0.0012893676757810002,0.0001802444458,0.0012893676757810002,0.0012893676757810002,0.5078703703703701,0.507986111111111,0.00011574074074
2475368074320,247536807432,0,0,2059474546,1.0,"""[0.000106811523437",0.000110626220703,0.000114440917968,0.00011825561523400002,0.0001220703125,0.000125885009765,0.000129699707031,0.00013732910156200002,0.000155448913574,0.00017261505126900002," 0.0007247924804680001]""",0.0007247924804680001,0.00013732910156200002,4.381345748901367,0.016540130600333002,0.0012893676757810002,0.00018215179443300001,0.0012893676757810002,0.0012893676757810002,0.504050925925925,0.504166666666666,0.00011574074074
2475368074320,247536807432,0,0,2059474546,1.0,"""[0.00010299682617100001",0.000106811523437,0.000110626220703,0.000114440917968,0.00011825561523400002,0.0001220703125,0.000126838684082,0.000130653381347,0.00014686584472600002,0.000170707702636," 0.0005836486816400001]""",0.000584602355957,0.00013256072998000002,4.47904634475708,0.014816164039075002,0.0012893676757810002,0.00018215179443300001,0.0012893676757810002,0.0012893676757810002,0.504513888888888,0.504629629629629,0.00011574074074
2475368074320,247536807432,0,0,2059474546,1.0,"""[0.00010204315185500001",0.00010585784912100001,0.000109672546386,0.000113487243652,0.00011730194091700002,0.00012111663818300001,0.000124931335449,0.000129699707031,0.000139236450195,0.00016307830810500002," 0.00033378601074200004]""",0.00033378601074200004,0.000126838684082,4.845249652862548,0.017862061038613,0.0012893676757810002,0.00018215179443300001,0.0012893676757810002,0.0012893676757810002,0.5048611111111111,0.504976851851851,0.00011574074074
2475368074320,247536807432,0,0,2059474546,1.0,"""[0.00010299682617100001",0.000106811523437,0.000110626220703,0.000114440917968,0.00011920928955000001,0.000123023986816,0.000126838684082,0.000130653381347,0.000144958496093,0.000165939331054," 0.000743865966796]""",0.001047134399414,0.00013160705566400002,2.814926862716674,0.010109785944223001,0.0012893676757810002,0.000179290771484,0.0012893676757810002,0.0012893676757810002,0.5090277777777771,0.509143518518518,0.00011574074074
2475368074320,247536807432,0,0,2059474546,1.0,"""[0.000107765197753",0.000110626220703,0.000114440917968,0.00011825561523400002,0.0001220703125,0.000125885009765,0.000129699707031,0.00013637542724600002,0.000154495239257,0.00017261505126900002," 0.000670433044433]""",0.0005836486816400001,0.000140190124511,4.835720062255859,0.018169231712818,0.0012893676757810002,0.000191688537597,0.0012893676757810002,0.001283645629882,0.501273148148148,0.501388888888888,0.00011574074074
2475368074320,247536807432,0,0,2059474546,1.0,"""[0.00010204315185500001",0.000106811523437,0.000110626220703,0.000114440917968,0.00011920928955000001,0.000123023986816,0.000127792358398,0.00013160705566400002,0.000149726867675,0.00016689300537100002," 0.000481605529785]""",0.000481605529785,0.00013256072998000002,4.672998905181884,0.015935990959405,0.0012893676757810002,0.00018215179443300001,0.0012893676757810002,0.0012893676757810002,0.5055555555555551,0.505671296296296,0.00011574074074
2475368074320,247536807432,0,0,2059474546,1.0,"""[9.441375732421876e-05",9.822845458984376e-05,0.00010299682617100001,0.000107765197753,0.000111579895019,0.000116348266601,0.00012111663818300001,0.000124931335449,0.000129699707031,0.00015640258789," 0.000707626342773]""",0.000708580017089,0.000124931335449,4.159782409667968,0.015648260712623003,0.0012893676757810002,0.00018119812011700001,0.0012893676757810002,0.0012893676757810002,0.5076388888888881,0.507754629629629,0.00011574074074
2475368074320,247536807432,0,0,2059474546,1.0,"""[0.00010204315185500001",0.00010585784912100001,0.000110626220703,0.000114440917968,0.00011920928955000001,0.000123023986816,0.000127792358398,0.00013160705566400002,0.00015068054199200001,0.00017166137695300002," 0.001468658447265]""",0.001468658447265,0.00013732910156200002,2.750367879867553,0.010455176234245,0.0012893676757810002,0.0001802444458,0.0012893676757810002,0.0012893676757810002,0.507754629629629,0.5078703703703701,0.00011574074074
2475368074320,247536807432,0,0,2059474546,0.996666669845581,"""[0.000107765197753",0.000111579895019,0.000115394592285,0.00011920928955000001,0.000123023986816,0.000126838684082,0.00013160705566400002,0.000144004821777,0.00015830993652300002,0.00017356872558500002," 0.000627517700195]""",0.000672340393066,0.000140190124511,4.694622993469238,0.016711341217160003,0.0012893676757810002,0.000190734863281,0.0012893676757810002,0.0012893676757810002,0.501967592592592,0.502083333333333,0.00011574074074
2475368074320,247536807432,0,0,2059474546,1.0,"""[0.00010299682617100001",0.000106811523437,0.000110626220703,0.000114440917968,0.00011825561523400002,0.0001220703125,0.000125885009765,0.000129699707031,0.00014114379882800002,0.00016975402832," 0.000592231750488]""",0.000593185424804,0.00013160705566400002,4.893887042999267,0.018838487565517002,0.0012893676757810002,0.00018215179443300001,0.0012893676757810002,0.0012893676757810002,0.505902777777777,0.5060185185185181,0.00011574074074
2475368074320,247536807432,0,0,2059474546,1.0,"""[9.441375732421876e-05",9.918212890625001e-05,0.00010395050048800001,0.00010871887207,0.000112533569335,0.00011730194091700002,0.0001220703125,0.000126838684082,0.00013160705566400002,0.000161170959472," 0.0005836486816400001]""",0.0005836486816400001,0.000125885009765,5.055639743804931,0.019096871837973,0.0012893676757810002,0.0001802444458,0.0012893676757810002,0.0012893676757810002,0.508217592592592,0.5083333333333331,0.00011574074074
2475368074320,247536807432,0,0,2059474546,1.0,"""[0.000106811523437",0.000110626220703,0.000113487243652,0.00011730194091700002,0.00012111663818300001,0.000124931335449,0.000128746032714,0.00013160705566400002,0.00015068054199200001,0.00016880035400300002," 0.000592231750488]""",0.000593185424804,0.000134468078613,4.553718566894531,0.016782991588115,0.0012893676757810002,0.00018501281738200003,0.0012893676757810002,0.0012893676757810002,0.502430555555555,0.502546296296296,0.00011574074074
2475368074320,247536807432,0,0,2059474546,1.0,"""[0.00010299682617100001",0.000106811523437,0.000110626220703,0.000115394592285,0.00011920928955000001,0.000123977661132,0.000127792358398,0.00013160705566400002,0.00015163421630800001,0.00017166137695300002," 0.00043487548828100004]""",0.00043487548828100004,0.00013637542724600002,5.330110549926757,0.020171308889985,0.0012893676757810002,0.00018119812011700001,0.0012893676757810002,0.0012893676757810002,0.5064814814814811,0.506597222222222,0.00011574074074
2475368074320,247536807432,0,0,2059474546,1.0,"""[0.00010585784912100001",0.00010871887207,0.000112533569335,0.000116348266601,0.00011920928955000001,0.000123023986816,0.000125885009765,0.000129699707031,0.000139236450195,0.00016403198242100002," 0.00048732757568300004]""",0.0006065368652340001,0.000130653381347,4.47904634475708,0.014816164039075002,0.0012893676757810002,0.00018215179443300001,0.0012893676757810002,0.0012893676757810002,0.504629629629629,0.50474537037037,0.00011574074074
2475368074320,247536807432,0,0,2059474546,1.0,"""[0.000106811523437",0.000110626220703,0.000115394592285,0.00011920928955000001,0.000123023986816,0.000127792358398,0.00013160705566400002,0.000144958496093,0.00015926361083900002,0.00017356872558500002," 0.001321792602539]""",0.001321792602539,0.00014591217041000002,4.716983795166015,0.017229061573743,0.0012893676757810002,0.00019359588623000002,0.0010833740234370002,0.0010814666748040001,0.500810185185185,0.500925925925925,0.00011574074074
2475368074320,247536807432,0,0,2059474546,1.0,"""[0.00010585784912100001",0.000109672546386,0.000113487243652,0.00011730194091700002,0.00012111663818300001,0.000124931335449,0.000128746032714,0.00013256072998000002,0.00015068054199200001,0.00016975402832," 0.000514030456542]""",0.0005102157592770001,0.000135421752929,4.139664649963378,0.014607565477490002,0.0012893676757810002,0.00018501281738200003,0.0012893676757810002,0.0012893676757810002,0.502777777777777,0.502893518518518,0.00011574074074
2475368074320,247536807432,0,0,2059474546,1.0,"""[0.00010395050048800001",0.000107765197753,0.000111579895019,0.000115394592285,0.00011920928955000001,0.000123023986816,0.000126838684082,0.000130653381347,0.00014781951904200002,0.000170707702636," 0.00045776367187500005]""",0.00045776367187500005,0.00013351440429600002,4.835720062255859,0.018169231712818,0.0012893676757810002,0.000191688537597,0.0012893676757810002,0.0012893676757810002,0.501157407407407,0.501273148148148,0.00011574074074
2475368074320,247536807432,0,0,2059474546,1.0,"""[9.822845458984376e-05",0.00010299682617100001,0.000107765197753,0.000111579895019,0.000116348266601,0.00012111663818300001,0.000125885009765,0.000130653381347,0.00014781951904200002,0.000170707702636," 0.0006608963012690001]""",0.0006608963012690001,0.00013256072998000002,4.572758197784423,0.017169900238513003,0.0012893676757810002,0.00018119812011700001,0.0012893676757810002,0.0012893676757810002,0.507523148148148,0.5076388888888881,0.00011574074074
2475368074320,247536807432,0,0,2059474546,1.0,"""[0.000116348266601",0.00012016296386700001,0.000123977661132,0.000127792358398,0.00013160705566400002,0.00014114379882800002,0.000149726867675,0.00015926361083900002,0.00016784667968700002,0.00018405914306600003," 0.002220153808593]""",0.0022239685058590003,0.00015640258789,4.164802551269531,0.015133036300539,0.0012893676757810002,0.00020408630371000002,0.00108528137207,0.0010738372802730001,0.5001157407407401,0.500231481481481,0.00011574074074
2475368074320,247536807432,0,0,2059474546,1.0,"""[0.00010013580322200001",0.00010395050048800001,0.000107765197753,0.000111579895019,0.000115394592285,0.00011920928955000001,0.000123023986816,0.000126838684082,0.000130653381347,0.00016307830810500002," 0.00043487548828100004]""",0.00043487548828100004,0.000125885009765,4.652848720550537,0.017861289903521,0.0012893676757810002,0.00018215179443300001,0.0012893676757810002,0.0012893676757810002,0.504166666666666,0.504282407407407,0.00011574074074
2475368074320,247536807432,0,0,2059474546,1.0,"""[0.00010013580322200001",0.00010585784912100001,0.000111579895019,0.00011730194091700002,0.000123023986816,0.000128746032714,0.00013828277587800002,0.000149726867675,0.000161170959472,0.00017261505126900002," 0.00044727325439400005]""",0.00044727325439400005,0.00013828277587800002,3.082649707794189,0.011157691478729002,0.0012893676757810002,0.000196456909179,0.001079559326171,0.001075744628906,0.500462962962963,0.500578703703703,0.00011574074074
2475368074320,247536807432,0,0,2059474546,1.0,"""[9.536743164062501e-05",0.00010013580322200001,0.00010490417480400001,0.000109672546386,0.000113487243652,0.00011825561523400002,0.000123023986816,0.000127792358398,0.00013160705566400002,0.00016403198242100002," 0.00046920776367100005]""",0.00046920776367100005,0.000123977661132,5.163633346557617,0.019501700997352,0.0012893676757810002,0.0001802444458,0.0012893676757810002,0.0012893676757810002,0.5083333333333331,0.508449074074074,0.00011574074074
2475368074320,247536807432,0,0,2059474546,1.0,"""[0.00010490417480400001",0.00010871887207,0.000112533569335,0.000116348266601,0.00011920928955000001,0.000123023986816,0.000126838684082,0.000130653381347,0.000148773193359,0.00017261505126900002," 0.0006437301635740001]""",0.000642776489257,0.000135421752929,4.485352039337158,0.014868613332509,0.0012893676757810002,0.00018215179443300001,0.0012893676757810002,0.0012893676757810002,0.50474537037037,0.5048611111111111,0.00011574074074
2475368074320,247536807432,0,0,2059474546,1.0,"""[0.00010871887207",0.000111579895019,0.000115394592285,0.00011825561523400002,0.0001220703125,0.000125885009765,0.000129699707031,0.000135421752929,0.000153541564941,0.000170707702636," 0.00048732757568300004]""",0.00048732757568300004,0.00013732910156200002,4.716983795166015,0.017229061573743,0.0012893676757810002,0.000191688537597,0.0012893676757810002,0.001087188720703,0.500925925925925,0.501041666666666,0.00011574074074
2475368074320,247536807432,0,0,2059474546,1.0,"""[9.918212890625001e-05",0.00010395050048800001,0.000107765197753,0.000112533569335,0.00011730194091700002,0.00012111663818300001,0.000125885009765,0.000130653381347,0.000144004821777,0.00016403198242100002," 0.000548362731933]""",0.000548362731933,0.00013351440429600002,4.692370414733886,0.016152597963809003,0.0012893676757810002,0.00018215179443300001,0.0012893676757810002,0.0012893676757810002,0.5053240740740741,0.505439814814814,0.00011574074074
2475368074320,247536807432,0,0,2059474546,1.0,"""[9.918212890625001e-05",0.00010395050048800001,0.000107765197753,0.000112533569335,0.000116348266601,0.00012111663818300001,0.000124931335449,0.000129699707031,0.00014305114746000002,0.00016689300537100002," 0.000561714172363]""",0.000561714172363,0.000128746032714,2.884123802185058,0.010477200150489,0.0012893676757810002,0.00017833709716700002,0.0012893676757810002,0.0012893676757810002,0.509375,0.5094907407407401,0.00011574074074
2475368074320,247536807432,0,0,2059474546,1.0,"""[0.00010013580322200001",0.00010395050048800001,0.00010871887207,0.000112533569335,0.000116348266601,0.00012111663818300001,0.000124931335449,0.000128746032714,0.00014114379882800002,0.00016975402832," 0.0006332397460930001]""",0.00063419342041,0.00013256072998000002,4.8309245109558105,0.018011150881648,0.0012893676757810002,0.00018215179443300001,0.0012893676757810002,0.0012893676757810002,0.505671296296296,0.5057870370370371,0.00011574074074
2475368074320,247536807432,0,0,2059474546,1.0,"""[9.822845458984376e-05",0.00010299682617100001,0.000106811523437,0.000111579895019,0.000115394592285,0.00012016296386700001,0.000123977661132,0.000128746032714,0.00013637542724600002,0.00016880035400300002," 0.000678062438964]""",0.00063419342041,0.000130653381347,5.841822624206543,0.023156022652983003,0.0012893676757810002,0.00018215179443300001,0.0012893676757810002,0.0012893676757810002,0.506134259259259,0.5062500000000001,0.00011574074074
2475368074320,247536807432,0,0,2059474546,1.0,"""[0.00010013580322200001",0.00010395050048800001,0.000107765197753,0.000112533569335,0.000116348266601,0.00012016296386700001,0.000123977661132,0.000127792358398,0.00013351440429600002,0.000165939331054," 0.00043773651123000005]""",0.0005826950073240001,0.000130653381347,4.627361297607421,0.017414733767509002,0.0012893676757810002,0.00018215179443300001,0.0012893676757810002,0.0012893676757810002,0.504398148148148,0.504513888888888,0.00011574074074
2475368074320,247536807432,0,0,2059474546,1.0,"""[0.000107765197753",0.000111579895019,0.000115394592285,0.00011920928955000001,0.0001220703125,0.000125885009765,0.000129699707031,0.000140190124511,0.000155448913574,0.00017166137695300002," 0.000506401062011]""",0.000506401062011,0.000140190124511,3.347765445709228,0.01214256696403,0.0012893676757810002,0.000196456909179,0.001079559326171,0.001079559326171,0.500694444444444,0.500810185185185,0.00011574074074
2475368074320,247536807432,0,0,2059474546,1.0,"""[9.822845458984376e-05",0.00010204315185500001,0.000106811523437,0.000111579895019,0.000115394592285,0.00012016296386700001,0.000123977661132,0.000128746032714,0.00013828277587800002,0.00016689300537100002," 0.000518798828125]""",0.0005226135253900001,0.000128746032714,4.920693397521972,0.01778326742351,0.0012893676757810002,0.00018119812011700001,0.0012893676757810002,0.0012893676757810002,0.5067129629629631,0.506828703703703,0.00011574074074
2475368074320,247536807432,0,0,2059474546,1.0,"""[0.00010395050048800001",0.000107765197753,0.000111579895019,0.000115394592285,0.00011920928955000001,0.000123023986816,0.000126838684082,0.000130653381347,0.00014591217041000002,0.00016975402832," 0.0006246566772460001]""",0.0006246566772460001,0.00013160705566400002,2.64002513885498,0.009181111119687,0.0012893676757810002,0.000179290771484,0.0012893676757810002,0.0012893676757810002,0.508680555555555,0.5087962962962961,0.00011574074074
2475368074320,247536807432,0,0,2059474546,1.0,"""[9.918212890625001e-05",0.00010395050048800001,0.00010871887207,0.000112533569335,0.00011730194091700002,0.0001220703125,0.000125885009765,0.000130653381347,0.00014686584472600002,0.00016975402832," 0.0013656616210930002]""",0.0013656616210930002,0.000135421752929,2.884123802185058,0.010477200150489,0.0012893676757810002,0.000179290771484,0.0012893676757810002,0.0012893676757810002,0.509143518518518,0.5092592592592591,0.00011574074074
2475368074320,247536807432,0,0,2059474546,1.0,"""[0.00010013580322200001",0.00010395050048800001,0.000107765197753,0.000112533569335,0.000116348266601,0.00012111663818300001,0.000124931335449,0.000129699707031,0.00014209747314400002,0.000165939331054," 0.000473976135253]""",0.000473976135253,0.000128746032714,2.884123802185058,0.010477200150489,0.0012893676757810002,0.00017833709716700002,0.0012893676757810002,0.0012893676757810002,0.5092592592592591,0.509375,0.00011574074074
2475368074320,247536807432,0,0,2059474546,1.0,"""[9.918212890625001e-05",0.00010299682617100001,0.000106811523437,0.000111579895019,0.000115394592285,0.00011920928955000001,0.000123023986816,0.000127792358398,0.00013160705566400002,0.00016307830810500002," 0.00047588348388600003]""",0.00047588348388600003,0.000125885009765,4.572758197784423,0.017169900238513003,0.0012893676757810002,0.00018119812011700001,0.0012893676757810002,0.0012893676757810002,0.5074074074074071,0.507523148148148,0.00011574074074
2475368074320,247536807432,0,0,2059474546,1.0,"""[0.00010108947753900001",0.00010490417480400001,0.00010871887207,0.000113487243652,0.00011730194091700002,0.00012111663818300001,0.000125885009765,0.000129699707031,0.00014305114746000002,0.00016880035400300002," 0.00045871734619100005]""",0.00045871734619100005,0.000130653381347,4.319896221160888,0.016418112441897,0.0012893676757810002,0.00018215179443300001,0.0012893676757810002,0.0012893676757810002,0.503703703703703,0.503819444444444,0.00011574074074
2475368074320,247536807432,0,0,2059474546,1.0,"""[0.00010108947753900001",0.00010490417480400001,0.00010871887207,0.000112533569335,0.000116348266601,0.00012111663818300001,0.000124931335449,0.000128746032714,0.00013828277587800002,0.000165939331054," 0.00046157836914]""",0.00046157836914,0.000130653381347,4.303944587707519,0.016163490712642,0.0012893676757810002,0.00018215179443300001,0.0012893676757810002,0.0012893676757810002,0.503935185185185,0.504050925925925,0.00011574074074
2475368074320,247536807432,0,0,2059474546,1.0,"""[0.000110626220703",0.000114440917968,0.00011825561523400002,0.00012111663818300001,0.000124931335449,0.000128746032714,0.00013160705566400002,0.000144958496093,0.00015830993652300002,0.00017166137695300002," 0.0004911422729490001]""",0.0004911422729490001,0.00014114379882800002,4.713735103607177,0.016722066327929,0.0012893676757810002,0.000190734863281,0.0012893676757810002,0.0012893676757810002,0.502083333333333,0.502199074074074,0.00011574074074
2475368074320,247536807432,0,0,2059474546,1.0,"""[0.000107765197753",0.000111579895019,0.000114440917968,0.00011825561523400002,0.0001220703125,0.000124931335449,0.000128746032714,0.00013256072998000002,0.00015163421630800001,0.000170707702636," 0.00152587890625]""",0.00152587890625,0.00013732910156200002,4.713735103607177,0.016722066327929,0.0012893676757810002,0.00018787384033200002,0.0012893676757810002,0.0012893676757810002,0.502199074074074,0.502314814814814,0.00011574074074
2475368074320,247536807432,0,0,2059474546,1.0,"""[0.000107765197753",0.000111579895019,0.000115394592285,0.00011825561523400002,0.0001220703125,0.000125885009765,0.000129699707031,0.000135421752929,0.000152587890625,0.00016975402832," 0.000508308410644]""",0.000508308410644,0.00013732910156200002,4.5857977867126465,0.016770778223872,0.0012893676757810002,0.00018501281738200003,0.0012893676757810002,0.0012893676757810002,0.502314814814814,0.502430555555555,0.00011574074074
2475368074320,247536807432,0,0,2059474546,1.0,"""[0.00010013580322200001",0.00010490417480400001,0.00010871887207,0.000113487243652,0.00011825561523400002,0.000123023986816,0.000127792358398,0.00013160705566400002,0.00015163421630800001,0.00017166137695300002," 0.000473022460937]""",0.000489234924316,0.00013256072998000002,5.841822624206543,0.023156022652983003,0.0012893676757810002,0.00018215179443300001,0.0012893676757810002,0.0012893676757810002,0.5062500000000001,0.50636574074074,0.00011574074074
2475368074320,247536807432,0,0,2059474546,1.0,"""[0.00010585784912100001",0.000109672546386,0.000113487243652,0.00011730194091700002,0.00012016296386700001,0.000123977661132,0.000127792358398,0.00013160705566400002,0.000149726867675,0.00016880035400300002," 0.00044631958007800005]""",0.00044631958007800005,0.00013160705566400002,4.553718566894531,0.016782991588115,0.0012893676757810002,0.00018501281738200003,0.0012893676757810002,0.0012893676757810002,0.502546296296296,0.502662037037037,0.00011574074074
2475368074320,247536807432,0,0,2059474546,1.0,"""[0.00010299682617100001",0.000106811523437,0.000110626220703,0.000114440917968,0.00011920928955000001,0.000123023986816,0.000126838684082,0.00013160705566400002,0.000148773193359,0.00016975402832," 0.000828742980957]""",0.000828742980957,0.000134468078613,4.139664649963378,0.014607565477490002,0.0012893676757810002,0.00018501281738200003,0.0012893676757810002,0.0012893676757810002,0.502893518518518,0.503009259259259,0.00011574074074
2475368074320,247536807432,0,0,2059474546,1.0,"""[0.00010871887207",0.000112533569335,0.000116348266601,0.00012016296386700001,0.000123977661132,0.000128746032714,0.00013256072998000002,0.00014591217041000002,0.000160217285156,0.00017356872558500002," 0.000603675842285]""",0.0006027221679680001,0.00014114379882800002,4.736272811889648,0.017381796613335002,0.0012893676757810002,0.000191688537597,0.0012893676757810002,0.0012893676757810002,0.501041666666666,0.501157407407407,0.00011574074074
2475368074320,247536807432,0,0,2059474546,1.0,"""[0.00010204315185500001",0.00010585784912100001,0.000109672546386,0.000113487243652,0.00011825561523400002,0.0001220703125,0.000125885009765,0.000130653381347,0.000144958496093,0.00016975402832," 0.000558853149414]""",0.000558853149414,0.000130653381347,5.072057723999023,0.01844335347414,0.0012893676757810002,0.00018405914306600003,0.0012893676757810002,0.0012893676757810002,0.5031249999999999,0.50324074074074,0.00011574074074
2475368074320,247536807432,0,0,2059474546,1.0,"""[0.00010490417480400001",0.00010871887207,0.000111579895019,0.000115394592285,0.00011920928955000001,0.000123023986816,0.000126838684082,0.000130653381347,0.000144958496093,0.00016975402832," 0.000432014465332]""",0.000432014465332,0.000130653381347,5.072057723999023,0.01844335347414,0.0012893676757810002,0.00018405914306600003,0.0012893676757810002,0.0012893676757810002,0.50324074074074,0.503356481481481,0.00011574074074
2475368074320,247536807432,0,0,2059474546,1.0,"""[0.000106811523437",0.000110626220703,0.000114440917968,0.00011825561523400002,0.0001220703125,0.000125885009765,0.000129699707031,0.00013732910156200002,0.000154495239257,0.00017166137695300002," 0.000513076782226]""",0.000513076782226,0.00013732910156200002,4.815670490264892,0.018074562773108,0.0012893676757810002,0.000191688537597,0.0012893676757810002,0.0012893676757810002,0.501388888888888,0.501504629629629,0.00011574074074
2475368074320,247536807432,0,0,2059474546,1.0,"""[0.00010299682617100001",0.000106811523437,0.000110626220703,0.000114440917968,0.00011825561523400002,0.0001220703125,0.000126838684082,0.000130653381347,0.000144958496093,0.00016880035400300002," 0.000678062438964]""",0.000678062438964,0.00013160705566400002,4.328953742980957,0.016562689095735002,0.0012893676757810002,0.00018405914306600003,0.0012893676757810002,0.0012893676757810002,0.503472222222222,0.503587962962962,0.00011574074074
2475368074320,247536807432,0,0,2059474546,1.0,"""[0.00010871887207",0.000112533569335,0.000116348266601,0.00012016296386700001,0.000124931335449,0.000128746032714,0.00013256072998000002,0.00014686584472600002,0.000160217285156,0.000174522399902," 0.000440597534179]""",0.000440597534179,0.000139236450195,4.164802551269531,0.015133036300539,0.0012893676757810002,0.000196456909179,0.001077651977539,0.001075744628906,0.500231481481481,0.500347222222222,0.00011574074074
2475368074320,247536807432,0,0,2059474546,1.0,"""[0.000106811523437",0.000109672546386,0.000113487243652,0.00011730194091700002,0.00012111663818300001,0.000124931335449,0.000128746032714,0.000134468078613,0.00015163421630800001,0.00016975402832," 0.000638961791992]""",0.000772476196289,0.00013828277587800002,3.082649707794189,0.011157691478729002,0.0012893676757810002,0.000196456909179,0.001079559326171,0.001075744628906,0.500578703703703,0.500694444444444,0.00011574074074
2475368074320,247536807432,0,0,2059474546,1.0,"""[9.918212890625001e-05",0.00010299682617100001,0.000106811523437,0.000110626220703,0.000115394592285,0.00011920928955000001,0.000123977661132,0.000127792358398,0.00013160705566400002,0.000164985656738," 0.0009298324584960001]""",0.0009288787841790001,0.000127792358398,5.163633346557617,0.019501700997352,0.0012893676757810002,0.000179290771484,0.0012893676757810002,0.0012893676757810002,0.508449074074074,0.5085648148148141,0.00011574074074
2475368074320,247536807432,0,0,2059474546,1.0,"""[0.000106811523437",0.000110626220703,0.000114440917968,0.00011825561523400002,0.0001220703125,0.000125885009765,0.000129699707031,0.00013732910156200002,0.000153541564941,0.00016880035400300002," 0.000494956970214]""",0.0004959106445310001,0.000134468078613,4.504347324371337,0.016604563221335,0.0012893676757810002,0.000190734863281,0.0012893676757810002,0.0012893676757810002,0.50162037037037,0.501736111111111,0.00011574074074
2475368074320,247536807432,0,0,2059474546,1.0,"""[9.822845458984376e-05",0.00010299682617100001,0.000106811523437,0.000110626220703,0.000115394592285,0.00011920928955000001,0.000123977661132,0.000127792358398,0.000134468078613,0.000165939331054," 0.0005159378051750001]""",0.0005159378051750001,0.000126838684082,4.893887042999267,0.018838487565517002,0.0012893676757810002,0.00018215179443300001,0.0012893676757810002,0.0012893676757810002,0.5057870370370371,0.505902777777777,0.00011574074074
2475368074320,247536807432,0,0,2059474546,1.0,"""[9.727478027343751e-05",0.00010108947753900001,0.00010585784912100001,0.000109672546386,0.000114440917968,0.00011920928955000001,0.000123023986816,0.000127792358398,0.00013160705566400002,0.000164985656738," 0.001232147216796]""",0.0012340545654290001,0.00013160705566400002,5.841822624206543,0.023156022652983003,0.0012893676757810002,0.00018215179443300001,0.0012893676757810002,0.0012893676757810002,0.50636574074074,0.5064814814814811,0.00011574074074
2475368074320,247536807432,0,0,2059474546,1.0,"""[0.00010395050048800001",0.000107765197753,0.000110626220703,0.000114440917968,0.00011825561523400002,0.0001220703125,0.000125885009765,0.000129699707031,0.00014209747314400002,0.00016975402832," 0.00048637390136700004]""",0.00048542022705000003,0.00013256072998000002,4.630269527435302,0.016625873744487003,0.0012893676757810002,0.00018405914306600003,0.0012893676757810002,0.0012893676757810002,0.503009259259259,0.5031249999999999,0.00011574074074
2475368074320,247536807432,0,0,2059474546,1.0,"""[9.632110595703126e-05",0.00010108947753900001,0.00010585784912100001,0.000110626220703,0.000115394592285,0.00012016296386700001,0.000124931335449,0.000129699707031,0.00014305114746000002,0.00016784667968700002," 0.000529289245605]""",0.000530242919921,0.000129699707031,2.64002513885498,0.009181111119687,0.0012893676757810002,0.000179290771484,0.0012893676757810002,0.0012893676757810002,0.508912037037037,0.5090277777777771,0.00011574074074
2475368074320,247536807432,0,0,2059474546,1.0,"""[0.000106811523437",0.000110626220703,0.000114440917968,0.00011920928955000001,0.000123023986816,0.000126838684082,0.000130653381347,0.00014305114746000002,0.00015735626220700002,0.00017261505126900002," 0.000680923461914]""",0.000678062438964,0.000140190124511,4.845249652862548,0.017862061038613,0.0012893676757810002,0.00018215179443300001,0.0012893676757810002,0.0012893676757810002,0.505208333333333,0.5053240740740741,0.00011574074074
2475368074320,247536807432,0,0,2059474546,1.0,"""[9.822845458984376e-05",0.00010299682617100001,0.000107765197753,0.000112533569335,0.00011825561523400002,0.000123023986816,0.000127792358398,0.00013351440429600002,0.00015163421630800001,0.000170707702636," 0.00048637390136700004]""",0.00048637390136700004,0.00013351440429600002,4.95904541015625,0.018347617238759002,0.0012893676757810002,0.00018119812011700001,0.0012893676757810002,0.0012893676757810002,0.5071759259259261,0.507291666666666,0.00011574074074
2475368074320,247536807432,0,0,2059474546,1.0,"""[0.00010585784912100001",0.000109672546386,0.000113487243652,0.00011730194091700002,0.00012111663818300001,0.000124931335449,0.000128746032714,0.000134468078613,0.000153541564941,0.00017166137695300002," 0.001140594482421]""",0.001140594482421,0.00013828277587800002,4.504347324371337,0.016604563221335,0.0012893676757810002,0.000190734863281,0.0012893676757810002,0.0012893676757810002,0.501504629629629,0.50162037037037,0.00011574074074
2475368074320,247536807432,0,0,2059474546,1.0,"""[0.00010108947753900001",0.00010490417480400001,0.000109672546386,0.000113487243652,0.00011730194091700002,0.00012111663818300001,0.000125885009765,0.000129699707031,0.00014209747314400002,0.000165939331054," 0.0006179809570310001]""",0.0006179809570310001,0.00013351440429600002,4.504347324371337,0.016604563221335,0.0012893676757810002,0.000190734863281,0.0012893676757810002,0.0012893676757810002,0.501736111111111,0.501851851851851,0.00011574074074
2475368074320,247536807432,0,0,2059474546,1.0,"""[9.727478027343751e-05",0.00010204315185500001,0.000106811523437,0.000111579895019,0.000115394592285,0.00012016296386700001,0.000124931335449,0.000129699707031,0.00014305114746000002,0.00016880035400300002," 0.0006437301635740001]""",0.0006437301635740001,0.00013256072998000002,2.750367879867553,0.010455176234245,0.0012893676757810002,0.0001802444458,0.0012893676757810002,0.0012893676757810002,0.507986111111111,0.5081018518518511,0.00011574074074
2475368074320,247536807432,0,0,2059474546,1.0,"""[0.000107765197753",0.00011825561523400002,0.000129699707031,0.00013732910156200002,0.00014305114746000002,0.000149726867675,0.00015640258789,0.00016307830810500002,0.00016880035400300002,0.000175476074218," 0.000791549682617]""",0.0007905960083000001,0.000154495239257,3.608922958374023,0.013090983033180001,0.0012893676757810002,0.000196456909179,0.001079559326171,0.001077651977539,0.500347222222222,0.500462962962963,0.00011574074074
2475368074320,247536807432,0,0,2059474546,1.0,"""[0.00010585784912100001",0.00010871887207,0.000112533569335,0.000116348266601,0.00012016296386700001,0.000123023986816,0.000126838684082,0.000130653381347,0.00014686584472600002,0.000170707702636," 0.0009355545043940001]""",0.0009346008300780001,0.000135421752929,4.652848720550537,0.017861289903521,0.0012893676757810002,0.00018215179443300001,0.0012893676757810002,0.0012893676757810002,0.504282407407407,0.504398148148148,0.00011574074074
2475368074320,247536807432,0,0,2059474546,1.0,"""[9.346008300781251e-05",9.822845458984376e-05,0.00010395050048800001,0.00010871887207,0.000113487243652,0.00011825561523400002,0.000123977661132,0.000128746032714,0.00014114379882800002,0.000170707702636," 0.000554084777832]""",0.000554084777832,0.00013160705566400002,4.920693397521972,0.01778326742351,0.0012893676757810002,0.00018119812011700001,0.0012893676757810002,0.0012893676757810002,0.506597222222222,0.5067129629629631,0.00011574074074
2475368074320,247536807432,0,0,2059474546,1.0,"""[9.822845458984376e-05",0.00010299682617100001,0.000106811523437,0.000111579895019,0.000115394592285,0.00012016296386700001,0.000123977661132,0.000128746032714,0.00013637542724600002,0.00016784667968700002," 0.0006904602050780001]""",0.000689506530761,0.000129699707031,2.792205333709716,0.009803468361496,0.0012893676757810002,0.000179290771484,0.0012893676757810002,0.0012893676757810002,0.5085648148148141,0.508680555555555,0.00011574074074
2475368074320,247536807432,0,0,2059474546,1.0,"""[0.00010299682617100001",0.000106811523437,0.000111579895019,0.000115394592285,0.00011920928955000001,0.000123023986816,0.000127792358398,0.00013160705566400002,0.00015068054199200001,0.00017166137695300002," 0.000482559204101]""",0.000482559204101,0.00013256072998000002,4.95904541015625,0.018347617238759002,0.0012893676757810002,0.00018119812011700001,0.0012893676757810002,0.0012893676757810002,0.5069444444444441,0.507060185185185,0.00011574074074
2475368074320,247536807432,0,0,2059474546,1.0,"""[0.00010204315185500001",0.00010585784912100001,0.000109672546386,0.000114440917968,0.00011825561523400002,0.0001220703125,0.000125885009765,0.000129699707031,0.00014209747314400002,0.00016689300537100002," 0.00041580200195300005]""",0.00041580200195300005,0.000129699707031,4.845249652862548,0.017862061038613,0.0012893676757810002,0.00018215179443300001,0.0012893676757810002,0.0012893676757810002,0.5050925925925921,0.505208333333333,0.00011574074074
2475368074320,247536807432,0,0,2059474546,1.0,"""[0.00010299682617100001",0.000106811523437,0.000110626220703,0.000114440917968,0.00011825561523400002,0.0001220703125,0.000125885009765,0.000129699707031,0.00014114379882800002,0.00016975402832," 0.000584602355957]""",0.000584602355957,0.00013160705566400002,4.708767414093017,0.017523929476737,0.0012893676757810002,0.00018405914306600003,0.0012893676757810002,0.0012893676757810002,0.503356481481481,0.503472222222222,0.00011574074074
2475368074320,247536807432,0,0,2059474546,1.0,"""[0.00010299682617100001",0.000106811523437,0.000110626220703,0.000114440917968,0.00011825561523400002,0.0001220703125,0.000125885009765,0.000129699707031,0.00014305114746000002,0.00016403198242100002," 0.00054931640625]""",0.0007238388061520001,0.00013160705566400002,4.672998905181884,0.015935990959405,0.0012893676757810002,0.00018215179443300001,0.0012893676757810002,0.0012893676757810002,0.505439814814814,0.5055555555555551,0.00011574074074
2475368074320,247536807432,0,0,2059474546,1.0,"""[9.822845458984376e-05",0.00010204315185500001,0.000106811523437,0.000110626220703,0.000115394592285,0.00012016296386700001,0.000123977661132,0.000128746032714,0.00013637542724600002,0.000170707702636," 0.00120735168457]""",0.001209259033203,0.00013160705566400002,4.328953742980957,0.016562689095735002,0.0012893676757810002,0.00018310546875,0.0012893676757810002,0.0012893676757810002,0.503587962962962,0.503703703703703,0.00011574074074
