UniqJobId,collection_id,instance_index,priority,machine_id,sample_rate,cpu_usage_distribution1,cpu_usage_distribution2,cpu_usage_distribution3,cpu_usage_distribution4,cpu_usage_distribution5,cpu_usage_distribution6,cpu_usage_distribution7,cpu_usage_distribution8,cpu_usage_distribution9,cpu_usage_distribution10,cpu_usage_distribution11,max_cpu,avg_cpu,cycles_per_instruction,memory_accesses_per_instruction,assigned_memory,page_cache_memory,max_memory,avg_memory,start_time,end_time,time_window
2488271323120,248827132312,0,0,1579711803,1.0,"""[0",0.0,0.0,0.0,0.0,0.0,0.0,0.0,0.0,0.0," 0]""",0.00021076202392500003,0.00010490417480400001,0.0,0.0,0.0014171600341790001,0.00013160705566400002,0.00013828277587800002,0.00013828277587800002,0.5006662808641971,0.500667052469135,7.716049382716048e-07
2488271323120,248827132312,0,0,21389249,1.0,"""[0",0.0,0.0,0.0,0.0,0.0,0.0,0.0,0.0,0.0," 0]""",0.0,0.0,0.0,0.0,0.0014171600341790001,0.0,9.5367431640625e-07,9.5367431640625e-07,0.5049097222222221,0.504910108024691,3.858024691358024e-07
2488271323120,248827132312,0,0,21365709,1.0,"""[0",0.0,0.0,0.0,0.0,0.0,9.5367431640625e-07,9.5367431640625e-07,9.5367431640625e-07,9.5367431640625e-07," 9.5367431640625e-07]""",0.000205993652343,4.482269287109376e-05,0.0,0.0,0.0014171600341790001,2.86102294921875e-06,8.58306884765625e-06,7.62939453125e-06,0.506335648148148,0.506336805555555,1.157407407407407e-06
2488271323120,248827132312,0,0,1713489854,1.0,"""[0",0.0,0.0,0.0,0.0,0.0,0.0,0.0,0.0,0.0,"0]""",0.0,0.0,0.0,0.0,0.0014171600341790001,0.0,9.5367431640625e-07,9.5367431640625e-07,0.502270447530864,0.502270833333333,3.858024691358024e-07
2488271323120,248827132312,0,0,21305997,1.0,"""[0.0014057159423820002",0.0014057159423820002,0.0035820007324210003,0.004936218261718001,0.0050048828125,0.006294250488281,0.007949829101562,0.008041381835937,0.008132934570312,0.01092529296875," 0.01092529296875]""",0.01092529296875,0.005271911621093001,0.0,0.0,0.0014171600341790001,2.86102294921875e-06,0.00017166137695300002,0.000127792358398,0.5061929012345681,0.5061956018518511,2.7006172839506168e-06
2488271323120,248827132312,0,0,21389249,1.0,"""[1.4305114746093752e-05",1.4305114746093752e-05,1.4305114746093752e-05,1.4305114746093752e-05,1.4305114746093752e-05,1.4305114746093752e-05,1.4305114746093752e-05,1.4305114746093752e-05,1.4305114746093752e-05,1.4305114746093752e-05," 1.4305114746093752e-05]""",0.0,0.0,0.0,0.0,0.0014171600341790001,0.0,9.5367431640625e-07,9.5367431640625e-07,0.504894290123456,0.5048946759259261,3.858024691358024e-07
2488271323120,248827132312,0,0,21305997,1.0,"""[0",0.000107765197753,0.00137710571289,0.0019245147705070002,0.007209777832031,0.007965087890625,0.008010864257812,0.008056640625,0.00811767578125,0.008163452148437," 0.008270263671875]""",0.008270263671875,0.005401611328125,0.0,0.0,0.0014171600341790001,0.000126838684082,0.00032424926757800005,0.00027847290039,0.506177083333333,0.506192129629629,1.504629629629629e-05
2488271323120,248827132312,0,0,2059626229,1.0,"""[0",0.0,0.0,0.0,0.0,0.0,0.0,0.0,0.0,0.0," 0]""",0.0,0.0,0.0,0.0,0.0014171600341790001,0.0,9.5367431640625e-07,9.5367431640625e-07,0.5010686728395061,0.501069058641975,3.858024691358024e-07
2488271323120,248827132312,0,0,21365709,1.0,"""[9.5367431640625e-06",0.001003265380859,0.00445556640625,0.007713317871093001,0.0079345703125,0.007965087890625,0.00799560546875,0.008026123046875,0.008071899414062,0.008270263671875," 0.00982666015625]""",0.009811401367187,0.006813049316406,0.0,0.0,0.0014171600341790001,0.00012016296386700001,0.000307083129882,0.000266075134277,0.506316358024691,0.5063306327160491,1.4274691358024692e-05
2488271323120,248827132312,0,0,21365709,1.0,"""[0",0.0,0.0,0.0,0.0,0.0,0.0,0.0,0.0,0.0," 0]""",0.0,0.0,0.0,0.0,0.0014171600341790001,0.0,9.5367431640625e-07,9.5367431640625e-07,0.506331404320987,0.5063317901234561,3.858024691358024e-07
2488271323120,248827132312,0,0,21389249,1.0,"""[0",0.001214981079101,0.007293701171875001,0.007781982421875001,0.007858276367187,0.007919311523437,0.007965087890625,0.00799560546875,0.008026123046875,0.008102416992187," 0.009735107421875]""",0.015838623046875,0.006805419921875001,0.0,0.0,0.0014171600341790001,0.00012016296386700001,0.000285148620605,0.000249862670898,0.5048946759259261,0.504908950617283,1.4274691358024692e-05
2488271323120,248827132312,0,0,1713489854,1.0,"""[0",0.0,0.0,0.0,0.0,9.5367431640625e-07,1.9073486328125e-06,1.9073486328125e-06,1.9073486328125e-06,1.9073486328125e-06," 1.9073486328125e-06]""",0.003990173339843001,0.000774383544921,0.0,0.0,0.0014171600341790001,1.9073486328125e-06,9.5367431640625e-06,9.5367431640625e-06,0.5022727623456791,0.502273919753086,1.157407407407407e-06
2488271323120,248827132312,0,0,2059626229,1.0,"""[0.000130653381347",0.000130653381347,0.000130653381347,0.000361442565917,0.000378608703613,0.003501892089843,0.006660461425781,0.006706237792968001,0.007461547851562,0.007461547851562," 0.007461547851562]""",0.01416015625,0.004280090332031,0.0,0.0,0.0014171600341790001,0.00011730194091700002,0.00021553039550700003,0.000190734863281,0.5010702160493821,0.5010717592592591,1.5432098765432092e-06
2488271323120,248827132312,0,0,21305997,1.0,"""[0",0.0,0.0,0.0,0.0,0.0,0.0,0.0,0.0,0.0," 0]""",0.00021362304687500003,2.3841857910156253e-05,0.0,0.0,0.0014171600341790001,0.000140190124511,0.00014686584472600002,0.00014591217041000002,0.506192129629629,0.5061956018518511,3.4722222222222215e-06
2488271323120,248827132312,0,0,21305997,1.0,"""[0",0.0,0.0,0.0,0.0,0.0,0.0,0.0,0.0,0.0," 0]""",0.0,0.0,0.0,0.0,0.0014171600341790001,0.0,1.9073486328125e-06,1.9073486328125e-06,0.5061925154320981,0.5061929012345681,3.858024691358024e-07
2488271323120,248827132312,0,0,21365709,1.0,"""[0",0.0,0.0,0.0,0.0,0.0,0.0,0.0,0.0,0.0," 0]""",0.000338554382324,4.196166992187501e-05,0.0,0.0,0.0014171600341790001,0.00013256072998000002,0.00013828277587800002,0.00013828277587800002,0.5063306327160491,0.506332175925925,1.5432098765432092e-06
2488271323120,248827132312,0,0,1579711803,1.0,"""[1.9073486328125e-06",1.9073486328125e-06,1.9073486328125e-06,1.9073486328125e-06,1.9073486328125e-06,1.9073486328125e-06,1.9073486328125e-06,1.9073486328125e-06,1.9073486328125e-06,1.9073486328125e-06," 1.9073486328125e-06]""",0.0,0.0,0.0,0.0,0.0014171600341790001,0.00013160705566400002,0.00013828277587800002,0.00013828277587800002,0.500667052469135,0.5006678240740741,7.716049382716048e-07
2488271323120,248827132312,0,0,21365709,1.0,"""[0",0.0,0.0,0.0,0.0,0.0,0.0,0.0,0.0,0.0," 0]""",0.0,0.0,0.0,0.0,0.0014171600341790001,0.00013256072998000002,0.00013732910156200002,0.00013732910156200002,0.506332175925925,0.506332561728395,3.858024691358024e-07
2488271323120,248827132312,0,0,21389249,1.0,"""[0",0.0,0.0,0.0,0.0,0.0,0.0,0.0,0.0,0.0," 0]""",0.00020217895507800002,0.00010108947753900001,0.0,0.0,0.0014171600341790001,0.00013160705566400002,0.00013732910156200002,0.00013732910156200002,0.504908950617283,0.5049097222222221,7.716049382716048e-07
2488271323120,248827132312,0,0,2059626229,1.0,"""[0.001262664794921",0.001262664794921,0.001262664794921,0.001262664794921,0.002693176269531,0.002708435058593,0.00271987915039,0.003471374511718,0.003471374511718,0.003471374511718," 0.003471374511718]""",0.0036468505859370004,0.001636505126953,0.0,0.0,0.0014171600341790001,2.8610229492187503e-05,9.727478027343751e-05,4.196166992187501e-05,0.501069058641975,0.5010702160493821,1.157407407407407e-06
2488271323120,248827132312,0,0,21389249,1.0,"""[0",0.0,0.0,0.0,0.0,0.0,0.0,0.0,0.0,0.0,"0]""",0.0,0.0,0.0,0.0,0.0014171600341790001,0.00013160705566400002,0.00013732910156200002,0.00013732910156200002,0.5049097222222221,0.504910108024691,3.858024691358024e-07
2488271323120,248827132312,0,0,1713489854,1.0,"""[0",0.00030422210693300004,0.004646301269531,0.007354736328125001,0.0079345703125,0.007965087890625,0.00799560546875,0.008041381835937,0.008087158203125,0.008209228515625," 0.010055541992187]""",0.010055541992187,0.006675720214843001,0.0,0.0,0.0014171600341790001,0.0001220703125,0.000299453735351,0.000257492065429,0.502255015432098,0.5022696759259261,1.4660493827160491e-05
2488271323120,248827132312,0,0,1713489854,1.0,"""[0",0.0,0.0,0.0,0.0,9.5367431640625e-07,9.5367431640625e-07,9.5367431640625e-07,9.5367431640625e-07,9.5367431640625e-07," 9.5367431640625e-07]""",0.0,0.0,0.0,0.0,0.0014171600341790001,0.000130653381347,0.00013732910156200002,0.00013732910156200002,0.502270833333333,0.5022712191358021,3.858024691358024e-07
2488271323120,248827132312,0,0,2059626229,1.0,"""[0",0.0,0.0,0.0,0.0,0.0,0.0,0.0,0.0,0.0," 0]""",0.0,0.0,0.0,0.0,0.0014171600341790001,0.0,0.00013637542724600002,0.00013637542724600002,0.501069058641975,0.501069444444444,3.858024691358024e-07
2488271323120,248827132312,0,0,2059626229,1.0,"""[0",0.0,0.0,0.0,0.0,0.0,0.0,0.0,0.0,0.0," 0]""",0.00020694732666000002,6.866455078125e-05,0.0,0.0,0.0014171600341790001,0.000130653381347,0.00013637542724600002,0.00013637542724600002,0.501067901234567,0.501069058641975,1.157407407407407e-06
2488271323120,248827132312,0,0,21305997,1.0,"""[0",0.0,0.0,0.0,0.0,9.5367431640625e-07,9.5367431640625e-07,9.5367431640625e-07,9.5367431640625e-07,9.5367431640625e-07," 9.5367431640625e-07]""",0.0,0.0,0.0,0.0,0.0014171600341790001,4.76837158203125e-06,1.2397766113281252e-05,1.1444091796875002e-05,0.5061971450617281,0.506199074074074,1.929012345679012e-06
2488271323120,248827132312,0,0,1579711803,1.0,"""[0",0.0,0.0,0.0,0.0,0.0,0.0,0.0,0.0,0.0," 0]""",0.0,0.0,0.0,0.0,0.0014171600341790001,0.0,9.5367431640625e-07,9.5367431640625e-07,0.5006674382716051,0.5006678240740741,3.858024691358024e-07
2488271323120,248827132312,0,0,1713489854,1.0,"""[0.002323150634765",0.002323150634765,0.002323150634765,0.002323150634765,0.007949829101562,0.00799560546875,0.008026123046875,0.009780883789062,0.009780883789062,0.009780883789062," 0.009780883789062]""",0.009780883789062,0.006576538085937,0.0,0.0,0.0014171600341790001,1.9073486328125e-06,0.000144004821777,9.822845458984376e-05,0.502271604938271,0.5022727623456791,1.157407407407407e-06
2488271323120,248827132312,0,0,1713489854,1.0,"""[0",0.0,0.0,0.0,0.0,0.0,0.0,0.0,0.0,0.0," 0]""",0.000288963317871,9.632110595703126e-05,0.0,0.0,0.0014171600341790001,0.000130653381347,0.00013732910156200002,0.00013732910156200002,0.5022696759259261,0.502270833333333,1.157407407407407e-06
2488271323120,248827132312,0,0,1579711803,1.0,"""[1.0490417480468752e-05",0.001087188720703,0.005760192871093001,0.0076904296875,0.007789611816406,0.007888793945312,0.007949829101562,0.00799560546875,0.008056640625,0.008148193359375," 0.011611938476562]""",0.011611938476562,0.006752014160156,0.0,0.0,0.0014171600341790001,0.0001220703125,0.000290870666503,0.000250816345214,0.500652006172839,0.5006662808641971,1.4274691358024692e-05
2488271323120,248827132312,0,0,1713489854,1.0,"""[0",0.0,0.0,0.0,0.0,0.0,0.0,0.0,0.0,0.0," 0]""",0.0,0.0,0.0,0.0,0.0014171600341790001,0.0,9.5367431640625e-07,9.5367431640625e-07,0.5022700617283951,0.502270447530864,3.858024691358024e-07
2488271323120,248827132312,0,0,1713489854,1.0,"""[0",0.0,0.0,0.0,0.001901626586914,0.0019149780273430002,0.0019283294677730001,0.006057739257812,0.006057739257812,0.006057739257812," 0.006057739257812]""",0.005409240722656,0.002704620361328,0.0,0.0,0.0014171600341790001,9.5367431640625e-07,5.245208740234376e-05,2.6702880859375003e-05,0.502270833333333,0.502271604938271,7.716049382716048e-07
2488271323120,248827132312,0,0,2059626229,1.0,"""[0",0.0,0.0,0.0,0.0,0.0,9.5367431640625e-07,9.5367431640625e-07,9.5367431640625e-07,9.5367431640625e-07," 9.5367431640625e-07]""",0.001827239990234,3.24249267578125e-05,0.0,0.0,0.0014171600341790001,0.000128746032714,0.00013828277587800002,0.00013732910156200002,0.5010717592592591,0.5010733024691351,1.5432098765432092e-06
2488271323120,248827132312,0,0,21365709,1.0,"""[0",0.0,0.0,0.0,0.0,0.0,0.0,0.0,0.0,0.0," 0]""",0.0,0.0,0.0,0.0,0.0014171600341790001,0.0,9.5367431640625e-07,9.5367431640625e-07,0.5063317901234561,0.506332175925925,3.858024691358024e-07
