UniqJobId,collection_id,instance_index,priority,machine_id,sample_rate,cpu_usage_distribution1,cpu_usage_distribution2,cpu_usage_distribution3,cpu_usage_distribution4,cpu_usage_distribution5,cpu_usage_distribution6,cpu_usage_distribution7,cpu_usage_distribution8,cpu_usage_distribution9,cpu_usage_distribution10,cpu_usage_distribution11,max_cpu,avg_cpu,cycles_per_instruction,memory_accesses_per_instruction,assigned_memory,page_cache_memory,max_memory,avg_memory,start_time,end_time,time_window
2488159592240,248815959224,0,0,21205045,1.0,"""[0.000112533569335",0.00013828277587800002,0.00014686584472600002,0.000155448913574,0.00016403198242100002,0.00017261505126900002,0.00018405914306600003,0.00019741058349600002,0.00021076202392500003,0.00023937225341700002," 0.0005464553833000001]""",0.000993728637695,0.000190734863281,1.549260139465332,0.008386151865124,0.026031494140625003,6.198883056640625e-05,0.017822265625,0.017822265625,0.501967592592592,0.502083333333333,0.00011574074074
2488159592240,248815959224,0,0,21205045,1.0,"""[0.000123023986816",0.00013732910156200002,0.000144004821777,0.000149726867675,0.00015640258789,0.00016212463378900002,0.00016880035400300002,0.000174522399902,0.00019454956054600002,0.00021934509277300002," 0.000548362731933]""",0.000548362731933,0.0001802444458,3.619719743728637,0.010721467435359,0.026031494140625003,6.4849853515625e-05,0.013992309570312,0.013992309570312,0.500462962962963,0.500578703703703,0.00011574074074
2488159592240,248815959224,0,0,21205045,1.0,"""[0.00010871887207",0.000116348266601,0.000123977661132,0.00013256072998000002,0.000140190124511,0.00014781951904200002,0.000155448913574,0.00016307830810500002,0.000170707702636,0.000195503234863," 0.000665664672851]""",0.000665664672851,0.000161170959472,4.129427909851074,0.012356610968708001,0.026031494140625003,6.198883056640625e-05,0.017852783203125,0.017822265625,0.504398148148148,0.504513888888888,0.00011574074074
2488159592240,248815959224,0,0,21205045,1.0,"""[0.000110626220703",0.00011825561523400002,0.000125885009765,0.00013351440429600002,0.00014114379882800002,0.000148773193359,0.00015640258789,0.00016403198242100002,0.00017166137695300002,0.00019741058349600002," 0.000499725341796]""",0.00049877166748,0.00015926361083900002,4.335078716278076,0.014879334717988002,0.026031494140625003,6.198883056640625e-05,0.017852783203125,0.017852783203125,0.506597222222222,0.5067129629629631,0.00011574074074
2488159592240,248815959224,0,0,21205045,1.0,"""[0.0001220703125",0.00013637542724600002,0.00014209747314400002,0.00014781951904200002,0.000153541564941,0.00015926361083900002,0.000164985656738,0.000170707702636,0.00017738342285100002,0.000216484069824," 0.0006294250488280001]""",0.000627517700195,0.00017356872558500002,3.755800247192382,0.011138916015625,0.026031494140625003,6.4849853515625e-05,0.013992309570312,0.013992309570312,0.500810185185185,0.500925925925925,0.00011574074074
2488159592240,248815959224,0,0,21205045,1.0,"""[0.000113487243652",0.000126838684082,0.00013637542724600002,0.00014209747314400002,0.000148773193359,0.000155448913574,0.00016212463378900002,0.00016784667968700002,0.000174522399902,0.00020694732666000002," 0.00046825408935500005]""",0.00046825408935500005,0.000164985656738,4.3957977294921875,0.011572811752557002,0.026031494140625003,6.198883056640625e-05,0.017822265625,0.017822265625,0.502893518518518,0.503009259259259,0.00011574074074
2488159592240,248815959224,0,0,21205045,1.0,"""[0.000115394592285",0.000139236450195,0.000161170959472,0.000200271606445,0.006111145019531,0.007553100585937,0.007644653320312,0.007720947265625001,0.0078125,0.012405395507812," 0.016204833984375]""",0.029754638671875003,0.0054931640625,1.012995719909668,0.0021049061324440003,0.026031494140625003,6.389617919921875e-05,0.014572143554687,0.006790161132812,0.501273148148148,0.501388888888888,0.00011574074074
2488159592240,248815959224,0,0,21205045,1.0,"""[0.00010490417480400001",0.000116348266601,0.000127792358398,0.00013732910156200002,0.000144958496093,0.000152587890625,0.000160217285156,0.00016784667968700002,0.000175476074218,0.00021362304687500003," 0.000482559204101]""",0.00074291229248,0.000164985656738,4.502282619476318,0.014934341423213001,0.026031494140625003,6.198883056640625e-05,0.017852783203125,0.017852783203125,0.507291666666666,0.5074074074074071,0.00011574074074
2488159592240,248815959224,0,0,21205045,1.0,"""[0.00010395050048800001",0.000110626220703,0.00011730194091700002,0.000123977661132,0.000130653381347,0.000139236450195,0.000149726867675,0.000160217285156,0.000170707702636,0.00021743774414," 0.000672340393066]""",0.000672340393066,0.00015830993652300002,4.374255657196044,0.015734897926449002,0.026031494140625003,6.198883056640625e-05,0.017852783203125,0.017852783203125,0.5074074074074071,0.507523148148148,0.00011574074074
2488159592240,248815959224,0,0,21205045,1.0,"""[0.003528594970703",0.005485534667968001,0.00604248046875,0.00634765625,0.006568908691406,0.006721496582031,0.006858825683593001,0.007026672363281,0.007209777832031,0.010269165039062," 0.0157470703125]""",0.01580810546875,0.007026672363281,1.5492602586746211,0.008386151865124,0.026031494140625003,6.198883056640625e-05,0.018890380859375,0.017547607421875,0.50162037037037,0.501736111111111,0.00011574074074
2488159592240,248815959224,0,0,21205045,1.0,"""[8.678436279296876e-05",0.00011920928955000001,0.00013732910156200002,0.00014686584472600002,0.00015640258789,0.000164985656738,0.000174522399902,0.00020408630371000002,0.000244140625,0.00034523010253900005," 0.002338409423828]""",0.002338409423828,0.000246047973632,0.0,0.0,0.026031494140625003,6.29425048828125e-05,0.00029277801513600003,0.00027370452880800004,0.501198302469135,0.501273148148148,7.484567901234568e-05
2488159592240,248815959224,0,0,21205045,1.0,"""[0",0.0,0.0,0.0,0.0,5.7220458984375e-06,1.1444091796875002e-05,1.1444091796875002e-05,1.1444091796875002e-05,1.1444091796875002e-05," 1.1444091796875002e-05]""",0.0,0.0,0.0,0.0,0.026031494140625003,0.0,9.5367431640625e-07,9.5367431640625e-07,0.501197916666666,0.501198302469135,3.858024691358024e-07
2488159592240,248815959224,0,0,21205045,1.0,"""[0",0.0,0.0,0.0,0.0,0.0,0.0,0.0,0.0,0.0," 0]""",0.0,0.0,0.0,0.0,0.026031494140625003,0.0,9.5367431640625e-07,9.5367431640625e-07,0.5014332561728391,0.501433641975308,3.858024691358024e-07
2488159592240,248815959224,0,0,21205045,1.0,"""[0.000114440917968",0.00013256072998000002,0.00013828277587800002,0.000144958496093,0.00015068054199200001,0.00015640258789,0.00016307830810500002,0.00016880035400300002,0.000175476074218,0.00020885467529200002," 0.000720024108886]""",0.00071907043457,0.00017166137695300002,4.430515766143798,0.013144226744771,0.026031494140625003,6.198883056640625e-05,0.017822265625,0.017822265625,0.503935185185185,0.504050925925925,0.00011574074074
2488159592240,248815959224,0,0,21205045,1.0,"""[0.00010108947753900001",0.00011920928955000001,0.000134468078613,0.00014114379882800002,0.00014781951904200002,0.000154495239257,0.000161170959472,0.00016784667968700002,0.000174522399902,0.00020790100097600002," 0.0005989074707030001]""",0.0005998611450190001,0.000161170959472,4.028746128082275,0.014482278376817,0.026031494140625003,6.198883056640625e-05,0.017852783203125,0.017852783203125,0.5078703703703701,0.507986111111111,0.00011574074074
2488159592240,248815959224,0,0,21205045,1.0,"""[0.00011730194091700002",0.000124931335449,0.00013256072998000002,0.000139236450195,0.00014591217041000002,0.000152587890625,0.00015926361083900002,0.000165939331054,0.00017261505126900002,0.000201225280761," 0.0005102157592770001]""",0.00050926208496,0.000160217285156,3.764994859695434,0.0111287785694,0.026031494140625003,6.198883056640625e-05,0.017822265625,0.017822265625,0.502430555555555,0.502546296296296,0.00011574074074
2488159592240,248815959224,0,0,21205045,1.0,"""[0.000114440917968",0.000123023986816,0.00013256072998000002,0.000139236450195,0.00014686584472600002,0.000153541564941,0.000161170959472,0.00016784667968700002,0.000174522399902,0.00020885467529200002," 0.000561714172363]""",0.000561714172363,0.00016212463378900002,4.465419292449951,0.014175680465996002,0.026031494140625003,6.198883056640625e-05,0.017852783203125,0.017852783203125,0.508449074074074,0.5085648148148141,0.00011574074074
2488159592240,248815959224,0,0,21205045,1.0,"""[0.00011730194091700002",0.000125885009765,0.000134468078613,0.000140190124511,0.00014686584472600002,0.000153541564941,0.00015926361083900002,0.000165939331054,0.00017261505126900002,0.00019836425781200002," 0.0008010864257810001]""",0.0008010864257810001,0.00016212463378900002,3.81471848487854,0.01237189117819,0.026031494140625003,6.198883056640625e-05,0.017852783203125,0.017822265625,0.5048611111111111,0.504976851851851,0.00011574074074
2488159592240,248815959224,0,0,21205045,1.0,"""[0.00011730194091700002",0.000123023986816,0.000129699707031,0.00013637542724600002,0.000144004821777,0.00015163421630800001,0.00015926361083900002,0.00016689300537100002,0.000174522399902,0.000205039978027," 0.000568389892578]""",0.000568389892578,0.00016307830810500002,4.403214931488037,0.014836868271231,0.026031494140625003,6.198883056640625e-05,0.017852783203125,0.017852783203125,0.506828703703703,0.5069444444444441,0.00011574074074
2488159592240,248815959224,0,0,21205045,1.0,"""[0.000112533569335",0.00013160705566400002,0.00013828277587800002,0.000144958496093,0.00015163421630800001,0.00015830993652300002,0.000164985656738,0.00017166137695300002,0.00018405914306600003,0.00021266937255800001," 0.000792503356933]""",0.000792503356933,0.00017166137695300002,4.52518892288208,0.013522181659936001,0.026031494140625003,6.198883056640625e-05,0.017822265625,0.017822265625,0.50324074074074,0.503356481481481,0.00011574074074
2488159592240,248815959224,0,0,21205045,1.0,"""[0.000111579895019",0.000135421752929,0.00014114379882800002,0.00014686584472600002,0.000153541564941,0.00015926361083900002,0.000165939331054,0.00017166137695300002,0.00018501281738200003,0.00021076202392500003," 0.0004920959472650001]""",0.000489234924316,0.00016880035400300002,4.52518892288208,0.013522181659936001,0.026031494140625003,6.198883056640625e-05,0.017822265625,0.017822265625,0.503356481481481,0.503472222222222,0.00011574074074
2488159592240,248815959224,0,0,21205045,1.0,"""[0.000107765197753",0.00013256072998000002,0.000139236450195,0.00014591217041000002,0.000152587890625,0.000160217285156,0.00016689300537100002,0.00017356872558500002,0.000190734863281,0.00021743774414," 0.0010356903076170001]""",0.0010356903076170001,0.00017642974853500002,4.374255657196044,0.015734897926449002,0.026031494140625003,6.198883056640625e-05,0.017852783203125,0.017852783203125,0.5076388888888881,0.507754629629629,0.00011574074074
2488159592240,248815959224,0,0,21205045,1.0,"""[0.000125885009765",0.00013351440429600002,0.000140190124511,0.00014591217041000002,0.000152587890625,0.00015830993652300002,0.00016403198242100002,0.000170707702636,0.000179290771484,0.00020885467529200002," 0.0005264282226560001]""",0.0005273818969720001,0.000165939331054,3.8408985137939453,0.011327402666211002,0.026031494140625003,6.4849853515625e-05,0.013992309570312,0.013992309570312,0.5001157407407401,0.500231481481481,0.00011574074074
2488159592240,248815959224,0,0,21205045,1.0,"""[0.000107765197753",0.000114440917968,0.0001220703125,0.000129699707031,0.00013732910156200002,0.000144958496093,0.000153541564941,0.000161170959472,0.00016880035400300002,0.000185966491699," 0.000519752502441]""",0.000520706176757,0.000153541564941,3.81471848487854,0.01237189117819,0.026031494140625003,6.198883056640625e-05,0.017822265625,0.017822265625,0.504513888888888,0.504629629629629,0.00011574074074
2488159592240,248815959224,0,0,21205045,1.0,"""[0.000128746032714",0.00013828277587800002,0.000144958496093,0.00015068054199200001,0.00015735626220700002,0.00016403198242100002,0.000170707702636,0.00017833709716700002,0.000196456909179,0.00021457672119100003," 0.0006008148193350001]""",0.0006017684936520001,0.00017833709716700002,3.81471848487854,0.01237189117819,0.026031494140625003,6.198883056640625e-05,0.017822265625,0.017822265625,0.50474537037037,0.5048611111111111,0.00011574074074
2488159592240,248815959224,0,0,21205045,1.0,"""[0.000123023986816",0.00013637542724600002,0.00014305114746000002,0.000149726867675,0.000155448913574,0.00016212463378900002,0.00016880035400300002,0.000174522399902,0.00021839141845700002,0.006706237792968001," 0.007644653320312]""",0.007736206054687,0.0010509490966790001,4.391465187072753,0.013088922016322,0.026031494140625003,6.4849853515625e-05,0.0164794921875,0.014236450195312,0.501041666666666,0.501157407407407,0.00011574074074
2488159592240,248815959224,0,0,21205045,1.0,"""[0.00011825561523400002",0.000123977661132,0.000130653381347,0.00013732910156200002,0.000144004821777,0.00015163421630800001,0.00015830993652300002,0.000164985656738,0.00017261505126900002,0.00020217895507800002," 0.0005149841308590001]""",0.000514030456542,0.000161170959472,5.138162612915039,0.013497349806129,0.026031494140625003,6.198883056640625e-05,0.017852783203125,0.017822265625,0.505208333333333,0.5053240740740741,0.00011574074074
2488159592240,248815959224,0,0,21205045,1.0,"""[0.000106811523437",0.000116348266601,0.000125885009765,0.000134468078613,0.00014209747314400002,0.000149726867675,0.00015640258789,0.00016403198242100002,0.000170707702636,0.00019741058349600002," 0.000536918640136]""",0.000537872314453,0.00015926361083900002,4.527556419372558,0.013426285237073001,0.026031494140625003,6.198883056640625e-05,0.017822265625,0.017822265625,0.503819444444444,0.503935185185185,0.00011574074074
2488159592240,248815959224,0,0,21205045,1.0,"""[4.196166992187501e-05",4.196166992187501e-05,4.196166992187501e-05,4.196166992187501e-05,5.245208740234376e-05,6.580352783203125e-05,7.915496826171875e-05,0.004379272460937,0.004379272460937,0.004379272460937," 0.004379272460937]""",0.005043029785156,0.00148582458496,4.391465187072753,0.013088922016322,0.026031494140625003,9.5367431640625e-07,8.392333984375001e-05,8.392333984375001e-05,0.50119637345679,0.501197530864197,1.157407407407407e-06
2488159592240,248815959224,0,0,21205045,1.0,"""[0.000125885009765",0.000139236450195,0.00014686584472600002,0.000154495239257,0.00016212463378900002,0.00016975402832,0.00017738342285100002,0.00019264221191400002,0.00020694732666000002,0.00023078918457," 0.001544952392578]""",0.0012187957763670001,0.000190734863281,1.698158383369445,0.008570457808673,0.026031494140625003,6.198883056640625e-05,0.017822265625,0.017822265625,0.502083333333333,0.502199074074074,0.00011574074074
2488159592240,248815959224,0,0,21205045,1.0,"""[0.00010299682617100001",0.000109672546386,0.000115394592285,0.0001220703125,0.000128746032714,0.00013637542724600002,0.00014686584472600002,0.00015735626220700002,0.00016689300537100002,0.000186920166015," 0.0010738372802730001]""",0.0010738372802730001,0.00015163421630800001,4.2732367515563965,0.01400938257575,0.026031494140625003,6.198883056640625e-05,0.017852783203125,0.017852783203125,0.5060185185185181,0.506134259259259,0.00011574074074
2488159592240,248815959224,0,0,21205045,1.0,"""[8.58306884765625e-06",8.58306884765625e-06,8.58306884765625e-06,8.58306884765625e-06,8.58306884765625e-06,8.58306884765625e-06,8.58306884765625e-06,8.58306884765625e-06,8.58306884765625e-06,8.58306884765625e-06," 8.58306884765625e-06]""",0.0,0.0,0.0,0.0,0.026031494140625003,0.0,9.5367431640625e-07,9.5367431640625e-07,0.50143287037037,0.5014332561728391,3.858024691358024e-07
2488159592240,248815959224,0,0,21205045,1.0,"""[0.00010013580322200001",0.00010585784912100001,0.000111579895019,0.00011730194091700002,0.000123977661132,0.000129699707031,0.000139236450195,0.00015068054199200001,0.00016212463378900002,0.00017356872558500002," 0.00038528442382800005]""",0.00038528442382800005,0.000139236450195,4.028746128082275,0.014482278376817,0.026031494140625003,6.198883056640625e-05,0.017852783203125,0.017852783203125,0.507986111111111,0.5081018518518511,0.00011574074074
2488159592240,248815959224,0,0,21205045,1.0,"""[0.000135421752929",0.000140190124511,0.00014591217041000002,0.00015068054199200001,0.00015640258789,0.00016212463378900002,0.00016784667968700002,0.00017261505126900002,0.00018978118896400002,0.000226020812988," 0.00057029724121]""",0.0005722045898430001,0.00017833709716700002,3.8408985137939453,0.011327402666211002,0.026031494140625003,6.4849853515625e-05,0.013992309570312,0.013992309570312,0.500231481481481,0.500347222222222,0.00011574074074
2488159592240,248815959224,0,0,21205045,1.0,"""[0.000109672546386",0.000115394592285,0.00012111663818300001,0.000126838684082,0.00013351440429600002,0.00014114379882800002,0.000149726867675,0.00015830993652300002,0.00016689300537100002,0.000175476074218," 0.000464439392089]""",0.000463485717773,0.000149726867675,4.2732367515563965,0.01400938257575,0.026031494140625003,6.198883056640625e-05,0.017852783203125,0.017852783203125,0.506134259259259,0.5062500000000001,0.00011574074074
2488159592240,248815959224,0,0,21205045,1.0,"""[0.00010204315185500001",0.000106811523437,0.000112533569335,0.00011730194091700002,0.000123023986816,0.000127792358398,0.000134468078613,0.00014686584472600002,0.000160217285156,0.00017261505126900002," 0.000700950622558]""",0.000700950622558,0.000144004821777,4.028746128082275,0.014482278376817,0.026031494140625003,6.198883056640625e-05,0.017852783203125,0.017852783203125,0.5081018518518511,0.508217592592592,0.00011574074074
2488159592240,248815959224,0,0,21205045,1.0,"""[0.000125885009765",0.000135421752929,0.000140190124511,0.00014591217041000002,0.00015163421630800001,0.00015735626220700002,0.00016307830810500002,0.00016880035400300002,0.000174522399902,0.00021171569824200001," 0.000980377197265]""",0.000980377197265,0.00017166137695300002,4.391465187072753,0.013088922016322,0.026031494140625003,6.4849853515625e-05,0.013992309570312,0.013992309570312,0.500925925925925,0.501041666666666,0.00011574074074
2488159592240,248815959224,0,0,21205045,1.0,"""[0.000111579895019",0.000116348266601,0.00012111663818300001,0.000126838684082,0.00013160705566400002,0.000140190124511,0.000149726867675,0.00015830993652300002,0.00016784667968700002,0.000186920166015," 0.0006752014160150001]""",0.0006752014160150001,0.00015640258789,4.614528656005859,0.013072147034108,0.026031494140625003,6.198883056640625e-05,0.017852783203125,0.017852783203125,0.5057870370370371,0.505902777777777,0.00011574074074
2488159592240,248815959224,0,0,21205045,1.0,"""[0.00011825561523400002",0.000135421752929,0.00014209747314400002,0.000148773193359,0.000155448913574,0.00016212463378900002,0.00016880035400300002,0.000175476074218,0.00019454956054600002,0.00021457672119100003," 0.0012187957763670001]""",0.0012187957763670001,0.000179290771484,4.159046173095703,0.012355174869298002,0.026031494140625003,6.198883056640625e-05,0.017852783203125,0.017822265625,0.504166666666666,0.504282407407407,0.00011574074074
2488159592240,248815959224,0,0,21205045,1.0,"""[0.000125885009765",0.00013732910156200002,0.00014305114746000002,0.000148773193359,0.000154495239257,0.000160217285156,0.000165939331054,0.00017166137695300002,0.00018405914306600003,0.00021553039550700003," 0.000591278076171]""",0.000865936279296,0.00017833709716700002,3.619719743728637,0.010721467435359,0.026031494140625003,6.4849853515625e-05,0.013992309570312,0.013992309570312,0.500578703703703,0.500694444444444,0.00011574074074
2488159592240,248815959224,0,0,21205045,1.0,"""[0.00012016296386700001",0.00013637542724600002,0.00014209747314400002,0.00014781951904200002,0.000153541564941,0.00015926361083900002,0.000164985656738,0.000170707702636,0.00017642974853500002,0.00021934509277300002," 0.00046730041503900005]""",0.00046825408935500005,0.00017261505126900002,3.619719743728637,0.010721467435359,0.026031494140625003,6.4849853515625e-05,0.013992309570312,0.013992309570312,0.500694444444444,0.500810185185185,0.00011574074074
2488159592240,248815959224,0,0,21205045,1.0,"""[0.00011730194091700002",0.000123977661132,0.00013160705566400002,0.00013828277587800002,0.000144958496093,0.00015163421630800001,0.00015830993652300002,0.000164985656738,0.00017166137695300002,0.00019931793212800002," 0.0006608963012690001]""",0.0006599426269530001,0.000160217285156,2.9881339073181152,0.009357998147606001,0.026031494140625003,6.198883056640625e-05,0.017852783203125,0.017852783203125,0.509375,0.5094907407407401,0.00011574074074
2488159592240,248815959224,0,0,21205045,1.0,"""[0.000111579895019",0.00012016296386700001,0.000128746032714,0.00013637542724600002,0.00014305114746000002,0.00015068054199200001,0.00015830993652300002,0.000164985656738,0.00017261505126900002,0.000201225280761," 0.000551223754882]""",0.0005521774291990001,0.00015926361083900002,4.527556419372558,0.013426285237073001,0.026031494140625003,6.198883056640625e-05,0.017822265625,0.017822265625,0.503587962962962,0.503703703703703,0.00011574074074
2488159592240,248815959224,0,0,21205045,1.0,"""[0.000116348266601",0.00014209747314400002,0.00015926361083900002,0.000175476074218,0.00021457672119100003,0.005973815917968001,0.006607055664062,0.006813049316406,0.006973266601562,0.007102966308593001," 0.007606506347656]""",0.007606506347656,0.0038299560546870004,1.549260139465332,0.008386151865124,0.026031494140625003,6.198883056640625e-05,0.018646240234375,0.018035888671875,0.501736111111111,0.501851851851851,0.00011574074074
2488159592240,248815959224,0,0,21205045,1.0,"""[0.000134468078613",0.00014114379882800002,0.00014686584472600002,0.000153541564941,0.00015926361083900002,0.000165939331054,0.00017166137695300002,0.00018215179443300001,0.00019931793212800002,0.000216484069824," 0.000506401062011]""",0.000505447387695,0.00018310546875,4.159046173095703,0.012355174869298002,0.026031494140625003,6.198883056640625e-05,0.017822265625,0.017822265625,0.504050925925925,0.504166666666666,0.00011574074074
2488159592240,248815959224,0,0,21205045,1.0,"""[0.00010299682617100001",0.000110626220703,0.00011825561523400002,0.000125885009765,0.000134468078613,0.00014305114746000002,0.00015163421630800001,0.000160217285156,0.00016880035400300002,0.00018787384033200002," 0.00046825408935500005]""",0.00046825408935500005,0.000149726867675,4.028746128082275,0.014482278376817,0.026031494140625003,6.198883056640625e-05,0.017852783203125,0.017852783203125,0.508217592592592,0.5083333333333331,0.00011574074074
2488159592240,248815959224,0,0,21205045,1.0,"""[0.000125885009765",0.000135421752929,0.00014209747314400002,0.00014781951904200002,0.000154495239257,0.000160217285156,0.00016689300537100002,0.00017261505126900002,0.00018787384033200002,0.00021457672119100003," 0.000730514526367]""",0.0007295608520500001,0.00017642974853500002,4.180630207061767,0.011421351693570002,0.026031494140625003,6.198883056640625e-05,0.017822265625,0.017822265625,0.502546296296296,0.502662037037037,0.00011574074074
2488159592240,248815959224,0,0,21205045,1.0,"""[0.000111579895019",0.000123023986816,0.00013351440429600002,0.000140190124511,0.00014686584472600002,0.000153541564941,0.000161170959472,0.00016784667968700002,0.000174522399902,0.000205993652343," 0.000617027282714]""",0.0006179809570310001,0.000165939331054,3.81471848487854,0.01237189117819,0.026031494140625003,6.198883056640625e-05,0.017822265625,0.017822265625,0.504629629629629,0.50474537037037,0.00011574074074
2488159592240,248815959224,0,0,21205045,1.0,"""[0.000112533569335",0.00013160705566400002,0.00013828277587800002,0.000144958496093,0.00015068054199200001,0.00015735626220700002,0.00016403198242100002,0.000170707702636,0.000179290771484,0.00021076202392500003," 0.0016460418701170001]""",0.0016498565673820002,0.00017356872558500002,4.530564785003662,0.014757494442164001,0.026031494140625003,6.198883056640625e-05,0.017852783203125,0.017852783203125,0.5069444444444441,0.507060185185185,0.00011574074074
2488159592240,248815959224,0,0,21205045,1.0,"""[0.00010490417480400001",0.000109672546386,0.000114440917968,0.00011825561523400002,0.000123023986816,0.000127792358398,0.00013256072998000002,0.00014781951904200002,0.00016212463378900002,0.000185966491699," 0.000452995300292]""",0.000452995300292,0.00014591217041000002,4.3525495529174805,0.014976033940911002,0.026031494140625003,6.198883056640625e-05,0.017852783203125,0.017852783203125,0.508912037037037,0.5090277777777771,0.00011574074074
2488159592240,248815959224,0,0,21205045,1.0,"""[0.000139236450195",0.00015735626220700002,0.000190734863281,0.003376007080078,0.004669189453125,0.005813598632812,0.006736755371093001,0.00726318359375,0.007575988769531,0.008514404296875," 0.012542724609375002]""",0.012557983398437,0.005050659179687,4.391465187072753,0.013088922016322,0.026031494140625003,6.008148193359376e-05,0.026031494140625003,0.018402099609375,0.501157407407407,0.50119637345679,3.896604938271604e-05
2488159592240,248815959224,0,0,21205045,1.0,"""[0.000112533569335",0.000126838684082,0.00013637542724600002,0.00014305114746000002,0.000149726867675,0.00015640258789,0.00016307830810500002,0.00016975402832,0.00017833709716700002,0.00020980834960900003," 0.0007781982421870001]""",0.0007791519165030001,0.00016784667968700002,4.530564785003662,0.014757494442164001,0.026031494140625003,6.198883056640625e-05,0.017852783203125,0.017852783203125,0.5071759259259261,0.507291666666666,0.00011574074074
2488159592240,248815959224,0,0,21205045,1.0,"""[0.000111579895019",0.00011920928955000001,0.000126838684082,0.000134468078613,0.00014114379882800002,0.000148773193359,0.000155448913574,0.00016307830810500002,0.00016975402832,0.000186920166015," 0.000554084777832]""",0.000555992126464,0.00015926361083900002,4.731245994567871,0.013166924938559001,0.026031494140625003,6.198883056640625e-05,0.017852783203125,0.017822265625,0.505439814814814,0.5055555555555551,0.00011574074074
2488159592240,248815959224,0,0,21205045,1.0,"""[0.000123023986816",0.00013637542724600002,0.00014305114746000002,0.000148773193359,0.000155448913574,0.000161170959472,0.00016784667968700002,0.000174522399902,0.00019359588623000002,0.00021743774414," 0.0005521774291990001]""",0.000551223754882,0.00017166137695300002,4.374255657196044,0.015734897926449002,0.026031494140625003,6.198883056640625e-05,0.017852783203125,0.017852783203125,0.507523148148148,0.5076388888888881,0.00011574074074
2488159592240,248815959224,0,0,21205045,1.0,"""[0.00010871887207",0.000115394592285,0.0001220703125,0.000128746032714,0.000135421752929,0.000144004821777,0.00015163421630800001,0.00015926361083900002,0.00016784667968700002,0.000175476074218," 0.0010356903076170001]""",0.001033782958984,0.000154495239257,4.614528656005859,0.013072147034108,0.026031494140625003,6.198883056640625e-05,0.017852783203125,0.017852783203125,0.505671296296296,0.5057870370370371,0.00011574074074
2488159592240,248815959224,0,0,21205045,1.0,"""[0.00010108947753900001",0.000107765197753,0.000115394592285,0.0001220703125,0.000129699707031,0.00013828277587800002,0.000148773193359,0.00015926361083900002,0.00016975402832,0.00019836425781200002," 0.00048065185546800006]""",0.000615119934082,0.000153541564941,4.358150005340576,0.015676509588956,0.026031494140625003,6.198883056640625e-05,0.017852783203125,0.017852783203125,0.507754629629629,0.5078703703703701,0.00011574074074
2488159592240,248815959224,0,0,21205045,1.0,"""[0",0.0,0.0,0.0,8.58306884765625e-06,2.1934509277343753e-05,3.528594970703125e-05,0.00032329559326100003,0.00032329559326100003,0.00032329559326100003," 0.00032329559326100003]""",0.000360488891601,0.00018310546875,4.391465187072753,0.013088922016322,0.026031494140625003,1.9073486328125e-06,9.5367431640625e-06,9.5367431640625e-06,0.501197530864197,0.501198302469135,7.716049382716048e-07
2488159592240,248815959224,0,0,21205045,1.0,"""[0",0.0,0.0,0.0,0.0,9.5367431640625e-07,1.9073486328125e-06,1.9073486328125e-06,1.9073486328125e-06,1.9073486328125e-06," 1.9073486328125e-06]""",0.00045585632324200004,0.000113487243652,1.012995839118957,0.0021049058996140003,0.026031494140625003,0.0,8.58306884765625e-06,8.58306884765625e-06,0.501432484567901,0.5014332561728391,7.716049382716048e-07
2488159592240,248815959224,0,0,21205045,1.0,"""[0.000113487243652",0.000130653381347,0.00013732910156200002,0.000144004821777,0.000149726867675,0.000155448913574,0.00016212463378900002,0.00016784667968700002,0.000174522399902,0.000205993652343," 0.0005636215209960001]""",0.000562667846679,0.00016212463378900002,3.763144493103027,0.011114390566945001,0.026031494140625003,6.4849853515625e-05,0.013992309570312,0.013992309570312,0.500347222222222,0.500462962962963,0.00011574074074
2488159592240,248815959224,0,0,21205045,1.0,"""[0.00011920928955000001",0.000135421752929,0.00014114379882800002,0.00014686584472600002,0.000153541564941,0.00015926361083900002,0.000165939331054,0.00017166137695300002,0.00018405914306600003,0.00020980834960900003," 0.000580787658691]""",0.000580787658691,0.00016975402832,4.159046173095703,0.012355174869298002,0.026031494140625003,6.198883056640625e-05,0.017822265625,0.017822265625,0.504282407407407,0.504398148148148,0.00011574074074
2488159592240,248815959224,0,0,21205045,1.0,"""[0.00010395050048800001",0.000111579895019,0.00011825561523400002,0.000124931335449,0.00013256072998000002,0.00014114379882800002,0.00015068054199200001,0.00015926361083900002,0.00016880035400300002,0.00018787384033200002," 0.000658988952636]""",0.000658988952636,0.000153541564941,4.335078716278076,0.014879334717988002,0.026031494140625003,6.198883056640625e-05,0.017852783203125,0.017852783203125,0.5064814814814811,0.506597222222222,0.00011574074074
2488159592240,248815959224,0,0,21205045,1.0,"""[0.000113487243652",0.000135421752929,0.00014209747314400002,0.00014781951904200002,0.000154495239257,0.000161170959472,0.00016689300537100002,0.00017356872558500002,0.00018978118896400002,0.00021362304687500003," 0.0005226135253900001]""",0.001306533813476,0.00017642974853500002,4.52518892288208,0.013522181659936001,0.026031494140625003,6.198883056640625e-05,0.017822265625,0.017822265625,0.5031249999999999,0.50324074074074,0.00011574074074
2488159592240,248815959224,0,0,21205045,1.0,"""[5.340576171875001e-05",0.00286865234375,0.003990173339843001,0.004806518554687,0.006973266601562,0.007621765136718001,0.007759094238281,0.009796142578125,0.01318359375,0.01458740234375," 0.0167236328125]""",0.01715087890625,0.008056640625,1.012995839118957,0.0021049058996140003,0.026031494140625003,6.198883056640625e-05,0.026031494140625003,0.0169677734375,0.501388888888888,0.501432484567901,4.359567901234568e-05
2488159592240,248815959224,0,0,21205045,1.0,"""[0.00011825561523400002",0.000127792358398,0.000135421752929,0.00014114379882800002,0.00014781951904200002,0.000153541564941,0.000160217285156,0.000165939331054,0.00017166137695300002,0.000195503234863," 0.000699996948242]""",0.000774383544921,0.00016212463378900002,5.138162612915039,0.013497349806129,0.026031494140625003,6.198883056640625e-05,0.017852783203125,0.017822265625,0.5053240740740741,0.505439814814814,0.00011574074074
2488159592240,248815959224,0,0,21205045,1.0,"""[9.536743164062501e-05",0.00010204315185500001,0.00010871887207,0.000115394592285,0.000123023986816,0.000129699707031,0.000139236450195,0.00015163421630800001,0.00016307830810500002,0.000174522399902," 0.001056671142578]""",0.001056671142578,0.000149726867675,3.354616165161132,0.010867003351449,0.026031494140625003,6.198883056640625e-05,0.017852783203125,0.017852783203125,0.5092592592592591,0.509375,0.00011574074074
2488159592240,248815959224,0,0,21205045,1.0,"""[0.000115394592285",0.000130653381347,0.000140190124511,0.000148773193359,0.00015830993652300002,0.00016689300537100002,0.000175476074218,0.00019931793212800002,0.00022792816162100002,0.011581420898437," 0.01654052734375]""",0.016571044921875,0.0016937255859370002,0.0,0.0,0.026031494140625003,6.198883056640625e-05,0.010787963867187,0.00099754333496,0.501504629629629,0.50162037037037,0.00011574074074
2488159592240,248815959224,0,0,21205045,1.0,"""[0.000113487243652",0.00011920928955000001,0.000125885009765,0.00013256072998000002,0.000140190124511,0.00014781951904200002,0.000155448913574,0.00016307830810500002,0.000170707702636,0.00019741058349600002," 0.000725746154785]""",0.000726699829101,0.000160217285156,4.527556419372558,0.013426285237073001,0.026031494140625003,6.198883056640625e-05,0.017822265625,0.017822265625,0.503703703703703,0.503819444444444,0.00011574074074
2488159592240,248815959224,0,0,21205045,1.0,"""[0.000110626220703",0.00013351440429600002,0.000140190124511,0.00014686584472600002,0.000152587890625,0.00015926361083900002,0.000164985656738,0.00017166137695300002,0.00018501281738200003,0.00021266937255800001," 0.0005722045898430001]""",0.00057315826416,0.00017166137695300002,3.764994859695434,0.0111287785694,0.026031494140625003,6.198883056640625e-05,0.017822265625,0.017822265625,0.502199074074074,0.502314814814814,0.00011574074074
2488159592240,248815959224,0,0,21205045,1.0,"""[0.00011825561523400002",0.000134468078613,0.00014114379882800002,0.00014686584472600002,0.000153541564941,0.000160217285156,0.000165939331054,0.00017261505126900002,0.00018787384033200002,0.00021362304687500003," 0.0007104873657220001]""",0.0007104873657220001,0.000170707702636,3.764994859695434,0.0111287785694,0.026031494140625003,6.198883056640625e-05,0.017822265625,0.017822265625,0.502314814814814,0.502430555555555,0.00011574074074
2488159592240,248815959224,0,0,21205045,1.0,"""[0.00010585784912100001",0.000114440917968,0.000123023986816,0.00013256072998000002,0.000139236450195,0.00014686584472600002,0.000154495239257,0.000161170959472,0.00016880035400300002,0.00017642974853500002," 0.001184463500976]""",0.001184463500976,0.00015830993652300002,4.2732367515563965,0.01400938257575,0.026031494140625003,6.198883056640625e-05,0.017852783203125,0.017852783203125,0.5062500000000001,0.50636574074074,0.00011574074074
2488159592240,248815959224,0,0,21205045,1.0,"""[0.00010871887207",0.000113487243652,0.00011825561523400002,0.000123023986816,0.000127792358398,0.000134468078613,0.000144004821777,0.000154495239257,0.000164985656738,0.000174522399902," 0.00053596496582]""",0.00053596496582,0.00015163421630800001,4.302853107452392,0.014426002278923001,0.026031494140625003,6.198883056640625e-05,0.017852783203125,0.017852783203125,0.50636574074074,0.5064814814814811,0.00011574074074
2488159592240,248815959224,0,0,21205045,1.0,"""[0.000115394592285",0.000123977661132,0.00013351440429600002,0.000140190124511,0.00014686584472600002,0.000153541564941,0.000160217285156,0.00016689300537100002,0.00017356872558500002,0.00020408630371000002," 0.001125335693359]""",0.001123428344726,0.000164985656738,4.421533107757568,0.014206494204699001,0.026031494140625003,6.198883056640625e-05,0.017852783203125,0.017852783203125,0.5083333333333331,0.508449074074074,0.00011574074074
2488159592240,248815959224,0,0,21205045,0.9933333396911621,"""[0.000112533569335",0.00013351440429600002,0.000140190124511,0.00014591217041000002,0.000152587890625,0.00015926361083900002,0.000165939331054,0.00017261505126900002,0.00018787384033200002,0.00021266937255800001," 0.0005102157592770001]""",0.0014877319335930002,0.00017261505126900002,4.3957977294921875,0.011572811752557002,0.026031494140625003,6.198883056640625e-05,0.017822265625,0.017822265625,0.502662037037037,0.502777777777777,0.00011574074074
2488159592240,248815959224,0,0,21205045,1.0,"""[0.00010871887207",0.000124931335449,0.00013637542724600002,0.00014305114746000002,0.000149726867675,0.00015640258789,0.00016307830810500002,0.00016975402832,0.00017738342285100002,0.00020980834960900003," 0.0007514953613280001]""",0.0007514953613280001,0.00016784667968700002,4.335078716278076,0.014879334717988002,0.026031494140625003,6.198883056640625e-05,0.017852783203125,0.017852783203125,0.5067129629629631,0.506828703703703,0.00011574074074
2488159592240,248815959224,0,0,21205045,1.0,"""[0.00012016296386700001",0.00013732910156200002,0.00014305114746000002,0.000149726867675,0.000155448913574,0.00016212463378900002,0.00016880035400300002,0.000174522399902,0.00019359588623000002,0.00021553039550700003," 0.0007343292236320001]""",0.0007286071777340001,0.00018310546875,4.460860729217529,0.01255302503705,0.026031494140625003,6.198883056640625e-05,0.017822265625,0.017822265625,0.503009259259259,0.5031249999999999,0.00011574074074
2488159592240,248815959224,0,0,21205045,1.0,"""[0.000126838684082",0.00013828277587800002,0.000144958496093,0.00015163421630800001,0.00015830993652300002,0.000164985656738,0.00017166137695300002,0.00018215179443300001,0.000200271606445,0.00021743774414," 0.000678062438964]""",0.001186370849609,0.00018882751464800002,5.05475902557373,0.013426424004137,0.026031494140625003,6.198883056640625e-05,0.017852783203125,0.017822265625,0.504976851851851,0.5050925925925921,0.00011574074074
2488159592240,248815959224,0,0,21205045,1.0,"""[0.00010299682617100001",0.000112533569335,0.000123023986816,0.00013256072998000002,0.000140190124511,0.00014781951904200002,0.000154495239257,0.00016212463378900002,0.00016975402832,0.000186920166015," 0.00048828124999999995]""",0.0004911422729490001,0.00015068054199200001,4.530564785003662,0.014757494442164001,0.026031494140625003,6.198883056640625e-05,0.017852783203125,0.017852783203125,0.507060185185185,0.5071759259259261,0.00011574074074
2488159592240,248815959224,0,0,21205045,1.0,"""[9.822845458984376e-05",0.00010395050048800001,0.00010871887207,0.000114440917968,0.00012016296386700001,0.000124931335449,0.000130653381347,0.00014305114746000002,0.00015830993652300002,0.000174522399902," 0.000749588012695]""",0.0007486343383780001,0.00014305114746000002,4.3525495529174805,0.014976033940911002,0.026031494140625003,6.198883056640625e-05,0.017852783203125,0.017852783203125,0.509143518518518,0.5092592592592591,0.00011574074074
2488159592240,248815959224,0,0,21205045,1.0,"""[0.000115394592285",0.00013351440429600002,0.000140190124511,0.00014591217041000002,0.00015163421630800001,0.00015830993652300002,0.00016403198242100002,0.00016975402832,0.00017642974853500002,0.00021076202392500003," 0.001075744628906]""",0.001075744628906,0.000174522399902,4.526106834411621,0.013485021889209001,0.026031494140625003,6.198883056640625e-05,0.017852783203125,0.017822265625,0.503472222222222,0.503587962962962,0.00011574074074
