UniqJobId,collection_id,instance_index,priority,machine_id,sample_rate,cpu_usage_distribution1,cpu_usage_distribution2,cpu_usage_distribution3,cpu_usage_distribution4,cpu_usage_distribution5,cpu_usage_distribution6,cpu_usage_distribution7,cpu_usage_distribution8,cpu_usage_distribution9,cpu_usage_distribution10,cpu_usage_distribution11,max_cpu,avg_cpu,cycles_per_instruction,memory_accesses_per_instruction,assigned_memory,page_cache_memory,max_memory,avg_memory,start_time,end_time,time_window
2493691068261,249369106826,1,0,102983601397,1.0,"""[0.00010013580322200001",0.000106811523437,0.000113487243652,0.00012016296386700001,0.000126838684082,0.000135421752929,0.00014781951904200002,0.000161170959472,0.00017356872558500002,0.00021266937255800001," 0.0006856918334960001]""",0.000684738159179,0.000149726867675,3.649660348892211,0.03141189366579,0.003929138183593001,0.000612258911132,0.0009651184082030001,0.000811576843261,0.5081018518518511,0.508217592592592,0.00011574074074
2493691068261,249369106826,1,0,102983601397,0.996666669845581,"""[9.536743164062501e-05",0.00010108947753900001,0.000106811523437,0.000112533569335,0.00011920928955000001,0.000124931335449,0.000130653381347,0.000144004821777,0.000160217285156,0.00017642974853500002," 0.0009279251098630001]""",0.0009279251098630001,0.00014209747314400002,3.649660348892211,0.03141189366579,0.003929138183593001,0.000612258911132,0.000711441040039,0.000707626342773,0.5083333333333331,0.508449074074074,0.00011574074074
2493691068261,249369106826,1,0,102983601397,0.9933333396911621,"""[0.00010204315185500001",0.000106811523437,0.000111579895019,0.000116348266601,0.0001220703125,0.000126838684082,0.00013160705566400002,0.000144958496093,0.00015926361083900002,0.00017356872558500002," 0.000609397888183]""",0.0012569427490230001,0.00014114379882800002,3.649660348892211,0.03141189366579,0.003929138183593001,0.000612258911132,0.000715255737304,0.000712394714355,0.5085648148148141,0.508680555555555,0.00011574074074
2493691068261,249369106826,1,0,102983601397,0.9933333396911621,"""[0.00010108947753900001",0.00010585784912100001,0.000111579895019,0.000116348266601,0.00012111663818300001,0.000125885009765,0.000130653381347,0.00014305114746000002,0.00015830993652300002,0.000174522399902," 0.0007543563842770001]""",0.0007553100585930001,0.000139236450195,2.460887908935546,0.021947763860225,0.003929138183593001,0.000712394714355,0.000741958618164,0.0007410049438470001,0.509375,0.5094907407407401,0.00011574074074
2493691068261,249369106826,1,0,102983601397,1.0,"""[9.918212890625001e-05",0.00010585784912100001,0.000111579895019,0.00011730194091700002,0.000123977661132,0.000129699707031,0.00014305114746000002,0.000161170959472,0.000185966491699,0.0005989074707030001," 0.009689331054687]""",0.009719848632812,0.000590324401855,2.460887908935546,0.021947763860225,0.003929138183593001,0.0006484985351560001,0.001577377319335,0.000891685485839,0.5090277777777771,0.509143518518518,0.00011574074074
2493691068261,249369106826,1,0,102983601397,0.9933333396911621,"""[9.441375732421876e-05",0.00010013580322200001,0.000106811523437,0.000112533569335,0.00011825561523400002,0.000123977661132,0.000130653381347,0.00014305114746000002,0.00015830993652300002,0.00017356872558500002," 0.0007295608520500001]""",0.00071907043457,0.000139236450195,2.830013513565063,0.024886470288038,0.003929138183593001,0.000612258911132,0.0007181167602530001,0.000715255737304,0.508680555555555,0.5087962962962961,0.00011574074074
2493691068261,249369106826,1,0,102983601397,0.996666669845581,"""[0.00010204315185500001",0.000107765197753,0.000112533569335,0.00011825561523400002,0.000123977661132,0.000128746032714,0.00013828277587800002,0.00015068054199200001,0.00016403198242100002,0.0001802444458," 0.0006675720214840001]""",0.0006675720214840001,0.000144004821777,2.460887908935546,0.021947763860225,0.003929138183593001,0.000712394714355,0.00074291229248,0.0007400512695310001,0.5092592592592591,0.509375,0.00011574074074
2493691068261,249369106826,1,0,102983601397,0.996666669845581,"""[9.727478027343751e-05",0.00010204315185500001,0.000107765197753,0.000112533569335,0.00011730194091700002,0.000123023986816,0.000127792358398,0.000135421752929,0.000152587890625,0.000170707702636," 0.000689506530761]""",0.000689506530761,0.00013256072998000002,2.460887908935546,0.021947763860225,0.003929138183593001,0.000612258911132,0.0007238388061520001,0.0007209777832030001,0.508912037037037,0.5090277777777771,0.00011574074074
2493691068261,249369106826,1,0,102983601397,0.9933333396911621,"""[9.441375732421876e-05",0.00010299682617100001,0.000111579895019,0.00012016296386700001,0.000129699707031,0.00013828277587800002,0.00014781951904200002,0.00015640258789,0.000165939331054,0.000174522399902," 0.000810623168945]""",0.001628875732421,0.000153541564941,3.64966082572937,0.03141189366579,0.003929138183593001,0.000612258911132,0.000699996948242,0.0006980895996090001,0.5078703703703701,0.507986111111111,0.00011574074074
2493691068261,249369106826,1,0,102983601397,0.9933333396911621,"""[9.346008300781251e-05",9.918212890625001e-05,0.00010490417480400001,0.000109672546386,0.000115394592285,0.00012111663818300001,0.000125885009765,0.00013160705566400002,0.000152587890625,0.000174522399902," 0.00069522857666]""",0.00069522857666,0.00013351440429600002,2.460887908935546,0.021947763860225,0.003929138183593001,0.000612258911132,0.0007219314575190001,0.0007181167602530001,0.5087962962962961,0.508912037037037,0.00011574074074
2493691068261,249369106826,1,0,102983601397,1.0,"""[9.536743164062501e-05",0.00010395050048800001,0.000112533569335,0.00012111663818300001,0.000129699707031,0.000140190124511,0.000149726867675,0.000160217285156,0.00016975402832,0.000205039978027," 0.026824951171875003]""",0.026824951171875003,0.000524520874023,0.0,0.0,0.003929138183593001,0.000611305236816,0.0025634765625,0.000932693481445,0.507754629629629,0.5078703703703701,0.00011574074074
2493691068261,249369106826,1,0,102983601397,0.996666669845581,"""[0.00010108947753900001",0.000107765197753,0.000113487243652,0.00012016296386700001,0.000125885009765,0.00013256072998000002,0.000144004821777,0.000155448913574,0.00016689300537100002,0.00020313262939400002," 0.008621215820312]""",0.008621215820312,0.000247955322265,3.649660348892211,0.03141189366579,0.003929138183593001,0.000612258911132,0.001117706298828,0.000730514526367,0.507986111111111,0.5081018518518511,0.00011574074074
2493691068261,249369106826,1,0,102983601397,1.0,"""[0.00010013580322200001",0.000106811523437,0.000112533569335,0.00011920928955000001,0.000124931335449,0.00013160705566400002,0.00014305114746000002,0.000155448913574,0.00016784667968700002,0.00020885467529200002," 0.0006856918334960001]""",0.0007476806640620001,0.000153541564941,3.649660348892211,0.03141189366579,0.003929138183593001,0.000612258911132,0.000708580017089,0.0007057189941400001,0.508217592592592,0.5083333333333331,0.00011574074074
2493691068261,249369106826,1,0,102983601397,0.9933333396911621,"""[0.00010013580322200001",0.00010490417480400001,0.000110626220703,0.000115394592285,0.00012016296386700001,0.000124931335449,0.000130653381347,0.00014305114746000002,0.000160217285156,0.00018405914306600003," 0.00045680999755800004]""",0.0008068084716790001,0.000139236450195,3.649660348892211,0.03141189366579,0.003929138183593001,0.000612258911132,0.000712394714355,0.0007095336914060001,0.508449074074074,0.5085648148148141,0.00011574074074
