UniqJobId,collection_id,instance_index,priority,machine_id,sample_rate,cpu_usage_distribution1,cpu_usage_distribution2,cpu_usage_distribution3,cpu_usage_distribution4,cpu_usage_distribution5,cpu_usage_distribution6,cpu_usage_distribution7,cpu_usage_distribution8,cpu_usage_distribution9,cpu_usage_distribution10,cpu_usage_distribution11,max_cpu,avg_cpu,cycles_per_instruction,memory_accesses_per_instruction,assigned_memory,page_cache_memory,max_memory,avg_memory,start_time,end_time,time_window
250081990820,25008199082,0,0,62156450,1.0,"""[0.00013256072998000002",0.000144958496093,0.00015830993652300002,0.000170707702636,0.00018119812011700001,0.00018978118896400002,0.00019741058349600002,0.000205993652343,0.00021362304687500003,0.00023651123046800003," 0.0005769729614250001]""",0.000574111938476,0.000196456909179,3.411209106445312,0.011631027795374001,0.00048637390136700004,5.245208740234376e-05,0.000297546386718,0.00029277801513600003,0.5001157407407401,0.500231481481481,0.00011574074074
250081990820,25008199082,0,0,62156450,1.0,"""[0.00013637542724600002",0.00014781951904200002,0.000160217285156,0.00017166137695300002,0.00018119812011700001,0.00018978118896400002,0.00019836425781200002,0.00020694732666000002,0.00021457672119100003,0.00024318695068300001," 0.0005569458007810001]""",0.000558853149414,0.000196456909179,4.04439640045166,0.01517984829843,0.00048637390136700004,5.245208740234376e-05,0.000297546386718,0.00029277801513600003,0.5060185185185181,0.506134259259259,0.00011574074074
250081990820,25008199082,0,0,62156450,1.0,"""[0.00013256072998000002",0.00014209747314400002,0.000153541564941,0.00016403198242100002,0.000174522399902,0.00018405914306600003,0.00019264221191400002,0.00020217895507800002,0.00021171569824200001,0.00022411346435500002," 0.0005950927734370001]""",0.000590324401855,0.00018978118896400002,4.731692314147949,0.019970957189798,0.00048637390136700004,5.245208740234376e-05,0.000297546386718,0.00029277801513600003,0.500347222222222,0.500462962962963,0.00011574074074
250081990820,25008199082,0,0,62156450,1.0,"""[0.000152587890625",0.000165939331054,0.00017833709716700002,0.00018501281738200003,0.000191688537597,0.00019836425781200002,0.000205039978027,0.00021171569824200001,0.00021934509277300002,0.000255584716796," 0.00045013427734300006]""",0.00045680999755800004,0.00020408630371000002,4.214141368865966,0.01481042522937,0.00048637390136700004,5.245208740234376e-05,0.000297546386718,0.00029277801513600003,0.502314814814814,0.502430555555555,0.00011574074074
250081990820,25008199082,0,0,62156450,1.0,"""[0.000144004821777",0.00016880035400300002,0.00018119812011700001,0.00018787384033200002,0.00019454956054600002,0.000201225280761,0.00020790100097600002,0.00021553039550700003,0.00022792816162100002,0.000258445739746," 0.00054931640625]""",0.000558853149414,0.00020980834960900003,4.329285144805908,0.016163351014256002,0.00048637390136700004,5.245208740234376e-05,0.000298500061035,0.00029277801513600003,0.50636574074074,0.5064814814814811,0.00011574074074
250081990820,25008199082,0,0,62156450,1.0,"""[0.00014781951904200002",0.00016212463378900002,0.00017738342285100002,0.00018405914306600003,0.000190734863281,0.00019741058349600002,0.00020408630371000002,0.00021076202392500003,0.00021743774414,0.00025177001953100004," 0.00046539306640600004]""",0.000472068786621,0.000205993652343,3.952206134796142,0.013891148380935001,0.00048637390136700004,5.245208740234376e-05,0.000297546386718,0.00029277801513600003,0.502546296296296,0.502662037037037,0.00011574074074
250081990820,25008199082,0,0,62156450,1.0,"""[0.00013351440429600002",0.00015068054199200001,0.00016689300537100002,0.0001802444458,0.00018882751464800002,0.000196456909179,0.000205039978027,0.00021362304687500003,0.000226020812988,0.000257492065429," 0.000520706176757]""",0.000519752502441,0.000205039978027,4.322009563446044,0.015401911921799,0.00048637390136700004,5.245208740234376e-05,0.000298500061035,0.00029277801513600003,0.5067129629629631,0.506828703703703,0.00011574074074
250081990820,25008199082,0,0,62156450,1.0,"""[0.00014305114746000002",0.000154495239257,0.000165939331054,0.00017642974853500002,0.00018405914306600003,0.000191688537597,0.00019931793212800002,0.00020694732666000002,0.00021457672119100003,0.000244140625," 0.000562667846679]""",0.000558853149414,0.00019741058349600002,4.527719974517822,0.017297817394137,0.00048637390136700004,5.245208740234376e-05,0.000296592712402,0.00029182434082000003,0.503009259259259,0.5031249999999999,0.00011574074074
250081990820,25008199082,0,0,62156450,1.0,"""[0.00014305114746000002",0.00015735626220700002,0.00017261505126900002,0.00018119812011700001,0.00018787384033200002,0.00019454956054600002,0.000201225280761,0.00020790100097600002,0.00021553039550700003,0.00024127960205000003," 0.00043773651123000005]""",0.000440597534179,0.000200271606445,4.1412763595581055,0.014879163354635001,0.00048637390136700004,5.245208740234376e-05,0.000299453735351,0.00029373168945300005,0.5074074074074071,0.507523148148148,0.00011574074074
250081990820,25008199082,0,0,62156450,1.0,"""[0.00014209747314400002",0.000154495239257,0.00016689300537100002,0.00017833709716700002,0.000186920166015,0.00019454956054600002,0.00020313262939400002,0.00021076202392500003,0.00021839141845700002,0.000253677368164," 0.0006437301635740001]""",0.000645637512207,0.00020217895507800002,3.334207534790039,0.013697326183319002,0.00048637390136700004,5.245208740234376e-05,0.000299453735351,0.00029468536376900005,0.505671296296296,0.5057870370370371,0.00011574074074
250081990820,25008199082,0,0,62156450,1.0,"""[0.000139236450195",0.00014781951904200002,0.00015640258789,0.000165939331054,0.000174522399902,0.00018405914306600003,0.00019454956054600002,0.00020408630371000002,0.00021457672119100003,0.000247001647949," 0.00047874450683500004]""",0.000472068786621,0.00019454956054600002,5.293553829193115,0.023570960387587003,0.00048637390136700004,5.245208740234376e-05,0.000299453735351,0.00029373168945300005,0.507986111111111,0.5081018518518511,0.00011574074074
250081990820,25008199082,0,0,62156450,1.0,"""[0.000139236450195",0.000149726867675,0.00015926361083900002,0.00016975402832,0.000179290771484,0.00018787384033200002,0.00019741058349600002,0.000205993652343,0.00021553039550700003,0.000250816345214," 0.000578880310058]""",0.0005826950073240001,0.00019741058349600002,4.04439640045166,0.01517984829843,0.00048637390136700004,5.245208740234376e-05,0.000297546386718,0.00029277801513600003,0.506134259259259,0.5062500000000001,0.00011574074074
250081990820,25008199082,0,0,62156450,1.0,"""[0.00013732910156200002",0.000154495239257,0.00017166137695300002,0.00018119812011700001,0.00018882751464800002,0.000196456909179,0.00020313262939400002,0.00021076202392500003,0.00021839141845700002,0.000247955322265," 0.000672340393066]""",0.000677108764648,0.00020217895507800002,4.043703079223632,0.015530888922512,0.00048637390136700004,5.245208740234376e-05,0.000298500061035,0.00029373168945300005,0.508449074074074,0.5085648148148141,0.00011574074074
250081990820,25008199082,0,0,62156450,1.0,"""[0.000155448913574",0.00016403198242100002,0.00017356872558500002,0.00018119812011700001,0.00018787384033200002,0.000195503234863,0.00020217895507800002,0.00020885467529200002,0.000216484069824,0.000247001647949," 0.00043487548828100004]""",0.000432968139648,0.000201225280761,4.215412139892578,0.017483334988355,0.00048637390136700004,5.245208740234376e-05,0.000298500061035,0.00029277801513600003,0.504629629629629,0.50474537037037,0.00011574074074
250081990820,25008199082,0,0,62156450,1.0,"""[0.00014686584472600002",0.00016403198242100002,0.00017833709716700002,0.00018405914306600003,0.000190734863281,0.00019741058349600002,0.00020408630371000002,0.00021076202392500003,0.00021743774414,0.000253677368164," 0.0005407333374020001]""",0.0005350112915030001,0.000205039978027,3.6770894527435303,0.014166543260216002,0.00048637390136700004,5.245208740234376e-05,0.000298500061035,0.00029277801513600003,0.504976851851851,0.5050925925925921,0.00011574074074
250081990820,25008199082,0,0,62156450,1.0,"""[0.00014114379882800002",0.000155448913574,0.00016975402832,0.0001802444458,0.00018787384033200002,0.00019454956054600002,0.00020217895507800002,0.00020980834960900003,0.000216484069824,0.000250816345214," 0.000497817993164]""",0.0004959106445310001,0.00020217895507800002,4.20784568786621,0.018527572974562003,0.00048637390136700004,5.245208740234376e-05,0.000297546386718,0.00029182434082000003,0.501157407407407,0.501273148148148,0.00011574074074
250081990820,25008199082,0,0,62156450,1.0,"""[0.00014781951904200002",0.00015926361083900002,0.000170707702636,0.0001802444458,0.00018787384033200002,0.000195503234863,0.00020313262939400002,0.00021076202392500003,0.00021839141845700002,0.00025272369384700004," 0.0006065368652340001]""",0.000605583190917,0.00020408630371000002,4.527719974517822,0.017297817394137,0.00048637390136700004,5.245208740234376e-05,0.000297546386718,0.00029182434082000003,0.50324074074074,0.503356481481481,0.00011574074074
250081990820,25008199082,0,0,62156450,1.0,"""[0.00014686584472600002",0.00016307830810500002,0.00017738342285100002,0.00018501281738200003,0.000191688537597,0.00019836425781200002,0.000205039978027,0.00021171569824200001,0.00021839141845700002,0.000255584716796," 0.000641822814941]""",0.0006370544433590001,0.000205993652343,4.1412763595581055,0.014879163354635001,0.00048637390136700004,5.245208740234376e-05,0.000298500061035,0.00029373168945300005,0.507291666666666,0.5074074074074071,0.00011574074074
250081990820,25008199082,0,0,62156450,1.0,"""[0.00014686584472600002",0.000160217285156,0.00017356872558500002,0.00018119812011700001,0.00018787384033200002,0.000195503234863,0.00020217895507800002,0.00020885467529200002,0.00021553039550700003,0.000245094299316," 0.000422477722167]""",0.00042533874511700004,0.00020217895507800002,4.8845648765563965,0.021981526166200003,0.00048637390136700004,5.245208740234376e-05,0.000297546386718,0.00029277801513600003,0.50162037037037,0.501736111111111,0.00011574074074
250081990820,25008199082,0,0,62156450,1.0,"""[0.000139236450195",0.00015068054199200001,0.00016403198242100002,0.00017642974853500002,0.00018405914306600003,0.00019264221191400002,0.000200271606445,0.00020885467529200002,0.000216484069824,0.000249862670898," 0.000507354736328]""",0.0005035400390620001,0.00019741058349600002,3.334207534790039,0.013697326183319002,0.00048637390136700004,5.245208740234376e-05,0.000298500061035,0.00029277801513600003,0.5055555555555551,0.505671296296296,0.00011574074074
250081990820,25008199082,0,0,62156450,1.0,"""[0.00014114379882800002",0.00015163421630800001,0.00016403198242100002,0.000175476074218,0.00018405914306600003,0.000191688537597,0.000200271606445,0.00020885467529200002,0.000216484069824,0.000249862670898," 0.000579833984375]""",0.0005826950073240001,0.00019836425781200002,4.1412763595581055,0.014879163354635001,0.00048637390136700004,5.245208740234376e-05,0.000298500061035,0.00029277801513600003,0.507523148148148,0.5076388888888881,0.00011574074074
250081990820,25008199082,0,0,62156450,0.996666669845581,"""[0.00015735626220700002",0.000165939331054,0.000175476074218,0.00018119812011700001,0.00018787384033200002,0.00019454956054600002,0.000200271606445,0.00020694732666000002,0.00021362304687500003,0.00021934509277300002," 0.0007019042968750001]""",0.00152587890625,0.00020313262939400002,4.221436500549316,0.014873540028929001,0.00048637390136700004,5.245208740234376e-05,0.000297546386718,0.00029277801513600003,0.502083333333333,0.502199074074074,0.00011574074074
250081990820,25008199082,0,0,62156450,1.0,"""[0.000129699707031",0.000144958496093,0.00015735626220700002,0.000170707702636,0.00018119812011700001,0.00018978118896400002,0.00019836425781200002,0.00020694732666000002,0.00021553039550700003,0.000246047973632," 0.00048542022705000003]""",0.00047969818115200006,0.00019454956054600002,4.061882972717285,0.017722839489579003,0.00048637390136700004,5.245208740234376e-05,0.000297546386718,0.00029277801513600003,0.500810185185185,0.500925925925925,0.00011574074074
250081990820,25008199082,0,0,62156450,1.0,"""[0.000127792358398",0.00014591217041000002,0.000160217285156,0.000174522399902,0.00018310546875,0.000190734863281,0.00019836425781200002,0.000205993652343,0.00021362304687500003,0.00023269653320300002," 0.00074291229248]""",0.0007476806640620001,0.000195503234863,4.061882972717285,0.017722839489579003,0.00048637390136700004,5.245208740234376e-05,0.000297546386718,0.00029182434082000003,0.500925925925925,0.501041666666666,0.00011574074074
250081990820,25008199082,0,0,62156450,1.0,"""[0.000148773193359",0.000161170959472,0.00017356872558500002,0.00018215179443300001,0.00018882751464800002,0.000196456909179,0.00020313262939400002,0.00021076202392500003,0.00021743774414,0.000248908996582," 0.0005464553833000001]""",0.000551223754882,0.00020217895507800002,4.315477848052978,0.014718376100063001,0.00048637390136700004,5.245208740234376e-05,0.000299453735351,0.00029468536376900005,0.507060185185185,0.5071759259259261,0.00011574074074
250081990820,25008199082,0,0,62156450,1.0,"""[0.00014686584472600002",0.00015830993652300002,0.000170707702636,0.0001802444458,0.00018787384033200002,0.00019454956054600002,0.00020217895507800002,0.00020885467529200002,0.000216484069824,0.000247001647949," 0.000542640686035]""",0.000542640686035,0.00020408630371000002,4.250362396240234,0.014778477139770001,0.00048637390136700004,5.245208740234376e-05,0.000298500061035,0.00029373168945300005,0.5071759259259261,0.507291666666666,0.00011574074074
250081990820,25008199082,0,0,62156450,1.0,"""[0.00014686584472600002",0.00015640258789,0.000165939331054,0.00017642974853500002,0.00018405914306600003,0.000191688537597,0.00019931793212800002,0.00020694732666000002,0.00021457672119100003,0.00024318695068300001," 0.00043487548828100004]""",0.000432968139648,0.000196456909179,4.924658298492431,0.022479547187685002,0.00048637390136700004,5.245208740234376e-05,0.000297546386718,0.00029277801513600003,0.501388888888888,0.501504629629629,0.00011574074074
250081990820,25008199082,0,0,62156450,1.0,"""[0.000140190124511",0.00015640258789,0.00017356872558500002,0.00018215179443300001,0.00018978118896400002,0.00019741058349600002,0.000205039978027,0.00021266937255800001,0.00022029876708900002,0.000255584716796," 0.0006551742553710001]""",0.000653266906738,0.00020694732666000002,3.334207534790039,0.013697326183319002,0.00048637390136700004,5.245208740234376e-05,0.00030326843261700004,0.00029373168945300005,0.505439814814814,0.5055555555555551,0.00011574074074
250081990820,25008199082,0,0,62156450,1.0,"""[0.00013351440429600002",0.000152587890625,0.00017166137695300002,0.00018215179443300001,0.00018978118896400002,0.00019741058349600002,0.000205039978027,0.00021266937255800001,0.00022029876708900002,0.00025463104248," 0.000593185424804]""",0.000590324401855,0.000205039978027,4.329285144805908,0.016163351014256002,0.00048637390136700004,5.245208740234376e-05,0.000298500061035,0.00029277801513600003,0.5064814814814811,0.506597222222222,0.00011574074074
250081990820,25008199082,0,0,62156450,0.9933333396911621,"""[0.00013828277587800002",0.00015068054199200001,0.000164985656738,0.00017738342285100002,0.00018501281738200003,0.00019359588623000002,0.000201225280761,0.00020885467529200002,0.00021743774414,0.00025177001953100004," 0.0008087158203120001]""",0.0014476776123040001,0.000200271606445,4.315477848052978,0.014718376100063001,0.00048637390136700004,5.245208740234376e-05,0.000298500061035,0.00029373168945300005,0.506828703703703,0.5069444444444441,0.00011574074074
250081990820,25008199082,0,0,62156450,1.0,"""[0.00015068054199200001",0.000161170959472,0.00017261505126900002,0.00018119812011700001,0.00018882751464800002,0.000195503234863,0.00020313262939400002,0.00021076202392500003,0.00021839141845700002,0.000249862670898," 0.000452041625976]""",0.00045680999755800004,0.00020217895507800002,3.6770894527435303,0.014166543260216002,0.00048637390136700004,5.245208740234376e-05,0.000298500061035,0.00029373168945300005,0.5050925925925921,0.505208333333333,0.00011574074074
250081990820,25008199082,0,0,62156450,1.0,"""[0.000139236450195",0.000149726867675,0.000161170959472,0.00017261505126900002,0.00018215179443300001,0.00018978118896400002,0.00019836425781200002,0.00020694732666000002,0.00021457672119100003,0.000246047973632," 0.00053596496582]""",0.0005350112915030001,0.000200271606445,4.064176559448242,0.01481297891587,0.00048637390136700004,5.245208740234376e-05,0.000297546386718,0.00029182434082000003,0.503356481481481,0.503472222222222,0.00011574074074
250081990820,25008199082,0,0,62156450,1.0,"""[0.000149726867675",0.00016307830810500002,0.000175476074218,0.00018310546875,0.00018978118896400002,0.000196456909179,0.00020313262939400002,0.00020980834960900003,0.00021743774414,0.00025177001953100004," 0.000440597534179]""",0.000440597534179,0.00020408630371000002,4.324429512023925,0.016260715201497,0.00048637390136700004,5.245208740234376e-05,0.000299453735351,0.00029373168945300005,0.5076388888888881,0.507754629629629,0.00011574074074
250081990820,25008199082,0,0,62156450,1.0,"""[0.00014209747314400002",0.000155448913574,0.000170707702636,0.00018119812011700001,0.00018882751464800002,0.00019741058349600002,0.000205039978027,0.00021362304687500003,0.00022506713867100002,0.000257492065429," 0.0005226135253900001]""",0.0005273818969720001,0.000205993652343,4.16719102859497,0.01681082136929,0.00048637390136700004,5.245208740234376e-05,0.000297546386718,0.00029277801513600003,0.508680555555555,0.5087962962962961,0.00011574074074
250081990820,25008199082,0,0,62156450,1.0,"""[0.00014305114746000002",0.000152587890625,0.00016212463378900002,0.00017261505126900002,0.00018119812011700001,0.00018978118896400002,0.00019741058349600002,0.000205993652343,0.00021457672119100003,0.00024127960205000003," 0.00041770935058500004]""",0.000558853149414,0.00019454956054600002,3.6770894527435303,0.014166543260216002,0.00048637390136700004,5.245208740234376e-05,0.000298500061035,0.00029277801513600003,0.5048611111111111,0.504976851851851,0.00011574074074
250081990820,25008199082,0,0,62156450,1.0,"""[0.00013828277587800002",0.00015163421630800001,0.000165939331054,0.00017833709716700002,0.000185966491699,0.00019359588623000002,0.000201225280761,0.00020885467529200002,0.000216484069824,0.000247955322265," 0.00048065185546800006]""",0.00047969818115200006,0.000201225280761,4.061882972717285,0.017722839489579003,0.00048637390136700004,5.245208740234376e-05,0.000296592712402,0.00029182434082000003,0.501041666666666,0.501157407407407,0.00011574074074
250081990820,25008199082,0,0,62156450,1.0,"""[0.00013828277587800002",0.00015640258789,0.000174522399902,0.00018215179443300001,0.00018978118896400002,0.000196456909179,0.00020313262939400002,0.00021076202392500003,0.00021743774414,0.00025177001953100004," 0.000483512878417]""",0.00048828124999999995,0.00020408630371000002,4.315477848052978,0.014718376100063001,0.00048637390136700004,5.245208740234376e-05,0.000299453735351,0.00029373168945300005,0.5069444444444441,0.507060185185185,0.00011574074074
250081990820,25008199082,0,0,62156450,1.0,"""[0.000139236450195",0.000152587890625,0.00016689300537100002,0.000179290771484,0.000185966491699,0.00019359588623000002,0.000201225280761,0.00020885467529200002,0.000216484069824,0.000247001647949," 0.0006065368652340001]""",0.000605583190917,0.000201225280761,4.179707050323486,0.016940550878643,0.00048637390136700004,5.245208740234376e-05,0.000299453735351,0.00029373168945300005,0.508912037037037,0.5090277777777771,0.00011574074074
250081990820,25008199082,0,0,62156450,1.0,"""[0.00013637542724600002",0.000144958496093,0.000154495239257,0.00016403198242100002,0.00017261505126900002,0.00018215179443300001,0.00019264221191400002,0.00020217895507800002,0.00021171569824200001,0.00023460388183500002," 0.000433921813964]""",0.00044822692871000004,0.000191688537597,3.861274003982543,0.015988327562808,0.00048637390136700004,5.245208740234376e-05,0.000298500061035,0.00029373168945300005,0.5092592592592591,0.509375,0.00011574074074
250081990820,25008199082,0,0,62156450,1.0,"""[0.000140190124511",0.000149726867675,0.00015926361083900002,0.00016975402832,0.00017833709716700002,0.00018787384033200002,0.000196456909179,0.000205039978027,0.00021362304687500003,0.00024223327636700001," 0.00045680999755800004]""",0.000464439392089,0.00019454956054600002,3.788196325302124,0.013333578594028,0.00048637390136700004,5.245208740234376e-05,0.000298500061035,0.00029277801513600003,0.503472222222222,0.503587962962962,0.00011574074074
250081990820,25008199082,0,0,62156450,1.0,"""[0.000155448913574",0.00016403198242100002,0.00017356872558500002,0.00018119812011700001,0.00018882751464800002,0.000196456909179,0.00020408630371000002,0.00021171569824200001,0.00021934509277300002,0.000255584716796," 0.00045967102050700005]""",0.00045680999755800004,0.00020313262939400002,3.861274003982543,0.015988327562808,0.00048637390136700004,5.245208740234376e-05,0.000299453735351,0.00029373168945300005,0.509375,0.5094907407407401,0.00011574074074
250081990820,25008199082,0,0,62156450,1.0,"""[0.000154495239257",0.00016403198242100002,0.000174522399902,0.00018119812011700001,0.00018787384033200002,0.00019454956054600002,0.000201225280761,0.00020790100097600002,0.00021457672119100003,0.00023460388183500002," 0.00045013427734300006]""",0.000605583190917,0.000201225280761,4.520992279052734,0.0174654237926,0.00048637390136700004,5.245208740234376e-05,0.000296592712402,0.00029277801513600003,0.501851851851851,0.501967592592592,0.00011574074074
250081990820,25008199082,0,0,62156450,1.0,"""[0.000152587890625",0.00016689300537100002,0.00017833709716700002,0.00018501281738200003,0.000190734863281,0.000196456909179,0.00020313262939400002,0.00020885467529200002,0.00021553039550700003,0.00022888183593700002," 0.0005331039428710001]""",0.0005350112915030001,0.000201225280761,4.520992279052734,0.0174654237926,0.00048637390136700004,5.245208740234376e-05,0.000297546386718,0.00029277801513600003,0.501967592592592,0.502083333333333,0.00011574074074
250081990820,25008199082,0,0,62156450,1.0,"""[0.000148773193359",0.00016403198242100002,0.00017738342285100002,0.00018405914306600003,0.000190734863281,0.00019741058349600002,0.00020408630371000002,0.00021076202392500003,0.000216484069824,0.000250816345214," 0.000603675842285]""",0.000621795654296,0.00020694732666000002,5.160488605499267,0.022640245035290003,0.00048637390136700004,5.245208740234376e-05,0.000299453735351,0.00029277801513600003,0.503935185185185,0.504050925925925,0.00011574074074
250081990820,25008199082,0,0,62156450,1.0,"""[0.000144004821777",0.00015926361083900002,0.000175476074218,0.00018310546875,0.000190734863281,0.00019741058349600002,0.000205039978027,0.00021266937255800001,0.00022029876708900002,0.000255584716796," 0.000628471374511]""",0.0006294250488280001,0.000205993652343,4.04439640045166,0.01517984829843,0.00048637390136700004,5.245208740234376e-05,0.000297546386718,0.00029277801513600003,0.505902777777777,0.5060185185185181,0.00011574074074
250081990820,25008199082,0,0,62156450,1.0,"""[0.00014209747314400002",0.00015163421630800001,0.000161170959472,0.000170707702636,0.0001802444458,0.00018882751464800002,0.00019741058349600002,0.000205993652343,0.00021457672119100003,0.000245094299316," 0.000543594360351]""",0.000542640686035,0.000196456909179,5.293553829193115,0.023570960387587003,0.00048637390136700004,5.245208740234376e-05,0.000299453735351,0.00029373168945300005,0.5078703703703701,0.507986111111111,0.00011574074074
250081990820,25008199082,0,0,62156450,1.0,"""[0.00015068054199200001",0.00016689300537100002,0.000179290771484,0.00018501281738200003,0.000191688537597,0.00019836425781200002,0.00020408630371000002,0.00021076202392500003,0.00021743774414,0.000250816345214," 0.00044918060302700006]""",0.00044822692871000004,0.000205039978027,4.214141368865966,0.01481042522937,0.00048637390136700004,5.245208740234376e-05,0.000296592712402,0.00029277801513600003,0.502430555555555,0.502546296296296,0.00011574074074
250081990820,25008199082,0,0,62156450,1.0,"""[0.00014114379882800002",0.000160217285156,0.00017738342285100002,0.00018405914306600003,0.000190734863281,0.00019741058349600002,0.000205039978027,0.00021171569824200001,0.00021839141845700002,0.000253677368164," 0.0005273818969720001]""",0.0005273818969720001,0.000205993652343,4.731692314147949,0.019970957189798,0.00048637390136700004,5.245208740234376e-05,0.000298500061035,0.00029277801513600003,0.500578703703703,0.500694444444444,0.00011574074074
250081990820,25008199082,0,0,62156450,1.0,"""[0.00013637542724600002",0.000149726867675,0.00016403198242100002,0.00017738342285100002,0.00018501281738200003,0.00019264221191400002,0.000200271606445,0.00020790100097600002,0.00021553039550700003,0.000248908996582," 0.000536918640136]""",0.0005350112915030001,0.00019931793212800002,4.215412139892578,0.017483334988355,0.00048637390136700004,5.245208740234376e-05,0.000299453735351,0.00029373168945300005,0.504513888888888,0.504629629629629,0.00011574074074
250081990820,25008199082,0,0,62156450,1.0,"""[0.00014209747314400002",0.000155448913574,0.00016975402832,0.000179290771484,0.000186920166015,0.00019454956054600002,0.000201225280761,0.00020885467529200002,0.000216484069824,0.000249862670898," 0.000443458557128]""",0.000440597534179,0.000201225280761,3.883905887603759,0.013651446439325001,0.00048637390136700004,5.245208740234376e-05,0.000297546386718,0.00029277801513600003,0.502777777777777,0.502893518518518,0.00011574074074
250081990820,25008199082,0,0,62156450,1.0,"""[0.000153541564941",0.000165939331054,0.00017738342285100002,0.00018405914306600003,0.000190734863281,0.00019741058349600002,0.000205039978027,0.00021171569824200001,0.00021839141845700002,0.000253677368164," 0.000529289245605]""",0.0007400512695310001,0.00020694732666000002,4.308364391326904,0.016055449843406,0.00048637390136700004,5.245208740234376e-05,0.000297546386718,0.00029277801513600003,0.502893518518518,0.503009259259259,0.00011574074074
250081990820,25008199082,0,0,62156450,1.0,"""[0.00013351440429600002",0.00014781951904200002,0.00016307830810500002,0.00017738342285100002,0.00018501281738200003,0.00019264221191400002,0.000200271606445,0.00020790100097600002,0.00021553039550700003,0.00025177001953100004," 0.00047016143798800006]""",0.000464439392089,0.00019836425781200002,4.179707050323486,0.016940550878643,0.00048637390136700004,5.245208740234376e-05,0.000299453735351,0.00029373168945300005,0.5090277777777771,0.509143518518518,0.00011574074074
250081990820,25008199082,0,0,62156450,1.0,"""[0.00015830993652300002",0.00016689300537100002,0.00017642974853500002,0.00018310546875,0.00018978118896400002,0.00019741058349600002,0.00020408630371000002,0.00021076202392500003,0.00021743774414,0.00025272369384700004," 0.000482559204101]""",0.00048828124999999995,0.000205993652343,4.214141368865966,0.01481042522937,0.00048637390136700004,5.245208740234376e-05,0.000297546386718,0.00029277801513600003,0.502199074074074,0.502314814814814,0.00011574074074
250081990820,25008199082,0,0,62156450,1.0,"""[0.000140190124511",0.00015163421630800001,0.00016403198242100002,0.00017642974853500002,0.00018405914306600003,0.000191688537597,0.00019931793212800002,0.00020694732666000002,0.00021457672119100003,0.00024318695068300001," 0.000489234924316]""",0.00048828124999999995,0.00019836425781200002,5.160488605499267,0.022640245035290003,0.00048637390136700004,5.245208740234376e-05,0.000297546386718,0.00029277801513600003,0.504166666666666,0.504282407407407,0.00011574074074
250081990820,25008199082,0,0,62156450,1.0,"""[0.000139236450195",0.000149726867675,0.000161170959472,0.00017166137695300002,0.00018119812011700001,0.00018978118896400002,0.00019836425781200002,0.00020694732666000002,0.000216484069824,0.000253677368164," 0.0005331039428710001]""",0.0005350112915030001,0.00019836425781200002,5.193287372589111,0.022925963625311,0.00048637390136700004,5.245208740234376e-05,0.000298500061035,0.00029373168945300005,0.5081018518518511,0.508217592592592,0.00011574074074
250081990820,25008199082,0,0,62156450,1.0,"""[0.000155448913574",0.00016880035400300002,0.000179290771484,0.000185966491699,0.000191688537597,0.00019836425781200002,0.00020408630371000002,0.00021076202392500003,0.00021743774414,0.000250816345214," 0.0006017684936520001]""",0.000597953796386,0.00020694732666000002,3.883905887603759,0.013651446439325001,0.00048637390136700004,5.245208740234376e-05,0.000297546386718,0.00029277801513600003,0.502662037037037,0.502777777777777,0.00011574074074
250081990820,25008199082,0,0,62156450,1.0,"""[0.00013828277587800002",0.000148773193359,0.000160217285156,0.000170707702636,0.0001802444458,0.00018882751464800002,0.000196456909179,0.000205039978027,0.00021266937255800001,0.00023365020751900002," 0.000411033630371]""",0.00041675567626900005,0.00019359588623000002,4.527719974517822,0.017297817394137,0.00048637390136700004,5.245208740234376e-05,0.000297546386718,0.00029277801513600003,0.5031249999999999,0.50324074074074,0.00011574074074
250081990820,25008199082,0,0,62156450,1.0,"""[0.000134468078613",0.000144004821777,0.000153541564941,0.00016307830810500002,0.00017261505126900002,0.00018215179443300001,0.000191688537597,0.000201225280761,0.00020980834960900003,0.00021934509277300002," 0.0006303787231440001]""",0.0006294250488280001,0.00018882751464800002,3.6770894527435303,0.014166543260216002,0.00048637390136700004,5.245208740234376e-05,0.000298500061035,0.00029373168945300005,0.505208333333333,0.5053240740740741,0.00011574074074
250081990820,25008199082,0,0,62156450,1.0,"""[0.000149726867675",0.00015830993652300002,0.000165939331054,0.000174522399902,0.00018310546875,0.000190734863281,0.00019931793212800002,0.00020694732666000002,0.00021457672119100003,0.000244140625," 0.00053596496582]""",0.0005350112915030001,0.00019741058349600002,4.924658298492431,0.022479547187685002,0.00048637390136700004,5.245208740234376e-05,0.00029563903808500004,0.00029277801513600003,0.501504629629629,0.50162037037037,0.00011574074074
250081990820,25008199082,0,0,62156450,1.0,"""[0.00014686584472600002",0.000160217285156,0.000175476074218,0.00018310546875,0.00018978118896400002,0.000196456909179,0.00020408630371000002,0.00021076202392500003,0.00021839141845700002,0.00025463104248," 0.00043869018554600005]""",0.000440597534179,0.000205039978027,4.213411808013916,0.016217321157455,0.00048637390136700004,5.245208740234376e-05,0.000297546386718,0.00029277801513600003,0.503819444444444,0.503935185185185,0.00011574074074
250081990820,25008199082,0,0,62156450,1.0,"""[0.00013637542724600002",0.000149726867675,0.00016307830810500002,0.00017642974853500002,0.00018501281738200003,0.00019264221191400002,0.000201225280761,0.00020980834960900003,0.00021839141845700002,0.000258445739746," 0.000490188598632]""",0.000590324401855,0.00020217895507800002,3.9843554496765132,0.015250914730131002,0.00048637390136700004,5.245208740234376e-05,0.000297546386718,0.00029277801513600003,0.500231481481481,0.500347222222222,0.00011574074074
250081990820,25008199082,0,0,62156450,1.0,"""[0.00014209747314400002",0.000154495239257,0.00016689300537100002,0.00017833709716700002,0.000185966491699,0.00019264221191400002,0.000200271606445,0.00020790100097600002,0.00021553039550700003,0.000246047973632," 0.000501632690429]""",0.0006141662597650001,0.00019931793212800002,4.891549587249755,0.021172750741243,0.00048637390136700004,5.245208740234376e-05,0.000296592712402,0.00029277801513600003,0.504282407407407,0.504398148148148,0.00011574074074
250081990820,25008199082,0,0,62156450,1.0,"""[0.00014305114746000002",0.00015640258789,0.00016975402832,0.0001802444458,0.000186920166015,0.00019454956054600002,0.000201225280761,0.00020885467529200002,0.00021553039550700003,0.000247001647949," 0.00047874450683500004]""",0.000551223754882,0.000200271606445,4.329285144805908,0.016163351014256002,0.00048637390136700004,5.245208740234376e-05,0.000298500061035,0.00029373168945300005,0.506597222222222,0.5067129629629631,0.00011574074074
250081990820,25008199082,0,0,62156450,1.0,"""[0.00014114379882800002",0.000148773193359,0.00015640258789,0.00016403198242100002,0.00017166137695300002,0.0001802444458,0.00018978118896400002,0.00019931793212800002,0.00020885467529200002,0.00021839141845700002," 0.000554084777832]""",0.000558853149414,0.00018882751464800002,5.160488605499267,0.022640245035290003,0.00048637390136700004,5.245208740234376e-05,0.000296592712402,0.00029277801513600003,0.504050925925925,0.504166666666666,0.00011574074074
250081990820,25008199082,0,0,62156450,1.0,"""[0.00013828277587800002",0.000152587890625,0.00016784667968700002,0.0001802444458,0.00018787384033200002,0.000195503234863,0.00020313262939400002,0.00021076202392500003,0.00021839141845700002,0.000257492065429," 0.0006017684936520001]""",0.0007238388061520001,0.00020408630371000002,4.043703079223632,0.015530888922512,0.00048637390136700004,5.245208740234376e-05,0.000328063964843,0.00029373168945300005,0.508217592592592,0.5083333333333331,0.00011574074074
250081990820,25008199082,0,0,62156450,1.0,"""[0.00014209747314400002",0.000153541564941,0.000165939331054,0.00017738342285100002,0.00018501281738200003,0.00019359588623000002,0.000201225280761,0.00020885467529200002,0.000216484069824,0.00025177001953100004," 0.000497817993164]""",0.0004959106445310001,0.000201225280761,4.731692314147949,0.019970957189798,0.00048637390136700004,5.245208740234376e-05,0.000297546386718,0.00029277801513600003,0.500462962962963,0.500578703703703,0.00011574074074
250081990820,25008199082,0,0,62156450,1.0,"""[0.000140190124511",0.00015830993652300002,0.00017642974853500002,0.00018310546875,0.000190734863281,0.00019741058349600002,0.00020408630371000002,0.00021171569824200001,0.00021839141845700002,0.000250816345214," 0.00050926208496]""",0.0005035400390620001,0.00020408630371000002,4.043703079223632,0.015530888922512,0.00048637390136700004,5.245208740234376e-05,0.000298500061035,0.00029373168945300005,0.5083333333333331,0.508449074074074,0.00011574074074
250081990820,25008199082,0,0,62156450,0.996666669845581,"""[0.00014114379882800002",0.00015640258789,0.00017166137695300002,0.00018119812011700001,0.00018882751464800002,0.000195503234863,0.00020313262939400002,0.00020980834960900003,0.00021743774414,0.000250816345214," 0.00065803527832]""",0.0007476806640620001,0.00020408630371000002,4.441267013549804,0.018996188417077002,0.00048637390136700004,5.245208740234376e-05,0.000297546386718,0.00029277801513600003,0.500694444444444,0.500810185185185,0.00011574074074
250081990820,25008199082,0,0,62156450,1.0,"""[0.000135421752929",0.000154495239257,0.00017356872558500002,0.00018215179443300001,0.00018978118896400002,0.000196456909179,0.00020408630371000002,0.00021171569824200001,0.00021839141845700002,0.000257492065429," 0.000462532043457]""",0.000464439392089,0.000205039978027,4.043703079223632,0.015530888922512,0.00048637390136700004,5.245208740234376e-05,0.000298500061035,0.00029277801513600003,0.5085648148148141,0.508680555555555,0.00011574074074
250081990820,25008199082,0,0,62156450,1.0,"""[0.000139236450195",0.000148773193359,0.00015830993652300002,0.00016784667968700002,0.00017833709716700002,0.000186920166015,0.000195503234863,0.00020408630371000002,0.00021362304687500003,0.00023937225341700002," 0.000483512878417]""",0.00047969818115200006,0.00019359588623000002,3.933221578598022,0.016203474253416002,0.00048637390136700004,5.245208740234376e-05,0.000298500061035,0.00029277801513600003,0.509143518518518,0.5092592592592591,0.00011574074074
250081990820,25008199082,0,0,62156450,1.0,"""[0.000116348266601",0.00014591217041000002,0.000160217285156,0.000174522399902,0.00018405914306600003,0.000191688537597,0.000200271606445,0.00020885467529200002,0.00021743774414,0.000253677368164," 0.00041961669921800006]""",0.000409126281738,0.00019931793212800002,3.788196325302124,0.013333578594028,0.00048637390136700004,5.245208740234376e-05,0.000298500061035,0.00029277801513600003,0.503587962962962,0.503703703703703,0.00011574074074
250081990820,25008199082,0,0,62156450,1.0,"""[0.00014114379882800002",0.000152587890625,0.00016403198242100002,0.00017642974853500002,0.00018405914306600003,0.000191688537597,0.000200271606445,0.00020790100097600002,0.00021553039550700003,0.000246047973632," 0.00047874450683500004]""",0.00047969818115200006,0.00019836425781200002,3.788196325302124,0.013333578594028,0.00048637390136700004,5.245208740234376e-05,0.000298500061035,0.00029277801513600003,0.503703703703703,0.503819444444444,0.00011574074074
250081990820,25008199082,0,0,62156450,1.0,"""[0.00014114379882800002",0.00015068054199200001,0.000161170959472,0.000170707702636,0.0001802444458,0.00018882751464800002,0.000196456909179,0.000205039978027,0.00021362304687500003,0.00024032592773400003," 0.0005216598510740001]""",0.000519752502441,0.00019741058349600002,3.883815765380859,0.014844635501503,0.00048637390136700004,5.245208740234376e-05,0.000298500061035,0.00029373168945300005,0.5057870370370371,0.505902777777777,0.00011574074074
250081990820,25008199082,0,0,62156450,1.0,"""[0.00014209747314400002",0.000152587890625,0.00016403198242100002,0.000174522399902,0.00018310546875,0.000190734863281,0.00019931793212800002,0.00020694732666000002,0.00021553039550700003,0.000247955322265," 0.0005521774291990001]""",0.000551223754882,0.000200271606445,5.293553829193115,0.023570960387587003,0.00048637390136700004,5.245208740234376e-05,0.000299453735351,0.00029373168945300005,0.507754629629629,0.5078703703703701,0.00011574074074
