UniqJobId,collection_id,instance_index,priority,machine_id,sample_rate,cpu_usage_distribution1,cpu_usage_distribution2,cpu_usage_distribution3,cpu_usage_distribution4,cpu_usage_distribution5,cpu_usage_distribution6,cpu_usage_distribution7,cpu_usage_distribution8,cpu_usage_distribution9,cpu_usage_distribution10,cpu_usage_distribution11,max_cpu,avg_cpu,cycles_per_instruction,memory_accesses_per_instruction,assigned_memory,page_cache_memory,max_memory,avg_memory,start_time,end_time,time_window
2550160733471,255016073347,1,0,20143010143,1.0,"""[3.814697265625e-05",0.000761985778808,0.001047134399414,0.0010738372802730001,0.001092910766601,0.001123428344726,0.001155853271484,0.00119400024414,0.001514434814453,0.0019245147705070002," 0.012039184570312]""",0.012054443359375002,0.00168228149414,2.159213781356811,0.006293748039752,0.0,0.00047492980957000003,0.001659393310546,0.0015316009521480001,0.506886574074074,0.506895447530864,8.873456790123455e-06
2550160733471,255016073347,1,0,20143010143,1.0,"""[4.291534423828126e-05",0.001070022583007,0.001136779785156,0.0011730194091790001,0.001201629638671,0.0012264251708980001,0.001272201538085,0.0013256072998040001,0.0013961791992180002,0.00223159790039," 0.013641357421875002]""",0.013641357421875002,0.001918792724609,2.492863178253173,0.0073373354971400006,0.0,0.000472068786621,0.0016937255859370002,0.0015010833740230001,0.505641203703703,0.505650462962963,9.259259259259259e-06
2550160733471,255016073347,1,0,20143010143,1.0,"""[0.0011577606201170001",0.001270294189453,0.001306533813476,0.0013351440429680002,0.001359939575195,0.0013866424560540001,0.001413345336914,0.001455307006835,0.0015087127685540001,0.0016613006591790001," 0.004364013671875]""",0.004364013671875,0.001459121704101,2.542212009429931,0.007129255682229001,0.0,0.000463485717773,0.0016422271728510002,0.001626968383789,0.500231481481481,0.500347222222222,0.00011574074074
2550160733471,255016073347,1,0,20143010143,1.0,"""[0.0009498596191400001",0.0010223388671870002,0.001054763793945,0.001077651977539,0.0010986328125,0.0011272430419920001,0.001155853271484,0.0011825561523430002,0.001222610473632,0.001300811767578," 0.0038719177246090003]""",0.003868103027343,0.001155853271484,2.220619916915893,0.007295698858797,0.0,0.000463485717773,0.0016613006591790001,0.001657485961914,0.502199074074074,0.502314814814814,0.00011574074074
2550160733471,255016073347,1,0,20143010143,1.0,"""[0.0011882781982420001",0.0012893676757810002,0.0013275146484370002,0.001359939575195,0.001392364501953,0.001420974731445,0.0014476776123040001,0.0014877319335930002,0.00156021118164,0.00172996520996," 0.006706237792968001]""",0.0067138671875,0.00154685974121,2.542212009429931,0.007129255682229001,0.0,0.000463485717773,0.001644134521484,0.0016422271728510002,0.500462962962963,0.500578703703703,0.00011574074074
2550160733471,255016073347,1,0,20143010143,1.0,"""[0.000865936279296",0.0009355545043940001,0.000980377197265,0.001016616821289,0.001049041748046,0.0010814666748040001,0.001115798950195,0.0011749267578120002,0.0012588500976560002,0.0014095306396480001," 0.003543853759765]""",0.003547668457031,0.00114631652832,2.737509965896606,0.008382691070437001,0.0,0.00047016143798800006,0.0016555786132810002,0.001651763916015,0.50636574074074,0.5064814814814811,0.00011574074074
2550160733471,255016073347,1,0,20143010143,1.0,"""[0.0009536743164060001",0.001028060913085,0.001056671142578,0.001077651977539,0.0010967254638670001,0.00111961364746,0.001140594482421,0.001167297363281,0.0011978149414060002,0.001321792602539," 0.009689331054687]""",0.009689331054687,0.00125503540039,2.371106386184692,0.007671726401895001,0.0,0.000463485717773,0.0016613006591790001,0.001657485961914,0.502893518518518,0.503009259259259,0.00011574074074
2550160733471,255016073347,1,0,20143010143,1.0,"""[0.001033782958984",0.001220703125,0.0013275146484370002,0.001359939575195,0.001392364501953,0.00142478942871,0.001453399658203,0.00148582458496,0.001544952392578,0.001665115356445," 0.004188537597656]""",0.004180908203125,0.00145149230957,2.572557210922241,0.007546777371317001,0.0,0.00047588348388600003,0.0016613006591790001,0.001657485961914,0.5090277777777771,0.509143518518518,0.00011574074074
2550160733471,255016073347,1,0,20143010143,1.0,"""[0.0008745193481440001",0.00103759765625,0.00108528137207,0.00111961364746,0.001148223876953,0.0011749267578120002,0.001199722290039,0.0012264251708980001,0.0012741088867180002,0.001445770263671," 0.0050048828125]""",0.0050048828125,0.001247406005859,3.654812812805175,0.012396550737321,0.0,0.00041580200195300005,0.0016498565673820002,0.001636505126953,0.5071759259259261,0.507291666666666,0.00011574074074
2550160733471,255016073347,1,0,20143010143,1.0,"""[0.0009593963623040001",0.001026153564453,0.001049041748046,0.00107192993164,0.001094818115234,0.00111961364746,0.00114631652832,0.001184463500976,0.001216888427734,0.0012893676757810002," 0.003921508789062]""",0.003921508789062,0.001163482666015,2.512129068374633,0.007508927024900001,0.0,0.000463485717773,0.0017013549804680002,0.001651763916015,0.501388888888888,0.501504629629629,0.00011574074074
2550160733471,255016073347,1,0,20143010143,1.0,"""[0.0009193420410150001",0.0010051727294920001,0.0010356903076170001,0.001062393188476,0.0010833740234370002,0.001106262207031,0.001136779785156,0.001176834106445,0.001245498657226,0.0014095306396480001," 0.0068359375]""",0.006790161132812,0.0012493133544920001,3.601871967315673,0.012172441929578,0.0,0.00041580200195300005,0.0016498565673820002,0.0016422271728510002,0.5074074074074071,0.507523148148148,0.00011574074074
2550160733471,255016073347,1,0,20143010143,1.0,"""[0.0009670257568350001",0.0010223388671870002,0.0010604858398430002,0.0010833740234370002,0.0011043548583980001,0.0011215209960930002,0.001138687133789,0.001163482666015,0.0011978149414060002,0.001337051391601," 0.007057189941406]""",0.007057189941406,0.001253128051757,2.329031229019165,0.0068621258251360005,0.0,0.000463485717773,0.001659393310546,0.0016555786132810002,0.503703703703703,0.503819444444444,0.00011574074074
2550160733471,255016073347,1,0,20143010143,1.0,"""[0.0011119842529290001",0.0011978149414060002,0.001237869262695,0.0012645721435540001,0.001291275024414,0.001314163208007,0.0013561248779290001,0.001399993896484,0.0014877319335930002,0.001665115356445," 0.006622314453125001]""",0.006622314453125001,0.001468658447265,2.610973834991455,0.007934298366308,0.0,0.00047016143798800006,0.0016403198242180002,0.0016307830810540001,0.5057870370370371,0.505902777777777,0.00011574074074
2550160733471,255016073347,1,0,20143010143,1.0,"""[1.9073486328125e-06",1.9073486328125e-06,1.9073486328125e-06,1.9073486328125e-06,1.9073486328125e-06,1.9073486328125e-06,1.9073486328125e-06,1.9073486328125e-06,1.9073486328125e-06,1.9073486328125e-06," 1.9073486328125e-06]""",3.814697265625e-06,1.9073486328125e-06,2.492863178253173,0.0073373354971400006,0.0,0.0006437301635740001,0.0,0.0,0.505652006172839,0.5056523919753081,3.858024691358024e-07
2550160733471,255016073347,1,0,20143010143,1.0,"""[0",0.0,0.0,4.76837158203125e-06,1.3351440429687502e-05,2.1934509277343753e-05,3.0517578125e-05,4.00543212890625e-05,0.000696182250976,0.000696182250976," 0.000696182250976]""",0.000696182250976,0.00018787384033200002,2.492863178253173,0.0073373354971400006,0.0,0.0006437301635740001,1.9073486328125e-06,1.9073486328125e-06,0.505650462962963,0.505652006172839,1.5432098765432092e-06
2550160733471,255016073347,1,0,20143010143,1.0,"""[0.00120735168457",0.0012893676757810002,0.001331329345703,0.001369476318359,0.00139045715332,0.001413345336914,0.0014400482177730001,0.001474380493164,0.001552581787109,0.001750946044921," 0.003868103027343]""",0.003868103027343,0.0014953613281250002,2.542211771011352,0.007129255682229001,0.0,0.000463485717773,0.0016307830810540001,0.0016250610351560002,0.5001157407407401,0.500231481481481,0.00011574074074
2550160733471,255016073347,1,0,20143010143,1.0,"""[0.0009737014770500001",0.0010299682617180002,0.001064300537109,0.001089096069335,0.001115798950195,0.0011444091796870002,0.001169204711914,0.0011978149414060002,0.001230239868164,0.0013198852539060002," 0.007980346679687]""",0.007980346679687,0.001260757446289,2.288695335388183,0.006510331761091,0.0,0.000463485717773,0.0016632080078120002,0.001657485961914,0.504166666666666,0.504282407407407,0.00011574074074
2550160733471,255016073347,1,0,20143010143,1.0,"""[0.0009603500366210001",0.0010223388671870002,0.001056671142578,0.0010833740234370002,0.001110076904296,0.00113296508789,0.00115966796875,0.001186370849609,0.001224517822265,0.001308441162109," 0.003921508789062]""",0.003921508789062,0.001171112060546,2.220619916915893,0.007295698858797,0.0,0.000463485717773,0.0016613006591790001,0.001657485961914,0.502314814814814,0.502430555555555,0.00011574074074
2550160733471,255016073347,1,0,20143010143,1.0,"""[0.000984191894531",0.0010299682617180002,0.00105857849121,0.001075744628906,0.001092910766601,0.0011138916015620002,0.0011348724365230001,0.0011653900146480001,0.001216888427734,0.0013790130615230001," 0.006950378417968001]""",0.0069580078125,0.001237869262695,2.654304027557373,0.008226758800446,0.0,0.000463485717773,0.0016555786132810002,0.001644134521484,0.500810185185185,0.500925925925925,0.00011574074074
2550160733471,255016073347,1,0,20143010143,1.0,"""[0.0009765625",0.0010299682617180002,0.00105857849121,0.001077651977539,0.0010967254638670001,0.0011138916015620002,0.001131057739257,0.001153945922851,0.0011978149414060002,0.00126838684082," 0.00457763671875]""",0.00457763671875,0.001163482666015,2.654304027557373,0.008226758800446,0.0,0.000463485717773,0.0016460418701170001,0.001644134521484,0.500925925925925,0.501041666666666,0.00011574074074
2550160733471,255016073347,1,0,20143010143,1.0,"""[0.0009460449218750001",0.001026153564453,0.00105857849121,0.001079559326171,0.001100540161132,0.0011272430419920001,0.001153945922851,0.001178741455078,0.0012130737304680002,0.00130271911621," 0.005081176757812]""",0.005081176757812,0.0012283325195310002,2.512129068374633,0.007508927024900001,0.0,0.000463485717773,0.0016498565673820002,0.0016460418701170001,0.501273148148148,0.501388888888888,0.00011574074074
2550160733471,255016073347,1,0,20143010143,1.0,"""[0.000980377197265",0.00102424621582,0.001047134399414,0.001068115234375,0.00108528137207,0.001102447509765,0.001123428344726,0.00114631652832,0.001192092895507,0.001272201538085," 0.0038719177246090003]""",0.003868103027343,0.0011425018310540001,2.334567546844482,0.007051208522170001,0.0,0.000463485717773,0.001659393310546,0.0016555786132810002,0.503587962962962,0.503703703703703,0.00011574074074
2550160733471,255016073347,1,0,20143010143,1.0,"""[0.0009536743164060001",0.001016616821289,0.001049041748046,0.00107192993164,0.0010910034179680002,0.0011138916015620002,0.001140594482421,0.001167297363281,0.001199722290039,0.0012588500976560002," 0.004379272460937]""",0.004379272460937,0.001138687133789,2.516001939773559,0.007203868124634001,0.0,0.000463485717773,0.001657485961914,0.0016536712646480001,0.501851851851851,0.501967592592592,0.00011574074074
2550160733471,255016073347,1,0,20143010143,1.0,"""[9.5367431640625e-06",9.5367431640625e-06,9.5367431640625e-06,9.5367431640625e-06,9.5367431640625e-06,9.5367431640625e-06,9.5367431640625e-06,9.5367431640625e-06,9.5367431640625e-06,9.5367431640625e-06," 9.5367431640625e-06]""",0.0,0.0,0.0,0.0,0.0,0.0,9.5367431640625e-07,9.5367431640625e-07,0.508408564814814,0.5084089506172841,3.858024691358024e-07
2550160733471,255016073347,1,0,20143010143,1.0,"""[0.001129150390625",0.001201629638671,0.001239776611328,0.001276016235351,0.001300811767578,0.0013256072998040001,0.001354217529296,0.001392364501953,0.001443862915039,0.0016021728515620002," 0.004287719726562]""",0.004287719726562,0.0013866424560540001,2.610973834991455,0.007934298366308,0.0,0.00047016143798800006,0.001657485961914,0.0016498565673820002,0.5060185185185181,0.506134259259259,0.00011574074074
2550160733471,255016073347,1,0,20143010143,1.0,"""[0.000697135925292",0.000775337219238,0.0008077621459960001,0.0008316040039060001,0.000859260559082,0.0008859634399410001,0.0009078979492180001,0.000933647155761,0.0009660720825190001,0.0010738372802730001," 0.0038414001464840003]""",0.003837585449218,0.0009174346923820001,2.511895179748535,0.008157414384186,0.0,0.00041580200195300005,0.001651763916015,0.00164794921875,0.5081018518518511,0.508217592592592,0.00011574074074
2550160733471,255016073347,1,0,20143010143,1.0,"""[0.000697135925292",0.0007905960083000001,0.0008258819580070001,0.0008583068847650001,0.0008869171142570001,0.000908851623535,0.0009346008300780001,0.0009689331054680001,0.001045227050781,0.001245498657226," 0.004386901855468001]""",0.004379272460937,0.0009994506835930002,2.841494083404541,0.008677110075950002,0.0,0.00041580200195300005,0.001720428466796,0.0016632080078120002,0.5083333333333331,0.5083939043209871,6.057098765432098e-05
2550160733471,255016073347,1,0,20143010143,1.0,"""[0.0009708404541010001",0.001028060913085,0.001062393188476,0.001092910766601,0.00111961364746,0.0011425018310540001,0.001167297363281,0.00119400024414,0.001230239868164,0.001338958740234," 0.0036468505859370004]""",0.0036468505859370004,0.001186370849609,2.319447994232177,0.007542645558714001,0.0,0.000463485717773,0.001674652099609,0.0016555786132810002,0.502546296296296,0.502662037037037,0.00011574074074
2550160733471,255016073347,1,0,20143010143,0.9933333396911621,"""[0.000952720642089",0.00103759765625,0.00107192993164,0.001100540161132,0.001129150390625,0.0011577606201170001,0.001186370849609,0.00124168395996,0.001321792602539,0.001443862915039," 0.0040283203125]""",0.00787353515625,0.0012187957763670001,2.654304027557373,0.008226758800446,0.0,0.000463485717773,0.0016460418701170001,0.0016422271728510002,0.500694444444444,0.500810185185185,0.00011574074074
2550160733471,255016073347,1,0,20143010143,1.0,"""[0.000914573669433",0.0010051727294920001,0.001039505004882,0.00107192993164,0.001102447509765,0.0011272430419920001,0.0011520385742180002,0.0011749267578120002,0.00120735168457,0.001260757446289," 0.003253936767578]""",0.003253936767578,0.0011444091796870002,2.371106386184692,0.007671726401895001,0.0,0.000463485717773,0.0017032623291010002,0.001659393310546,0.502777777777777,0.502893518518518,0.00011574074074
2550160733471,255016073347,1,0,20143010143,1.0,"""[0.00125503540039",0.001331329345703,0.001367568969726,0.00139045715332,0.001413345336914,0.0014343261718750002,0.0014572143554680002,0.00148582458496,0.001535415649414,0.001657485961914," 0.0081787109375]""",0.008193969726562,0.001567840576171,2.345292329788208,0.006530669517815,0.0,0.00047588348388600003,0.0016613006591790001,0.001659393310546,0.508912037037037,0.5090277777777771,0.00011574074074
2550160733471,255016073347,1,0,20143010143,1.0,"""[0.0009708404541010001",0.00102424621582,0.001049041748046,0.001068115234375,0.00108528137207,0.001100540161132,0.0011272430419920001,0.001153945922851,0.001184463500976,0.0012664794921870002," 0.0037651062011710003]""",0.0037651062011710003,0.001138687133789,2.194770574569702,0.005793000105768001,0.0,0.000463485717773,0.001665115356445,0.0016632080078120002,0.5050925925925921,0.505208333333333,0.00011574074074
2550160733471,255016073347,1,0,20143010143,1.0,"""[0.00091552734375",0.000995635986328,0.001033782958984,0.001068115234375,0.001100540161132,0.0011272430419920001,0.00115966796875,0.001209259033203,0.0012893676757810002,0.0014095306396480001," 0.0038414001464840003]""",0.0038414001464840003,0.0011882781982420001,3.654812812805175,0.012396550737321,0.0,0.00041580200195300005,0.0016422271728510002,0.001636505126953,0.507291666666666,0.5074074074074071,0.00011574074074
2550160733471,255016073347,1,0,20143010143,1.0,"""[0.000984191894531",0.001041412353515,0.0010738372802730001,0.0010986328125,0.00111961364746,0.001138687133789,0.00115966796875,0.0011825561523430002,0.001214981079101,0.00130271911621," 0.007545471191406]""",0.007484436035156,0.0012340545654290001,2.515838384628295,0.007216753438115,0.0,0.000463485717773,0.0016555786132810002,0.001651763916015,0.50162037037037,0.501736111111111,0.00011574074074
2550160733471,255016073347,1,0,20143010143,1.0,"""[0.000945091247558",0.001001358032226,0.0010433197021480001,0.001068115234375,0.00108528137207,0.0011043548583980001,0.001123428344726,0.0011425018310540001,0.0011749267578120002,0.0012950897216790001," 0.006820678710937]""",0.006820678710937,0.001190185546875,2.283646821975708,0.006484675221145,0.0,0.000463485717773,0.0016632080078120002,0.001659393310546,0.504513888888888,0.504629629629629,0.00011574074074
2550160733471,255016073347,1,0,20143010143,1.0,"""[0.0009193420410150001",0.001003265380859,0.001041412353515,0.0010833740234370002,0.001115798950195,0.001140594482421,0.001167297363281,0.00119400024414,0.001220703125,0.0012741088867180002," 0.004180908203125]""",0.004180908203125,0.0011577606201170001,2.371106386184692,0.007671726401895001,0.0,0.000463485717773,0.001659393310546,0.0016555786132810002,0.502662037037037,0.502777777777777,0.00011574074074
2550160733471,255016073347,1,0,20143010143,1.0,"""[0.0009059906005850001",0.000984191894531,0.0010223388671870002,0.001054763793945,0.0010738372802730001,0.0010910034179680002,0.0011138916015620002,0.0011425018310540001,0.001178741455078,0.0012874603271480001," 0.003101348876953]""",0.003101348876953,0.0011348724365230001,2.159213781356811,0.006293748039752,0.0,0.00047016143798800006,0.001659393310546,0.0016536712646480001,0.506597222222222,0.5067129629629631,0.00011574074074
2550160733471,255016073347,1,0,20143010143,1.0,"""[0.00124168395996",0.001338958740234,0.001375198364257,0.0014057159423820002,0.001428604125976,0.00145149230957,0.00148582458496,0.0015316009521480001,0.00160789489746,0.0017852783203120002," 0.0037803649902340003]""",0.0037803649902340003,0.0015316009521480001,2.345292568206787,0.006530669517815,0.0,0.00047588348388600003,0.0016403198242180002,0.001636505126953,0.5085648148148141,0.508680555555555,0.00011574074074
2550160733471,255016073347,1,0,20143010143,1.0,"""[0.000908851623535",0.0009460449218750001,0.0009717941284170001,0.000995635986328,0.001016616821289,0.001033782958984,0.001049041748046,0.00107192993164,0.0010986328125,0.0011577606201170001," 0.00323486328125]""",0.00323486328125,0.001064300537109,2.159213781356811,0.006293748039752,0.0,0.00047016143798800006,0.0016555786132810002,0.001651763916015,0.506828703703703,0.506886574074074,5.787037037037038e-05
2550160733471,255016073347,1,0,20143010143,1.0,"""[0.000984191894531",0.001031875610351,0.001062393188476,0.001087188720703,0.001108169555664,0.0011272430419920001,0.00114631652832,0.0011730194091790001,0.001216888427734,0.0012893676757810002," 0.004241943359375]""",0.004241943359375,0.001155853271484,2.512129068374633,0.007508927024900001,0.0,0.000463485717773,0.001651763916015,0.00164794921875,0.501157407407407,0.501273148148148,0.00011574074074
2550160733471,255016073347,1,0,20143010143,1.0,"""[0.000956535339355",0.001008987426757,0.001028060913085,0.0010433197021480001,0.0010604858398430002,0.001079559326171,0.0010986328125,0.0011272430419920001,0.001163482666015,0.0012187957763670001," 0.00408935546875]""",0.00408935546875,0.0011215209960930002,2.492863178253173,0.0073373354971400006,0.0,0.000463485717773,0.001674652099609,0.0016727447509760002,0.505439814814814,0.5055555555555551,0.00011574074074
2550160733471,255016073347,1,0,20143010143,1.0,"""[0",0.0,0.0,0.0,8.58306884765625e-06,2.1934509277343753e-05,3.528594970703125e-05,0.00026798248291,0.00026798248291,0.00026798248291," 0.00026798248291]""",0.000872611999511,0.00011920928955000001,2.159213781356811,0.006293748039752,0.0,0.0005989074707030001,0.000116348266601,3.910064697265625e-05,0.506895447530864,0.506896604938271,1.157407407407407e-06
2550160733471,255016073347,1,0,20143010143,1.0,"""[0.00047969818115200006",0.0016613006591790001,0.0018482208251950002,0.0020866394042960003,0.0028381347656250004,0.004798889160156,0.010696411132812,0.013931274414062,0.0208740234375,0.028533935546875003," 0.044921875]""",0.04486083984375,0.010848999023437,0.0,0.0,0.0,0.00040721893310500005,0.00180435180664,0.0014019012451170001,0.5084089506172841,0.508449074074074,4.012345679012345e-05
2550160733471,255016073347,1,0,20143010143,1.0,"""[0.000957489013671",0.001026153564453,0.001056671142578,0.001077651977539,0.0010986328125,0.001115798950195,0.0011348724365230001,0.001155853271484,0.001184463500976,0.001298904418945," 0.003761291503906]""",0.003761291503906,0.00114631652832,2.316256046295166,0.006425827741622,0.0,0.000463485717773,0.001665115356445,0.0016613006591790001,0.503935185185185,0.504050925925925,0.00011574074074
2550160733471,255016073347,1,0,20143010143,1.0,"""[0.001089096069335",0.001167297363281,0.0012035369873040001,0.0012283325195310002,0.0012588500976560002,0.001291275024414,0.001321792602539,0.001359939575195,0.001459121704101,0.001651763916015," 0.005149841308593001]""",0.005149841308593001,0.0013866424560540001,2.610973834991455,0.007934298366308,0.0,0.00047016143798800006,0.0017070770263670001,0.00164794921875,0.505902777777777,0.5060185185185181,0.00011574074074
2550160733471,255016073347,1,0,20143010143,1.0,"""[0.0009584426879880001",0.00102424621582,0.001056671142578,0.001075744628906,0.001094818115234,0.001115798950195,0.0011348724365230001,0.00115966796875,0.0011882781982420001,0.001298904418945," 0.006538391113281]""",0.006553649902343001,0.001222610473632,2.273832321166992,0.007279155775904001,0.0,0.000463485717773,0.0017013549804680002,0.001659393310546,0.502083333333333,0.502199074074074,0.00011574074074
2550160733471,255016073347,1,0,20143010143,1.0,"""[0.001079559326171",0.0011520385742180002,0.0011825561523430002,0.001211166381835,0.001239776611328,0.0012645721435540001,0.0012950897216790001,0.001338958740234,0.00142478942871,0.0015945434570310002," 0.005195617675781]""",0.005203247070312,0.001375198364257,2.737509965896606,0.008382691070437001,0.0,0.00047016143798800006,0.0016536712646480001,0.0016498565673820002,0.5062500000000001,0.50636574074074,0.00011574074074
2550160733471,255016073347,1,0,20143010143,1.0,"""[0.000720024108886",0.0007953643798820001,0.000828742980957,0.0008621215820310001,0.000894546508789,0.000925064086914,0.000951766967773,0.0009822845458980001,0.001033782958984,0.001167297363281," 0.011276245117187]""",0.011276245117187,0.001089096069335,2.815373659133911,0.008635925129055,0.0,0.00041580200195300005,0.0016555786132810002,0.0016498565673820002,0.508217592592592,0.5083333333333331,0.00011574074074
2550160733471,255016073347,1,0,20143010143,1.0,"""[0.001209259033203",0.00128173828125,0.001312255859375,0.001337051391601,0.001359939575195,0.001384735107421,0.0014114379882810002,0.0014419555664060002,0.001489639282226,0.0016613006591790001," 0.003776550292968]""",0.0037803649902340003,0.00143814086914,2.569913148880004,0.007400482427328001,0.0,0.000463485717773,0.0016460418701170001,0.0016422271728510002,0.500578703703703,0.500694444444444,0.00011574074074
2550160733471,255016073347,1,0,20143010143,1.0,"""[0.000952720642089",0.001014709472656,0.00103759765625,0.00105857849121,0.001075744628906,0.0010910034179680002,0.001110076904296,0.001131057739257,0.0011653900146480001,0.0012264251708980001," 0.0036926269531250004]""",0.003700256347656,0.0011215209960930002,2.145458698272705,0.005782437510788,0.0,0.000463485717773,0.0016613006591790001,0.001657485961914,0.50474537037037,0.5048611111111111,0.00011574074074
2550160733471,255016073347,1,0,20143010143,1.0,"""[0.001283645629882",0.001352310180664,0.001382827758789,0.001407623291015,0.001428604125976,0.00145149230957,0.00148582458496,0.0015335083007810002,0.00160789489746,0.001796722412109," 0.004508972167968001]""",0.004508972167968001,0.0015640258789060002,2.345292329788208,0.006530669517815,0.0,0.00047588348388600003,0.0017070770263670001,0.0016536712646480001,0.508680555555555,0.5087962962962961,0.00011574074074
2550160733471,255016073347,1,0,20143010143,1.0,"""[0.0009679794311520001",0.001026153564453,0.001054763793945,0.0010738372802730001,0.0010910034179680002,0.0011119842529290001,0.00113296508789,0.001163482666015,0.001209259033203,0.0012950897216790001," 0.004386901855468001]""",0.004386901855468001,0.001167297363281,2.642325401306152,0.008166278712451,0.0,0.000463485717773,0.0016860961914060002,0.0016498565673820002,0.501041666666666,0.501157407407407,0.00011574074074
2550160733471,255016073347,1,0,20143010143,1.0,"""[0.000955581665039",0.00102424621582,0.001049041748046,0.0010662078857420001,0.0010814666748040001,0.001094818115234,0.001115798950195,0.001138687133789,0.001176834106445,0.0012645721435540001," 0.0026817321777340003]""",0.0026817321777340003,0.0011348724365230001,2.224534034729003,0.006974104791879001,0.0,0.000463485717773,0.0016918182373040001,0.001659393310546,0.5031249999999999,0.50324074074074,0.00011574074074
2550160733471,255016073347,1,0,20143010143,1.0,"""[0.001007080078125",0.001047134399414,0.001070022583007,0.001089096069335,0.001108169555664,0.001131057739257,0.001155853271484,0.001186370849609,0.0012359619140620002,0.001314163208007," 0.005584716796875001]""",0.005577087402343001,0.0012054443359370002,2.492863178253173,0.0073373354971400006,0.0,0.000463485717773,0.001728057861328,0.0016803741455070002,0.5055555555555551,0.505641203703703,8.564814814814813e-05
2550160733471,255016073347,1,0,20143010143,1.0,"""[0.000741958618164",0.000952720642089,0.0010299682617180002,0.001068115234375,0.0010986328125,0.001125335693359,0.001153945922851,0.0011882781982420001,0.001247406005859,0.0013866424560540001," 0.003959655761718001]""",0.003959655761718001,0.0011730194091790001,3.317203998565673,0.010967385023832,0.0,0.00041580200195300005,0.001644134521484,0.0016403198242180002,0.507523148148148,0.5076388888888881,0.00011574074074
2550160733471,255016073347,1,0,20143010143,1.0,"""[0.0012035369873040001",0.001293182373046,0.0013427734375,0.0013961791992180002,0.001453399658203,0.001522064208984,0.0016117095947260002,0.0017528533935540001,0.0020866394042960003,0.002948760986328," 0.0439453125]""",0.0439453125,0.003028869628906,0.0,0.0,0.0,0.00046634674072200004,0.0017852783203120002,0.0016250610351560002,0.505671296296296,0.5057870370370371,0.00011574074074
2550160733471,255016073347,1,0,20143010143,1.0,"""[1.1444091796875002e-05",1.1444091796875002e-05,1.1444091796875002e-05,1.1444091796875002e-05,1.1444091796875002e-05,1.1444091796875002e-05,1.1444091796875002e-05,1.1444091796875002e-05,1.1444091796875002e-05,1.1444091796875002e-05," 1.1444091796875002e-05]""",0.0,0.0,0.0,0.0,0.0,0.0,9.5367431640625e-07,9.5367431640625e-07,0.505656635802469,0.5056570216049381,3.858024691358024e-07
2550160733471,255016073347,1,0,20143010143,1.0,"""[0.000584602355957",0.001373291015625,0.001705169677734,0.0018844604492180002,0.0024375915527340003,0.003345489501953,0.010543823242187,0.013656616210937,0.017547607421875,0.02740478515625," 0.0498046875]""",0.04986572265625,0.009902954101562,0.0,0.0,0.0,0.000370979309082,0.001796722412109,0.0014095306396480001,0.506900077160493,0.5069444444444441,4.436728395061728e-05
2550160733471,255016073347,1,0,20143010143,1.0,"""[0.0006608963012690001",0.0008134841918940001,0.0008459091186520001,0.0008697509765620001,0.0008935928344720001,0.0009183883666990001,0.000944137573242,0.0009698867797850001,0.001008987426757,0.001075744628906," 0.002601623535156]""",0.002601623535156,0.000952720642089,2.511895179748535,0.008157414384186,0.0,0.00041580200195300005,0.001651763916015,0.00164794921875,0.507986111111111,0.5081018518518511,0.00011574074074
2550160733471,255016073347,1,0,20143010143,1.0,"""[0.0009346008300780001",0.001003265380859,0.00103759765625,0.001068115234375,0.001092910766601,0.00111961364746,0.00114631652832,0.0011825561523430002,0.0012283325195310002,0.0013256072998040001," 0.006088256835937]""",0.006088256835937,0.00124168395996,2.220619916915893,0.007295698858797,0.0,0.000463485717773,0.001657485961914,0.0016536712646480001,0.502430555555555,0.502546296296296,0.00011574074074
2550160733471,255016073347,1,0,20143010143,1.0,"""[0.0009498596191400001",0.0010128021240230001,0.0010356903076170001,0.00105857849121,0.0010833740234370002,0.001108169555664,0.00113296508789,0.001161575317382,0.001190185546875,0.0012493133544920001," 0.00363540649414]""",0.00363540649414,0.001140594482421,2.288695335388183,0.006510331761091,0.0,0.000463485717773,0.0016632080078120002,0.001659393310546,0.504398148148148,0.504513888888888,0.00011574074074
2550160733471,255016073347,1,0,20143010143,1.0,"""[0.000871658325195",0.0009346008300780001,0.0009717941284170001,0.001001358032226,0.0010299682617180002,0.00105857849121,0.001087188720703,0.00111961364746,0.00119400024414,0.0013408660888670001," 0.003528594970703]""",0.0035057067871090003,0.0011272430419920001,2.463865518569946,0.007394222542643001,0.0,0.00047016143798800006,0.001665115356445,0.0016536712646480001,0.5064814814814811,0.506597222222222,0.00011574074074
2550160733471,255016073347,1,0,20143010143,1.0,"""[0.0009603500366210001",0.0010299682617180002,0.0010604858398430002,0.0010814666748040001,0.001100540161132,0.0011215209960930002,0.0011425018310540001,0.001163482666015,0.001184463500976,0.001245498657226," 0.003990173339843001]""",0.003990173339843001,0.00114631652832,2.295306205749511,0.007310950662940001,0.0,0.000463485717773,0.001659393310546,0.001657485961914,0.503009259259259,0.5031249999999999,0.00011574074074
2550160733471,255016073347,1,0,20143010143,1.0,"""[0.0009918212890620002",0.001045227050781,0.001068115234375,0.0010833740234370002,0.0010986328125,0.00111961364746,0.0011425018310540001,0.001176834106445,0.0012264251708980001,0.0013198852539060002," 0.008529663085937]""",0.008529663085937,0.001277923583984,2.224534034729003,0.006974104791879001,0.0,0.000463485717773,0.0016613006591790001,0.001657485961914,0.50324074074074,0.503356481481481,0.00011574074074
2550160733471,255016073347,1,0,20143010143,1.0,"""[0.000678062438964",0.0007820129394530001,0.0008153915405270001,0.000842094421386,0.0008678436279290001,0.0008974075317380001,0.0009307861328120001,0.0009670257568350001,0.001008987426757,0.001138687133789," 0.0037384033203120004]""",0.003730773925781,0.000955581665039,3.317203998565673,0.010967385023832,0.0,0.00041580200195300005,0.0017032623291010002,0.0016460418701170001,0.5076388888888881,0.507754629629629,0.00011574074074
2550160733471,255016073347,1,0,20143010143,1.0,"""[9.5367431640625e-07",9.5367431640625e-07,9.5367431640625e-07,9.5367431640625e-07,9.5367431640625e-07,9.5367431640625e-07,9.5367431640625e-07,9.5367431640625e-07,9.5367431640625e-07,9.5367431640625e-07," 9.5367431640625e-07]""",0.0,0.0,2.841494083404541,0.008677110075950002,0.0,0.0005960464477530001,9.5367431640625e-07,0.0,0.5084047067901231,0.508405478395061,7.716049382716048e-07
2550160733471,255016073347,1,0,20143010143,1.0,"""[0.001026153564453",0.001094818115234,0.001125335693359,0.00115966796875,0.0011978149414060002,0.0012264251708980001,0.001253128051757,0.00128173828125,0.0013275146484370002,0.0014419555664060002," 0.009475708007812]""",0.009475708007812,0.001352310180664,2.704702377319335,0.008137602359056001,0.0,0.00047588348388600003,0.0016727447509760002,0.0016632080078120002,0.5092592592592591,0.509375,0.00011574074074
2550160733471,255016073347,1,0,20143010143,1.0,"""[0.0009765625",0.0010604858398430002,0.0010910034179680002,0.00111961364746,0.001148223876953,0.001176834106445,0.001211166381835,0.0012435913085930002,0.001272201538085,0.0013275146484370002," 0.0038566589355460003]""",0.0038566589355460003,0.001222610473632,2.033761262893676,0.005558488890528001,0.0,0.00047588348388600003,0.001720428466796,0.00166893005371,0.509375,0.5094907407407401,0.00011574074074
2550160733471,255016073347,1,0,20143010143,1.0,"""[0.000951766967773",0.000995635986328,0.001031875610351,0.001062393188476,0.001089096069335,0.0011138916015620002,0.0011425018310540001,0.001167297363281,0.0011978149414060002,0.0012588500976560002," 0.0037269592285150005]""",0.0037269592285150005,0.001150131225585,2.516001939773559,0.007203868124634001,0.0,0.000463485717773,0.0016937255859370002,0.0016536712646480001,0.501736111111111,0.501851851851851,0.00011574074074
2550160733471,255016073347,1,0,20143010143,1.0,"""[0.000689506530761",0.000788688659667,0.0008201599121090001,0.0008468627929680001,0.0008697509765620001,0.0008935928344720001,0.0009193420410150001,0.000952720642089,0.0009994506835930002,0.001136779785156," 0.009475708007812]""",0.009475708007812,0.001094818115234,3.2924749851226798,0.010881099849939001,0.0,0.00041580200195300005,0.001659393310546,0.0016460418701170001,0.507754629629629,0.5078703703703701,0.00011574074074
2550160733471,255016073347,1,0,20143010143,1.0,"""[0.0006980895996090001",0.0007839202880850001,0.00081729888916,0.0008449554443350001,0.0008687973022460001,0.0008926391601560001,0.0009174346923820001,0.0009536743164060001,0.000995635986328,0.0010738372802730001," 0.003669738769531]""",0.0036735534667960003,0.0009288787841790001,2.511895179748535,0.008157414384186,0.0,0.00041580200195300005,0.001651763916015,0.00164794921875,0.5078703703703701,0.507986111111111,0.00011574074074
2550160733471,255016073347,1,0,20143010143,1.0,"""[0.0009717941284170001",0.001028060913085,0.0010662078857420001,0.0010910034179680002,0.0011119842529290001,0.001129150390625,0.001148223876953,0.0011730194091790001,0.00120735168457,0.001298904418945," 0.0035705566406250004]""",0.0035705566406250004,0.00115966796875,2.311191082000732,0.006441356614232001,0.0,0.000463485717773,0.0016632080078120002,0.001657485961914,0.504050925925925,0.504166666666666,0.00011574074074
2550160733471,255016073347,1,0,20143010143,1.0,"""[0.0009679794311520001",0.001018524169921,0.001049041748046,0.0010738372802730001,0.001094818115234,0.001115798950195,0.001136779785156,0.001169204711914,0.001209259033203,0.0012741088867180002," 0.004562377929687]""",0.004562377929687,0.001153945922851,2.288695335388183,0.006510331761091,0.0,0.000463485717773,0.0016613006591790001,0.001657485961914,0.504282407407407,0.504398148148148,0.00011574074074
2550160733471,255016073347,1,0,20143010143,1.0,"""[0.00124168395996",0.001375198364257,0.001415252685546,0.0014572143554680002,0.0014877319335930002,0.00154685974121,0.0016326904296870002,0.0017471313476560002,0.001882553100585,0.002334594726562," 0.00628662109375]""",0.00628662109375,0.0017681121826170001,0.0,0.0,0.0,0.00047588348388600003,0.0016613006591790001,0.001638412475585,0.508449074074074,0.5085648148148141,0.00011574074074
2550160733471,255016073347,1,0,20143010143,1.0,"""[0.0009584426879880001",0.0010223388671870002,0.001049041748046,0.001070022583007,0.001089096069335,0.001106262207031,0.001125335693359,0.0011425018310540001,0.001178741455078,0.001260757446289," 0.003589630126953]""",0.003589630126953,0.001140594482421,2.145458698272705,0.005782437510788,0.0,0.000463485717773,0.0016613006591790001,0.001657485961914,0.504629629629629,0.50474537037037,0.00011574074074
2550160733471,255016073347,1,0,20143010143,1.0,"""[0.0009012222290030001",0.0009727478027340001,0.000995635986328,0.001016616821289,0.0010356903076170001,0.001056671142578,0.0010833740234370002,0.0011119842529290001,0.001150131225585,0.0012588500976560002," 0.009597778320312]""",0.009613037109375,0.0012283325195310002,2.159213781356811,0.006293748039752,0.0,0.00047016143798800006,0.0016555786132810002,0.001651763916015,0.5067129629629631,0.506828703703703,0.00011574074074
2550160733471,255016073347,1,0,20143010143,1.0,"""[0.0009918212890620002",0.0010433197021480001,0.001079559326171,0.001108169555664,0.00113296508789,0.00115966796875,0.001190185546875,0.001222610473632,0.001285552978515,0.0013580322265620002," 0.0035820007324210003]""",0.0035820007324210003,0.00120735168457,2.704702377319335,0.008137602359056001,0.0,0.00047588348388600003,0.001665115356445,0.0016613006591790001,0.509143518518518,0.5092592592592591,0.00011574074074
2550160733471,255016073347,1,0,20143010143,1.0,"""[0.0009689331054680001",0.001026153564453,0.0010528564453120002,0.001077651977539,0.001102447509765,0.001129150390625,0.0011577606201170001,0.001192092895507,0.0012283325195310002,0.0013504028320310002," 0.00836181640625]""",0.00836181640625,0.001239776611328,2.430454969406127,0.0070140166208140006,0.0,0.000463485717773,0.0016765594482420001,0.001674652099609,0.5053240740740741,0.505439814814814,0.00011574074074
2550160733471,255016073347,1,0,20143010143,1.0,"""[0.0009727478027340001",0.001047134399414,0.001079559326171,0.001106262207031,0.001125335693359,0.0011425018310540001,0.001163482666015,0.001184463500976,0.0012283325195310002,0.0013656616210930002," 0.005195617675781]""",0.005195617675781,0.0012264251708980001,2.316256046295166,0.006425827741622,0.0,0.000463485717773,0.00169563293457,0.0016613006591790001,0.503819444444444,0.503935185185185,0.00011574074074
2550160733471,255016073347,1,0,20143010143,1.0,"""[0.000110626220703",0.000849723815917,0.000894546508789,0.000914573669433,0.000950813293457,0.000980377197265,0.000995635986328,0.001014709472656,0.0010738372802730001,0.001352310180664," 0.008468627929687]""",0.008468627929687,0.001314163208007,2.841494083404541,0.008677110075950002,0.0,0.000422477722167,0.0016727447509760002,0.001504898071289,0.5083939043209871,0.5084031635802471,9.259259259259259e-06
2550160733471,255016073347,1,0,20143010143,1.0,"""[9.5367431640625e-07",9.5367431640625e-07,9.5367431640625e-07,9.5367431640625e-07,9.5367431640625e-07,9.5367431640625e-07,9.5367431640625e-07,9.5367431640625e-07,9.5367431640625e-07,9.5367431640625e-07," 9.5367431640625e-07]""",0.0,0.0,2.159213781356811,0.006293748039752,0.0,0.000645637512207,0.0,0.0,0.506896604938271,0.50689699074074,3.858024691358024e-07
2550160733471,255016073347,1,0,20143010143,1.0,"""[0.0009717941284170001",0.001028060913085,0.001062393188476,0.0010833740234370002,0.001102447509765,0.001123428344726,0.0011425018310540001,0.0011730194091790001,0.001214981079101,0.001306533813476," 0.0037384033203120004]""",0.0037384033203120004,0.001171112060546,2.516001939773559,0.007203868124634001,0.0,0.000463485717773,0.001657485961914,0.0016536712646480001,0.501967592592592,0.502083333333333,0.00011574074074
2550160733471,255016073347,1,0,20143010143,1.0,"""[0.001070022583007",0.0011577606201170001,0.001201629638671,0.001230239868164,0.001260757446289,0.0012893676757810002,0.0013179779052730001,0.0013484954833980001,0.001399993896484,0.0015277862548820002," 0.004463195800781]""",0.00445556640625,0.0013561248779290001,2.6799323558807373,0.008178659714758,0.0,0.00047016143798800006,0.0016536712646480001,0.0016498565673820002,0.506134259259259,0.5062500000000001,0.00011574074074
2550160733471,255016073347,1,0,20143010143,1.0,"""[0.001232147216796",0.001312255859375,0.001338958740234,0.001359939575195,0.0013885498046870002,0.0014171600341790001,0.001443862915039,0.0014801025390620002,0.0015316009521480001,0.0016803741455070002," 0.00408935546875]""",0.004081726074218001,0.001468658447265,2.345292329788208,0.006530669517815,0.0,0.00047588348388600003,0.0016613006591790001,0.001657485961914,0.5087962962962961,0.508912037037037,0.00011574074074
2550160733471,255016073347,1,0,20143010143,1.0,"""[0.000951766967773",0.001026153564453,0.0010509490966790001,0.001070022583007,0.001087188720703,0.0011043548583980001,0.001129150390625,0.001155853271484,0.0011882781982420001,0.0013198852539060002," 0.007255554199218001]""",0.007247924804687,0.00120735168457,2.190829515457153,0.005792155861854001,0.0,0.000463485717773,0.001665115356445,0.0016613006591790001,0.504976851851851,0.5050925925925921,0.00011574074074
2550160733471,255016073347,1,0,20143010143,1.0,"""[0.0009489059448240001",0.001087188720703,0.001150131225585,0.00119400024414,0.00124168395996,0.001291275024414,0.0013427734375,0.0014019012451170001,0.0015621185302730001,0.0019512176513670001," 0.0101318359375]""",0.01019287109375,0.0015716552734370002,3.654813289642334,0.012396551668643,0.0,0.00041580200195300005,0.0016937255859370002,0.001636505126953,0.5069444444444441,0.507060185185185,0.00011574074074
2550160733471,255016073347,1,0,20143010143,1.0,"""[0.000894546508789",0.00102424621582,0.001070022583007,0.001108169555664,0.0011425018310540001,0.001184463500976,0.001222610473632,0.0012798309326170001,0.001346588134765,0.0015716552734370002," 0.005760192871093001]""",0.005760192871093001,0.001270294189453,3.654812812805175,0.012396550737321,0.0,0.00041580200195300005,0.0016403198242180002,0.0016326904296870002,0.507060185185185,0.5071759259259261,0.00011574074074
2550160733471,255016073347,1,0,20143010143,1.0,"""[0.000980377197265",0.001026153564453,0.001054763793945,0.0010738372802730001,0.0010910034179680002,0.001110076904296,0.00113296508789,0.001155853271484,0.00118064880371,0.001224517822265," 0.004058837890625]""",0.004058837890625,0.00114631652832,2.512129068374633,0.007508927024900001,0.0,0.000463485717773,0.0016555786132810002,0.001651763916015,0.501504629629629,0.50162037037037,0.00011574074074
2550160733471,255016073347,1,0,20143010143,1.0,"""[0.0009679794311520001",0.001014709472656,0.001033782958984,0.001054763793945,0.00107192993164,0.001087188720703,0.001106262207031,0.001136779785156,0.001184463500976,0.0012588500976560002," 0.0029449462890620004]""",0.0029449462890620004,0.00113296508789,2.334567546844482,0.007051208522170001,0.0,0.000463485717773,0.0016632080078120002,0.001659393310546,0.503472222222222,0.503587962962962,0.00011574074074
