UniqJobId,collection_id,instance_index,priority,machine_id,sample_rate,cpu_usage_distribution1,cpu_usage_distribution2,cpu_usage_distribution3,cpu_usage_distribution4,cpu_usage_distribution5,cpu_usage_distribution6,cpu_usage_distribution7,cpu_usage_distribution8,cpu_usage_distribution9,cpu_usage_distribution10,cpu_usage_distribution11,max_cpu,avg_cpu,cycles_per_instruction,memory_accesses_per_instruction,assigned_memory,page_cache_memory,max_memory,avg_memory,start_time,end_time,time_window
2550160733470,255016073347,0,0,1715004957,1.0,"""[0.000788688659667",0.000894546508789,0.000920295715332,0.0009660720825190001,0.001014709472656,0.001033782958984,0.001054763793945,0.001148223876953,0.0012950897216790001,0.0014400482177730001," 0.011260986328125002]""",0.0113525390625,0.0016422271728510002,2.493102312088012,0.007077333051711001,0.0,0.00050926208496,0.0017166137695310002,0.001708984375,0.5054270833333331,0.505435956790123,8.873456790123455e-06
2550160733470,255016073347,0,0,1715004957,1.0,"""[0.00096321105957",0.0010509490966790001,0.001092910766601,0.00111961364746,0.0011425018310540001,0.0011749267578120002,0.001209259033203,0.001247406005859,0.001308441162109,0.001514434814453," 0.0101318359375]""",0.010147094726562,0.001392364501953,2.483680486679077,0.007040085736662,0.0,0.0005035400390620001,0.0017242431640620002,0.0016765594482420001,0.500347222222222,0.500462962962963,0.00011574074074
2550160733470,255016073347,0,0,1715004957,1.0,"""[0.000731468200683",0.0008268356323240001,0.000865936279296,0.0008983612060540001,0.0009288787841790001,0.0009603500366210001,0.000988006591796,0.001016616821289,0.00105857849121,0.001140594482421," 0.0027732849121090003]""",0.003101348876953,0.0009899139404290001,2.91176700592041,0.00869663618505,0.0,0.0005035400390620001,0.001689910888671,0.0016765594482420001,0.500694444444444,0.500810185185185,0.00011574074074
2550160733470,255016073347,0,0,1715004957,1.0,"""[0.0007476806640620001",0.000830650329589,0.0008678436279290001,0.000896453857421,0.000922203063964,0.000944137573242,0.0009651184082030001,0.0009994506835930002,0.0010509490966790001,0.001138687133789," 0.002799987792968]""",0.002799987792968,0.000984191894531,2.423453569412231,0.008174991235136,0.0,0.0005044937133780001,0.001699447631835,0.001697540283203,0.504629629629629,0.50474537037037,0.00011574074074
2550160733470,255016073347,0,0,1715004957,1.0,"""[0.0007553100585930001",0.0008621215820310001,0.0008993148803710001,0.000925064086914,0.000950813293457,0.0009765625,0.001001358032226,0.0010299682617180002,0.001068115234375,0.001140594482421," 0.00363540649414]""",0.00363540649414,0.00101089477539,2.512812137603759,0.007274041883647,0.0,0.0005044937133780001,0.0017318725585930002,0.0016937255859370002,0.502777777777777,0.502893518518518,0.00011574074074
2550160733470,255016073347,0,0,1715004957,1.0,"""[0.000737190246582",0.000818252563476,0.0008583068847650001,0.000891685485839,0.0009164810180660001,0.0009479522705070001,0.000980377197265,0.0010051727294920001,0.0010433197021480001,0.001138687133789," 0.0035209655761710003]""",0.003517150878906,0.000986099243164,2.476171255111694,0.007304672617465001,0.0,0.0005035400390620001,0.0017032623291010002,0.00168228149414,0.500925925925925,0.501041666666666,0.00011574074074
2550160733470,255016073347,0,0,1715004957,1.0,"""[0.0007219314575190001",0.0008144378662100001,0.0008459091186520001,0.0008821487426750001,0.0009078979492180001,0.0009317398071280001,0.000951766967773,0.000974655151367,0.00101089477539,0.0011138916015620002," 0.004432678222656]""",0.004425048828125,0.0009727478027340001,2.476171255111694,0.007304672617465001,0.0,0.0005035400390620001,0.0017318725585930002,0.0016918182373040001,0.501041666666666,0.501157407407407,0.00011574074074
2550160733470,255016073347,0,0,1715004957,1.0,"""[0.0007400512695310001",0.0008020401000970001,0.0008440017700190001,0.0008745193481440001,0.0008993148803710001,0.000922203063964,0.000945091247558,0.0009679794311520001,0.0010128021240230001,0.0011444091796870002," 0.007369995117187]""",0.005767822265625001,0.001016616821289,2.476171255111694,0.007304672617465001,0.0,0.0005044937133780001,0.001699447631835,0.0016918182373040001,0.501157407407407,0.501273148148148,0.00011574074074
2550160733470,255016073347,0,0,1715004957,1.0,"""[0.0007352828979490001",0.0008134841918940001,0.0008459091186520001,0.000871658325195,0.0008983612060540001,0.00092601776123,0.000951766967773,0.000984191894531,0.001026153564453,0.001138687133789," 0.005630493164062]""",0.005630493164062,0.001039505004882,3.089985370635986,0.008998424746096,0.0,0.0005102157592770001,0.00169563293457,0.001688003540039,0.5090277777777771,0.509143518518518,0.00011574074074
2550160733470,255016073347,0,0,1715004957,1.0,"""[0.0012435913085930002",0.0013866424560540001,0.00142478942871,0.001453399658203,0.001474380493164,0.0014953613281250002,0.001522064208984,0.0015544891357420001,0.00160789489746,0.001827239990234," 0.004158020019531]""",0.004158020019531,0.0015640258789060002,1.909612536430358,0.004681462422013,0.0,0.0005331039428710001,0.0016918182373040001,0.001688003540039,0.5071759259259261,0.507291666666666,0.00011574074074
2550160733470,255016073347,0,0,1715004957,1.0,"""[0.0007362365722650001",0.000802993774414,0.000828742980957,0.0008544921875,0.000880241394042,0.0009059906005850001,0.000933647155761,0.0009660720825190001,0.00101089477539,0.001129150390625," 0.00396728515625]""",0.00396728515625,0.000955581665039,2.933299779891967,0.008734826929867,0.0,0.0005102157592770001,0.0016937255859370002,0.001688003540039,0.509143518518518,0.5092592592592591,0.00011574074074
2550160733470,255016073347,0,0,1715004957,1.0,"""[0.000684738159179",0.000788688659667,0.0008268356323240001,0.000852584838867,0.0008745193481440001,0.0008993148803710001,0.000925064086914,0.000951766967773,0.000984191894531,0.0010910034179680002," 0.004249572753906]""",0.004249572753906,0.0009479522705070001,2.538619756698608,0.008070844225585001,0.0,0.0005102157592770001,0.0017337799072260002,0.00169563293457,0.509375,0.5094907407407401,0.00011574074074
2550160733470,255016073347,0,0,1715004957,1.0,"""[0.0008058547973630001",0.000984191894531,0.0010299682617180002,0.001062393188476,0.0010910034179680002,0.001125335693359,0.001169204711914,0.001224517822265,0.0012950897216790001,0.001453399658203," 0.007087707519531]""",0.007087707519531,0.0012264251708980001,3.686649560928344,0.012042507529258001,0.0,0.000519752502441,0.001697540283203,0.001644134521484,0.5055555555555551,0.505671296296296,0.00011574074074
2550160733470,255016073347,0,0,1715004957,1.0,"""[0.0009412765502920001",0.0010223388671870002,0.001054763793945,0.0010814666748040001,0.001108169555664,0.00113296508789,0.0011653900146480001,0.0012054443359370002,0.0012569427490230001,0.0013790130615230001," 0.0033416748046870004]""",0.0033378601074210003,0.001186370849609,3.74655795097351,0.012372048571705001,0.0,0.000520706176757,0.0017013549804680002,0.001697540283203,0.5060185185185181,0.506134259259259,0.00011574074074
2550160733470,255016073347,0,0,1715004957,1.0,"""[0.000739097595214",0.0008363723754880001,0.000865936279296,0.000895500183105,0.000926971435546,0.0009698867797850001,0.000995635986328,0.001026153564453,0.0010604858398430002,0.001140594482421," 0.0038185119628900005]""",0.0038185119628900005,0.0009994506835930002,2.437879085540771,0.0069840401411050005,0.0,0.0005044937133780001,0.00169563293457,0.001689910888671,0.502199074074074,0.502314814814814,0.00011574074074
2550160733470,255016073347,0,0,1715004957,1.0,"""[0.000720024108886",0.00084114074707,0.0008707046508780001,0.0009012222290030001,0.0009317398071280001,0.000955581665039,0.000984191894531,0.001018524169921,0.001054763793945,0.00115966796875," 0.0037269592285150005]""",0.0037269592285150005,0.000988006591796,2.261761903762817,0.006845954805612,0.0,0.0005044937133780001,0.001699447631835,0.00169563293457,0.504282407407407,0.504398148148148,0.00011574074074
2550160733470,255016073347,0,0,1715004957,1.0,"""[0.000744819641113",0.0008010864257810001,0.0008258819580070001,0.0008554458618160001,0.0008869171142570001,0.0009117126464840001,0.0009365081787100001,0.0009603500366210001,0.00099754333496,0.0010662078857420001," 0.0037536621093750004]""",0.0037536621093750004,0.0009346008300780001,2.48915958404541,0.008715067058801,0.0,0.0005044937133780001,0.0017013549804680002,0.001697540283203,0.50474537037037,0.5048611111111111,0.00011574074074
2550160733470,255016073347,0,0,1715004957,1.0,"""[0.0007295608520500001",0.0008268356323240001,0.0008573532104490001,0.000884056091308,0.0009050369262690001,0.000925064086914,0.0009489059448240001,0.000974655151367,0.001007080078125,0.001089096069335," 0.0034751892089840003]""",0.0034751892089840003,0.0009593963623040001,2.48915958404541,0.008715067058801,0.0,0.0005044937133780001,0.0017013549804680002,0.001697540283203,0.5048611111111111,0.504976851851851,0.00011574074074
2550160733470,255016073347,0,0,1715004957,1.0,"""[0.000749588012695",0.000834465026855,0.000864028930664,0.000889778137207,0.0009107589721670001,0.000933647155761,0.0009593963623040001,0.000986099243164,0.001016616821289,0.0010910034179680002," 0.00872802734375]""",0.00872802734375,0.001092910766601,2.229099035263061,0.007062887772917001,0.0,0.0005044937133780001,0.001697540283203,0.0016937255859370002,0.50324074074074,0.503356481481481,0.00011574074074
2550160733470,255016073347,0,0,1715004957,1.0,"""[0.0007410049438470001",0.0008373260498040001,0.000865936279296,0.000891685485839,0.000913619995117,0.0009355545043940001,0.0009584426879880001,0.000986099243164,0.0010299682617180002,0.0011272430419920001," 0.006340026855468001]""",0.006332397460937,0.0009899139404290001,1.121904730796814,0.002724626567214,0.0,0.0005044937133780001,0.00175666809082,0.001705169677734,0.505208333333333,0.5053240740740741,0.00011574074074
2550160733470,255016073347,0,0,1715004957,1.0,"""[0.0013275146484370002",0.001413345336914,0.0014400482177730001,0.001468658447265,0.0014972686767570002,0.001522064208984,0.0015487670898430002,0.0015945434570310002,0.001651763916015,0.001834869384765," 0.00897216796875]""",0.00897216796875,0.00169563293457,1.912048578262329,0.004681788850575,0.0,0.0005331039428710001,0.0016937255859370002,0.0016860961914060002,0.507291666666666,0.5074074074074071,0.00011574074074
2550160733470,255016073347,0,0,1715004957,1.0,"""[0.001148223876953",0.001199722290039,0.0012264251708980001,0.001260757446289,0.001293182373046,0.0013198852539060002,0.0013580322265620002,0.0014095306396480001,0.001504898071289,0.001665115356445," 0.005531311035156]""",0.005531311035156,0.0014095306396480001,1.912048578262329,0.004681788850575,0.0,0.0005331039428710001,0.001699447631835,0.0016860961914060002,0.5074074074074071,0.507523148148148,0.00011574074074
2550160733470,255016073347,0,0,1715004957,1.0,"""[1.2397766113281252e-05",0.0010509490966790001,0.004791259765625,0.01226806640625,0.0147705078125,0.016845703125,0.02093505859375,0.023345947265625003,0.028045654296875003,0.0318603515625," 0.033447265625]""",0.04241943359375,0.016937255859375,0.0,0.0,0.0,0.000274658203125,0.001192092895507,0.00080394744873,0.506699074074074,0.5067129629629631,1.3888888888888891e-05
2550160733470,255016073347,0,0,1715004957,1.0,"""[0.0010986328125",0.001186370849609,0.001211166381835,0.0012340545654290001,0.0012588500976560002,0.001283645629882,0.001306533813476,0.0013351440429680002,0.001367568969726,0.001474380493164," 0.004043579101562]""",0.004043579101562,0.001321792602539,1.84426724910736,0.0045918044634160006,0.0,0.0005331039428710001,0.001699447631835,0.0016937255859370002,0.507986111111111,0.5081018518518511,0.00011574074074
2550160733470,255016073347,0,0,1715004957,1.0,"""[0.0009241104125970001",0.001031875610351,0.001077651977539,0.001110076904296,0.0011348724365230001,0.0011653900146480001,0.0011978149414060002,0.001237869262695,0.001291275024414,0.001455307006835," 0.00396728515625]""",0.003959655761718001,0.0012264251708980001,2.466853618621826,0.006974970921874,0.0,0.0005035400390620001,0.0016727447509760002,0.0016632080078120002,0.500231481481481,0.500347222222222,0.00011574074074
2550160733470,255016073347,0,0,1715004957,1.0,"""[0.0006065368652340001",0.000696182250976,0.0007410049438470001,0.0007715225219720001,0.0008010864257810001,0.0008363723754880001,0.0008745193481440001,0.0009174346923820001,0.000974655151367,0.001106262207031," 0.007278442382812]""",0.007278442382812,0.0009431838989250001,3.914199590682983,0.013294195756316001,0.0,0.000520706176757,0.001712799072265,0.001699447631835,0.5062500000000001,0.50636574074074,0.00011574074074
2550160733470,255016073347,0,0,1715004957,1.0,"""[0.0007781982421870001",0.0008554458618160001,0.000890731811523,0.0009174346923820001,0.0009422302246090001,0.0009651184082030001,0.000993728637695,0.0010299682617180002,0.001077651977539,0.0012264251708980001," 0.006362915039062]""",0.006362915039062,0.001092910766601,2.443964719772338,0.006846395321190001,0.0,0.0005044937133780001,0.0017147064208980001,0.0016918182373040001,0.502430555555555,0.502546296296296,0.00011574074074
2550160733470,255016073347,0,0,1715004957,1.0,"""[0.0009489059448240001",0.0010604858398430002,0.001100540161132,0.001138687133789,0.001171112060546,0.0012054443359370002,0.0012435913085930002,0.0012893676757810002,0.0013484954833980001,0.0015411376953120002," 0.00555419921875]""",0.006187438964843001,0.0013256072998040001,2.637891769409179,0.007443568669259001,0.0,0.000507354736328,0.0017032623291010002,0.001644134521484,0.5083333333333331,0.508449074074074,0.00011574074074
2550160733470,255016073347,0,0,1715004957,1.0,"""[0.000645637512207",0.000715255737304,0.000758171081542,0.000786781311035,0.0008144378662100001,0.000842094421386,0.0008678436279290001,0.0008993148803710001,0.0009374618530270001,0.001039505004882," 0.003177642822265]""",0.003173828125,0.000879287719726,3.002743005752563,0.010118894279003001,0.0,0.000520706176757,0.0017032623291010002,0.001699447631835,0.506597222222222,0.5066828703703701,8.564814814814813e-05
2550160733470,255016073347,0,0,1715004957,1.0,"""[0.000767707824707",0.000847816467285,0.0008821487426750001,0.0008974075317380001,0.000913619995117,0.0009307861328120001,0.000951766967773,0.000975608825683,0.00101089477539,0.001131057739257," 0.006599426269531]""",0.010208129882812,0.001045227050781,1.306951761245727,0.0035353845451020004,0.0,0.0005044937133780001,0.0017013549804680002,0.001697540283203,0.504976851851851,0.5050925925925921,0.00011574074074
2550160733470,255016073347,0,0,1715004957,1.0,"""[0.001384735107421",0.0014324188232420001,0.0014667510986320002,0.0014934539794920001,0.001514434814453,0.001535415649414,0.001565933227539,0.0016021728515620002,0.0016536712646480001,0.0017852783203120002," 0.004341125488281]""",0.004341125488281,0.001598358154296,1.8681665658950801,0.004675911273807,0.0,0.0005331039428710001,0.0016841888427730001,0.0016803741455070002,0.507060185185185,0.5071759259259261,0.00011574074074
2550160733470,255016073347,0,0,1715004957,1.0,"""[0.000689506530761",0.0007944107055660001,0.0008249282836910001,0.0008687973022460001,0.0009050369262690001,0.0009355545043940001,0.0009660720825190001,0.001018524169921,0.001062393188476,0.001153945922851," 0.006492614746093001]""",0.006507873535156,0.001026153564453,2.243585586547851,0.006610945798456,0.0,0.0005044937133780001,0.00169563293457,0.0016918182373040001,0.50162037037037,0.501736111111111,0.00011574074074
2550160733470,255016073347,0,0,1715004957,1.0,"""[0.001125335693359",0.0011978149414060002,0.0012264251708980001,0.0012435913085930002,0.0012588500976560002,0.0012741088867180002,0.001293182373046,0.00131607055664,0.0013790130615230001,0.00151252746582," 0.0072021484375]""",0.0072021484375,0.0014019012451170001,1.7770273685455322,0.0045838914811610005,0.0,0.0005331039428710001,0.001749038696289,0.0016937255859370002,0.5076388888888881,0.507754629629629,0.00011574074074
2550160733470,255016073347,0,0,1715004957,1.0,"""[0.0007467269897460001",0.000828742980957,0.000864028930664,0.0008926391601560001,0.000914573669433,0.0009355545043940001,0.000955581665039,0.000980377197265,0.00101089477539,0.001102447509765," 0.0025177001953120004]""",0.0025177001953120004,0.0009708404541010001,2.432175874710083,0.007113037165254001,0.0,0.0005044937133780001,0.001699447631835,0.00169563293457,0.501851851851851,0.501967592592592,0.00011574074074
2550160733470,255016073347,0,0,1715004957,1.0,"""[0.0007953643798820001",0.000848770141601,0.000884056091308,0.0009040832519530001,0.0009241104125970001,0.000952720642089,0.000984191894531,0.0010204315185540001,0.0010662078857420001,0.001167297363281," 0.004241943359375]""",0.004241943359375,0.00099754333496,2.261761903762817,0.006845954805612,0.0,0.0005044937133780001,0.001699447631835,0.00169563293457,0.504398148148148,0.504513888888888,0.00011574074074
2550160733470,255016073347,0,0,1715004957,1.0,"""[0.000611305236816",0.000688552856445,0.000730514526367,0.0007629394531250001,0.00079345703125,0.0008316040039060001,0.0008630752563470001,0.0009002685546870001,0.000951766967773,0.001056671142578," 0.005767822265625001]""",0.005767822265625001,0.000883102416992,3.7693934440612793,0.012789725326001,0.0,0.000520706176757,0.001718521118164,0.0017013549804680002,0.50636574074074,0.5064814814814811,0.00011574074074
2550160733470,255016073347,0,0,1715004957,1.0,"""[0.0009679794311520001",0.0010356903076170001,0.001068115234375,0.001087188720703,0.001110076904296,0.001136779785156,0.0011653900146480001,0.001201629638671,0.001262664794921,0.0014667510986320002," 0.004402160644531]""",0.004364013671875,0.0012054443359370002,2.637892007827758,0.007443568669259001,0.0,0.00050926208496,0.0016918182373040001,0.001689910888671,0.5085648148148141,0.508680555555555,0.00011574074074
2550160733470,255016073347,0,0,1715004957,1.0,"""[0.0006923675537100001",0.0007953643798820001,0.0008363723754880001,0.0008630752563470001,0.000891685485839,0.0009241104125970001,0.0009689331054680001,0.001026153564453,0.001123428344726,0.001251220703125," 0.00363540649414]""",0.0036582946777340003,0.000988006591796,3.089985370635986,0.008998424746096,0.0,0.0005102157592770001,0.0016918182373040001,0.001688003540039,0.508912037037037,0.5090277777777771,0.00011574074074
2550160733470,255016073347,0,0,1715004957,1.0,"""[0.0007600784301750001",0.000828742980957,0.000859260559082,0.0008850097656250001,0.0009078979492180001,0.0009298324584960001,0.0009536743164060001,0.000984191894531,0.001028060913085,0.001150131225585," 0.003437042236328]""",0.003440856933593,0.0009717941284170001,1.3490486145019531,0.0034456683788440003,0.0,0.0005044937133780001,0.0017108917236320002,0.0017070770263670001,0.5053240740740741,0.5054270833333331,0.00010300925925900001
2550160733470,255016073347,0,0,1715004957,1.0,"""[0.0007286071777340001",0.0008096694946280001,0.0008468627929680001,0.0008974075317380001,0.000955581665039,0.0009918212890620002,0.001028060913085,0.001070022583007,0.001110076904296,0.0011825561523430002," 0.004524230957031]""",0.004531860351562,0.0010204315185540001,2.243585586547851,0.006610945798456,0.0,0.0005044937133780001,0.001705169677734,0.0016937255859370002,0.501504629629629,0.50162037037037,0.00011574074074
2550160733470,255016073347,0,0,1715004957,1.0,"""[0.000725746154785",0.0008134841918940001,0.000849723815917,0.00087833404541,0.000908851623535,0.0009384155273430001,0.0009651184082030001,0.000993728637695,0.001031875610351,0.001117706298828," 0.004081726074218001]""",0.00408935546875,0.000975608825683,2.35780382156372,0.006915033329278001,0.0,0.0005044937133780001,0.0017318725585930002,0.0016937255859370002,0.501736111111111,0.501851851851851,0.00011574074074
2550160733470,255016073347,0,0,1715004957,1.0,"""[0.000761985778808",0.0008440017700190001,0.0008811950683590001,0.000903129577636,0.00092601776123,0.0009469985961910001,0.0009679794311520001,0.001003265380859,0.0010528564453120002,0.0011825561523430002," 0.006820678710937]""",0.006820678710937,0.001092910766601,2.685160875320434,0.008033457212150001,0.0,0.0005044937133780001,0.0017070770263670001,0.00169563293457,0.503703703703703,0.503819444444444,0.00011574074074
2550160733470,255016073347,0,0,1715004957,1.0,"""[3.814697265625e-05",0.000501632690429,0.001251220703125,0.0012893676757810002,0.00131607055664,0.0013504028320310002,0.0013961791992180002,0.0014476776123040001,0.002033233642578,0.0039024353027340003," 0.005134582519531]""",0.005126953125,0.001787185668945,1.84426724910736,0.0045918044634160006,0.0,0.0005521774291990001,0.001705169677734,0.001489639282226,0.508199845679012,0.5082091049382711,9.259259259259259e-06
2550160733470,255016073347,0,0,1715004957,1.0,"""[0.000776290893554",0.0008516311645500001,0.000880241394042,0.00090217590332,0.0009241104125970001,0.000945091247558,0.0009660720825190001,0.00099754333496,0.001041412353515,0.0012187957763670001," 0.007217407226562]""",0.007217407226562,0.0010604858398430002,2.432175874710083,0.007113037165254001,0.0,0.0005044937133780001,0.001699447631835,0.00169563293457,0.501967592592592,0.502083333333333,0.00011574074074
2550160733470,255016073347,0,0,1715004957,1.0,"""[0.000828742980957",0.000964164733886,0.00101089477539,0.001039505004882,0.001070022583007,0.0011043548583980001,0.001138687133789,0.0011825561523430002,0.001283645629882,0.001491546630859," 0.008987426757812]""",0.00897216796875,0.0013275146484370002,3.686649084091186,0.012042507529258001,0.0,0.000520706176757,0.001749038696289,0.00169563293457,0.505902777777777,0.5060185185185181,0.00011574074074
2550160733470,255016073347,0,0,1715004957,1.0,"""[0.0007600784301750001",0.0008563995361320001,0.000889778137207,0.00091552734375,0.000944137573242,0.000974655151367,0.001001358032226,0.0010356903076170001,0.0010814666748040001,0.0011444091796870002," 0.002552032470703]""",0.002754211425781,0.001007080078125,2.443964719772338,0.006846395321190001,0.0,0.0005044937133780001,0.00169563293457,0.0016918182373040001,0.502314814814814,0.502430555555555,0.00011574074074
2550160733470,255016073347,0,0,1715004957,1.0,"""[0.00074291229248",0.0008268356323240001,0.0008678436279290001,0.0009012222290030001,0.0009317398071280001,0.000964164733886,0.000993728637695,0.00102424621582,0.001070022583007,0.0011444091796870002," 0.003547668457031]""",0.0035514831542960003,0.00099754333496,2.91176700592041,0.00869663618505,0.0,0.0005035400390620001,0.001688003540039,0.00168228149414,0.500578703703703,0.500694444444444,0.00011574074074
2550160733470,255016073347,0,0,1715004957,1.0,"""[0.0008211135864250001",0.000872611999511,0.0009050369262690001,0.000932693481445,0.0009546279907220001,0.000978469848632,0.001003265380859,0.001026153564453,0.001049041748046,0.0011348724365230001," 0.0038719177246090003]""",0.0038719177246090003,0.001026153564453,2.443964719772338,0.006846395321190001,0.0,0.0005044937133780001,0.00169563293457,0.0016918182373040001,0.502546296296296,0.502662037037037,0.00011574074074
2550160733470,255016073347,0,0,1715004957,1.0,"""[0.000791549682617",0.0008573532104490001,0.0008888244628900001,0.0009098052978510001,0.000933647155761,0.0009603500366210001,0.000993728637695,0.0010299682617180002,0.00108528137207,0.001190185546875," 0.005844116210937]""",0.005844116210937,0.001062393188476,2.261761903762817,0.006845954805612,0.0,0.0005044937133780001,0.001699447631835,0.00169563293457,0.504513888888888,0.504629629629629,0.00011574074074
2550160733470,255016073347,0,0,1715004957,1.0,"""[0.0009593963623040001",0.001087188720703,0.00113296508789,0.001163482666015,0.001190185546875,0.001214981079101,0.001245498657226,0.0012874603271480001,0.001361846923828,0.0016307830810540001," 0.021392822265625]""",0.021392822265625,0.0015926361083980001,2.637892007827758,0.007443568669259001,0.0,0.00050926208496,0.001708984375,0.0016841888427730001,0.508449074074074,0.5085648148148141,0.00011574074074
2550160733470,255016073347,0,0,1715004957,1.0,"""[0.0007858276367180001",0.000859260559082,0.0008878707885740001,0.0009059906005850001,0.0009241104125970001,0.0009479522705070001,0.0009708404541010001,0.000995635986328,0.001033782958984,0.001150131225585," 0.004348754882812]""",0.004348754882812,0.000988006591796,1.121904730796814,0.002724626567214,0.0,0.0005044937133780001,0.0017013549804680002,0.001697540283203,0.5050925925925921,0.505208333333333,0.00011574074074
2550160733470,255016073347,0,0,1715004957,1.0,"""[0.0006742477416990001",0.000787734985351,0.0008373260498040001,0.000865936279296,0.000896453857421,0.000926971435546,0.0009498596191400001,0.0009727478027340001,0.001001358032226,0.001102447509765," 0.0035552978515620004]""",0.0037803649902340003,0.000964164733886,2.297810316085815,0.006772680208086,0.0,0.0005044937133780001,0.001697540283203,0.0016860961914060002,0.501273148148148,0.501388888888888,0.00011574074074
2550160733470,255016073347,0,0,1715004957,1.0,"""[0.0006990432739250001",0.000792503356933,0.000835418701171,0.0008745193481440001,0.0009241104125970001,0.0009613037109370001,0.0009918212890620002,0.0010223388671870002,0.001062393188476,0.0011749267578120002," 0.003650665283203]""",0.003650665283203,0.0009822845458980001,2.243585586547851,0.006610945798456,0.0,0.0005044937133780001,0.00172996520996,0.001689910888671,0.501388888888888,0.501504629629629,0.00011574074074
2550160733470,255016073347,0,0,1715004957,1.0,"""[0.0006866455078120001",0.000768661499023,0.000802993774414,0.0008249282836910001,0.000847816467285,0.0008697509765620001,0.000895500183105,0.0009241104125970001,0.0009660720825190001,0.001079559326171," 0.003284454345703]""",0.003288269042968,0.0009117126464840001,2.229099035263061,0.007062887772917001,0.0,0.0005044937133780001,0.001697540283203,0.0016918182373040001,0.503356481481481,0.503472222222222,0.00011574074074
2550160733470,255016073347,0,0,1715004957,1.0,"""[0.0007333755493160001",0.0008077621459960001,0.000848770141601,0.0008869171142570001,0.00091552734375,0.0009431838989250001,0.0009698867797850001,0.0009994506835930002,0.0010356903076170001,0.0011138916015620002," 0.004005432128906]""",0.004005432128906,0.0009689331054680001,2.538619756698608,0.008070844225585001,0.0,0.0005102157592770001,0.0016918182373040001,0.001688003540039,0.5092592592592591,0.509375,0.00011574074074
2550160733470,255016073347,0,0,1715004957,1.0,"""[0.0011119842529290001",0.001178741455078,0.0012054443359370002,0.0012283325195310002,0.001253128051757,0.001276016235351,0.00130271911621,0.0013351440429680002,0.001382827758789,0.0015029907226560002," 0.00296401977539]""",0.0029563903808590003,0.0013275146484370002,1.804485321044921,0.004603799898177,0.0,0.0005331039428710001,0.00169563293457,0.001688003540039,0.507523148148148,0.5076388888888881,0.00011574074074
2550160733470,255016073347,0,0,1715004957,1.0,"""[0.0009126663208000001",0.001008987426757,0.001056671142578,0.001087188720703,0.00111961364746,0.001163482666015,0.0012054443359370002,0.0012359619140620002,0.001276016235351,0.0014266967773430002," 0.004142761230468001]""",0.004142761230468001,0.001211166381835,3.686649084091186,0.012042507529258001,0.0,0.000520706176757,0.0016918182373040001,0.0016860961914060002,0.5057870370370371,0.505902777777777,0.00011574074074
2550160733470,255016073347,0,0,1715004957,1.0,"""[0.0007848739624020001",0.000849723815917,0.000894546508789,0.0009384155273430001,0.0009822845458980001,0.001014709472656,0.001039505004882,0.0010662078857420001,0.001106262207031,0.001201629638671," 0.004417419433593001]""",0.004447937011718001,0.0010356903076170001,2.685160875320434,0.008033457212150001,0.0,0.0005044937133780001,0.0017013549804680002,0.001697540283203,0.503935185185185,0.504050925925925,0.00011574074074
2550160733470,255016073347,0,0,1715004957,1.0,"""[0.0006294250488280001",0.0007247924804680001,0.0007658004760740001,0.0008010864257810001,0.000830650329589,0.000871658325195,0.000932693481445,0.000995635986328,0.00107192993164,0.0011749267578120002," 0.003437042236328]""",0.003437042236328,0.0009346008300780001,3.914199590682983,0.013294195756316001,0.0,0.000520706176757,0.0017013549804680002,0.001697540283203,0.506134259259259,0.5062500000000001,0.00011574074074
2550160733470,255016073347,0,0,1715004957,1.0,"""[0.0007638931274410001",0.000872611999511,0.0009403228759760001,0.0010051727294920001,0.00108528137207,0.0011425018310540001,0.001211166381835,0.001277923583984,0.001333236694335,0.0014667510986320002," 0.0034294128417960003]""",0.0034294128417960003,0.001171112060546,2.91176700592041,0.00869663618505,0.0,0.0005035400390620001,0.0016841888427730001,0.0016803741455070002,0.500462962962963,0.500578703703703,0.00011574074074
2550160733470,255016073347,0,0,1715004957,1.0,"""[0.000776290893554",0.000865936279296,0.0009012222290030001,0.0009298324584960001,0.0009489059448240001,0.0009679794311520001,0.001001358032226,0.001033782958984,0.001075744628906,0.001150131225585," 0.003425598144531]""",0.0034294128417960003,0.0010128021240230001,2.465543746948242,0.006980434525758,0.0,0.0005044937133780001,0.00169563293457,0.0016918182373040001,0.502662037037037,0.502777777777777,0.00011574074074
2550160733470,255016073347,0,0,1715004957,1.0,"""[0",0.0,0.0,0.0,0.0,0.0,9.5367431640625e-07,9.5367431640625e-07,9.5367431640625e-07,9.5367431640625e-07," 9.5367431640625e-07]""",0.000306129455566,9.5367431640625e-07,2.493102312088012,0.007077333051711001,0.0,0.0006799697875970001,1.9073486328125e-06,9.5367431640625e-07,0.50543711419753,0.5054378858024691,7.716049382716048e-07
2550160733470,255016073347,0,0,1715004957,1.0,"""[0.000761032104492",0.000834465026855,0.0008754730224600001,0.0009040832519530001,0.0009298324584960001,0.000952720642089,0.000978469848632,0.001008987426757,0.001049041748046,0.0011444091796870002," 0.005035400390625]""",0.005035400390625,0.0010051727294920001,2.685160875320434,0.008033457212150001,0.0,0.0005044937133780001,0.0017013549804680002,0.001697540283203,0.504050925925925,0.504166666666666,0.00011574074074
2550160733470,255016073347,0,0,1715004957,1.0,"""[0.0007228851318350001",0.0008392333984370001,0.0008754730224600001,0.00090217590332,0.000926971435546,0.000951766967773,0.000980377197265,0.001018524169921,0.001079559326171,0.0012130737304680002," 0.00823974609375]""",0.008224487304687,0.001077651977539,2.308173656463623,0.0069761257618660005,0.0,0.0005044937133780001,0.0017013549804680002,0.001697540283203,0.504166666666666,0.504282407407407,0.00011574074074
2550160733470,255016073347,0,0,1715004957,1.0,"""[0.001373291015625",0.001459121704101,0.0014953613281250002,0.001520156860351,0.001544952392578,0.0015697479248040001,0.001604080200195,0.0016460418701170001,0.0017070770263670001,0.001901626586914," 0.024139404296875003]""",0.02410888671875,0.001968383789062,1.8681665658950801,0.004675911273807,0.0,0.0005331039428710001,0.001735687255859,0.00168228149414,0.5069444444444441,0.507060185185185,0.00011574074074
2550160733470,255016073347,0,0,1715004957,1.0,"""[0",0.0,0.0,0.0,0.0,0.0,0.0,0.0,0.0,0.0,"0]""",0.0,0.0,0.0,0.0,0.0,0.0,9.5367431640625e-07,9.5367431640625e-07,0.5082168209876541,0.508217206790123,3.858024691358024e-07
2550160733470,255016073347,0,0,1715004957,1.0,"""[0",0.0,0.0,4.76837158203125e-06,1.3351440429687502e-05,2.1934509277343753e-05,3.0517578125e-05,4.00543212890625e-05,0.000258445739746,0.000258445739746," 0.000258445739746]""",0.000382423400878,0.000127792358398,3.002743005752563,0.010118894279003001,0.0,0.000706672668457,9.5367431640625e-07,9.5367431640625e-07,0.5066921296296291,0.5066932870370371,1.157407407407407e-06
2550160733470,255016073347,0,0,1715004957,1.0,"""[0.000517845153808",0.001100540161132,0.001201629638671,0.0013046264648430002,0.001399993896484,0.0015392303466790001,0.001789093017578,0.002185821533203,0.0033378601074210003,0.01397705078125," 0.05010986328125]""",0.05010986328125,0.004753112792968001,0.0,0.0,0.0,0.00048732757568300004,0.001827239990234,0.0015716552734370002,0.505441358024691,0.5055555555555551,0.00011419753086400001
2550160733470,255016073347,0,0,1715004957,1.0,"""[0.000440597534179",0.000440597534179,0.000440597534179,0.000440597534179,0.000440597534179,0.0007944107055660001,0.001148223876953,0.001148223876953,0.001148223876953,0.001148223876953," 0.001148223876953]""",0.001150131225585,0.001150131225585,0.0,0.0,0.0,4.959106445312501e-05,1.9073486328125e-06,1.9073486328125e-06,0.508217206790123,0.508217592592592,3.858024691358024e-07
2550160733470,255016073347,0,0,1715004957,1.0,"""[0.0012950897216790001",0.00143814086914,0.001514434814453,0.001596450805664,0.0016841888427730001,0.001750946044921,0.0018444061279290001,0.001998901367187,0.0024261474609370004,0.0038757324218750004," 0.04833984375]""",0.04833984375,0.003406524658203,1.8681666851043701,0.004675911739468,0.0,0.000523567199707,0.0018310546875,0.001636505126953,0.5067129629629631,0.506828703703703,0.00011574074074
2550160733470,255016073347,0,0,1715004957,1.0,"""[0.0010223388671870002",0.001100540161132,0.001136779785156,0.001161575317382,0.001186370849609,0.001211166381835,0.001239776611328,0.001277923583984,0.001373291015625,0.001613616943359," 0.009292602539062]""",0.00927734375,0.00142478942871,2.637892007827758,0.007443568669259001,0.0,0.0005102157592770001,0.0017337799072260002,0.001689910888671,0.508680555555555,0.5087962962962961,0.00011574074074
2550160733470,255016073347,0,0,1715004957,1.0,"""[0.000739097595214",0.000847816467285,0.000883102416992,0.0009069442749020001,0.0009307861328120001,0.0009536743164060001,0.0009765625,0.001001358032226,0.001045227050781,0.0011730194091790001," 0.007789611816406]""",0.007789611816406,0.001092910766601,2.512812137603759,0.007274041883647,0.0,0.0005044937133780001,0.001697540283203,0.0016937255859370002,0.502893518518518,0.503009259259259,0.00011574074074
2550160733470,255016073347,0,0,1715004957,1.0,"""[0.0007839202880850001",0.000861167907714,0.0008935928344720001,0.0009164810180660001,0.0009384155273430001,0.0009603500366210001,0.000986099243164,0.001014709472656,0.0010509490966790001,0.0011520385742180002," 0.004295349121093001]""",0.004295349121093001,0.00099754333496,2.512812137603759,0.007274041883647,0.0,0.0005044937133780001,0.00169563293457,0.0016918182373040001,0.503009259259259,0.5031249999999999,0.00011574074074
2550160733470,255016073347,0,0,1715004957,1.0,"""[0.000811576843261",0.0008821487426750001,0.0009164810180660001,0.000944137573242,0.0009698867797850001,0.0009918212890620002,0.001014709472656,0.0010433197021480001,0.00108528137207,0.00120735168457," 0.004379272460937]""",0.004364013671875,0.001047134399414,2.457939624786377,0.007233202923089,0.0,0.0005044937133780001,0.0017414093017570002,0.001697540283203,0.5031249999999999,0.50324074074074,0.00011574074074
2550160733470,255016073347,0,0,1715004957,1.0,"""[0.000732421875",0.0008068084716790001,0.0008401870727530001,0.0008687973022460001,0.0008993148803710001,0.000932693481445,0.0009698867797850001,0.001007080078125,0.001049041748046,0.001153945922851," 0.00299072265625]""",0.002994537353515,0.000974655151367,2.229099035263061,0.007062887772917001,0.0,0.0005044937133780001,0.0016937255859370002,0.001689910888671,0.503472222222222,0.503587962962962,0.00011574074074
2550160733470,255016073347,0,0,1715004957,1.0,"""[0.000689506530761",0.0007658004760740001,0.000804901123046,0.000842094421386,0.000884056091308,0.00092601776123,0.000957489013671,0.0009918212890620002,0.001049041748046,0.0011444091796870002," 0.004051208496093001]""",0.004051208496093001,0.000978469848632,2.239503860473632,0.007085030898451,0.0,0.0005044937133780001,0.001708984375,0.001689910888671,0.503587962962962,0.503703703703703,0.00011574074074
2550160733470,255016073347,0,0,1715004957,1.0,"""[0.0008754730224600001",0.0009822845458980001,0.00102424621582,0.0010604858398430002,0.0010910034179680002,0.0011272430419920001,0.0011653900146480001,0.001211166381835,0.001300811767578,0.0014972686767570002," 0.021270751953125]""",0.021270751953125,0.0015583038330070002,3.686649084091186,0.012042507529258001,0.0,0.000520706176757,0.0017070770263670001,0.00168228149414,0.505671296296296,0.5057870370370371,0.00011574074074
2550160733470,255016073347,0,0,1715004957,1.0,"""[0.0007705688476560001",0.000847816467285,0.000883102416992,0.0009069442749020001,0.0009317398071280001,0.0009613037109370001,0.0009918212890620002,0.0010223388671870002,0.0010528564453120002,0.001117706298828," 0.003662109375]""",0.003662109375,0.000993728637695,2.685160875320434,0.008033457212150001,0.0,0.0005044937133780001,0.0017375946044920001,0.001697540283203,0.503819444444444,0.503935185185185,0.00011574074074
2550160733470,255016073347,0,0,1715004957,1.0,"""[0.0011520385742180002",0.0011959075927730001,0.001220703125,0.0012435913085930002,0.0012645721435540001,0.0012874603271480001,0.0013103485107420001,0.001333236694335,0.001359939575195,0.0014877319335930002," 0.004165649414062]""",0.004173278808593001,0.001344680786132,1.7770273685455322,0.0045838914811610005,0.0,0.0005331039428710001,0.001705169677734,0.0016918182373040001,0.507754629629629,0.5078703703703701,0.00011574074074
2550160733470,255016073347,0,0,1715004957,1.0,"""[0",0.0,0.0,0.0,0.0,0.0,0.0,0.0,0.0,0.0," 0]""",0.00049877166748,0.000124931335449,1.84426724910736,0.0045918044634160006,0.0,0.0007028579711910001,9.5367431640625e-07,9.5367431640625e-07,0.5082091049382711,0.5082106481481481,1.5432098765432092e-06
2550160733470,255016073347,0,0,1715004957,1.0,"""[0.00101089477539",0.001110076904296,0.001148223876953,0.00119400024414,0.001232147216796,0.001262664794921,0.0012950897216790001,0.0013275146484370002,0.00139045715332,0.001567840576171," 0.004203796386718001]""",0.00421142578125,0.001321792602539,2.466853618621826,0.006974970921874,0.0,0.0005035400390620001,0.001665115356445,0.0016613006591790001,0.5001157407407401,0.500231481481481,0.00011574074074
2550160733470,255016073347,0,0,1715004957,1.0,"""[0.000773429870605",0.0008583068847650001,0.0008935928344720001,0.0009193420410150001,0.000944137573242,0.0009689331054680001,0.0009899139404290001,0.00101089477539,0.0010509490966790001,0.0011520385742180002," 0.003589630126953]""",0.003589630126953,0.0010051727294920001,2.432175874710083,0.007113037165254001,0.0,0.0005044937133780001,0.0017414093017570002,0.0016937255859370002,0.502083333333333,0.502199074074074,0.00011574074074
2550160733470,255016073347,0,0,1715004957,1.0,"""[0.000791549682617",0.001171112060546,0.001251220703125,0.001337051391601,0.0014324188232420001,0.0015316009521480001,0.00169563293457,0.002159118652343,0.003543853759765,0.014266967773437," 0.05224609375]""",0.05267333984375,0.004661560058593001,0.0,0.0,0.0,0.00048065185546800006,0.001819610595703,0.0015487670898430002,0.508217592592592,0.5083333333333331,0.00011574074074
2550160733470,255016073347,0,0,1715004957,1.0,"""[0.000646591186523",0.0007104873657220001,0.000741958618164,0.0007705688476560001,0.0007972717285150001,0.0008153915405270001,0.000834465026855,0.0008687973022460001,0.0009126663208000001,0.0010299682617180002," 0.003578186035156]""",0.003578186035156,0.00086498260498,3.002743005752563,0.010118894279003001,0.0,0.000520706176757,0.0017032623291010002,0.0017013549804680002,0.5064814814814811,0.506597222222222,0.00011574074074
2550160733470,255016073347,0,0,1715004957,1.0,"""[0.0007333755493160001",0.000818252563476,0.0008544921875,0.0008869171142570001,0.0009164810180660001,0.0009431838989250001,0.0009689331054680001,0.001003265380859,0.001049041748046,0.001211166381835," 0.007186889648437]""",0.007179260253906,0.0010738372802730001,2.505055665969848,0.007396973669528,0.0,0.0005035400390620001,0.0016841888427730001,0.0016784667968750002,0.500810185185185,0.500925925925925,0.00011574074074
2550160733470,255016073347,0,0,1715004957,1.0,"""[0.0010128021240230001",0.001079559326171,0.001110076904296,0.00113296508789,0.001155853271484,0.0011749267578120002,0.001201629638671,0.0012359619140620002,0.001283645629882,0.0013790130615230001," 0.003711700439453]""",0.003711700439453,0.001230239868164,2.80260419845581,0.008010053075850001,0.0,0.0005102157592770001,0.001689910888671,0.0016860961914060002,0.5087962962962961,0.508912037037037,0.00011574074074
