UniqJobId,collection_id,instance_index,priority,machine_id,sample_rate,cpu_usage_distribution1,cpu_usage_distribution2,cpu_usage_distribution3,cpu_usage_distribution4,cpu_usage_distribution5,cpu_usage_distribution6,cpu_usage_distribution7,cpu_usage_distribution8,cpu_usage_distribution9,cpu_usage_distribution10,cpu_usage_distribution11,max_cpu,avg_cpu,cycles_per_instruction,memory_accesses_per_instruction,assigned_memory,page_cache_memory,max_memory,avg_memory,start_time,end_time,time_window
2598372648600,259837264860,0,0,4451164031,1.0,"""[0",0.0,0.0,0.0,0.0,1.1444091796875002e-05,2.1934509277343753e-05,2.1934509277343753e-05,2.1934509277343753e-05,2.1934509277343753e-05," 2.1934509277343753e-05]""",0.0,0.0,0.0,0.0,0.005210876464843001,0.0,9.5367431640625e-07,9.5367431640625e-07,0.502818672839506,0.5028190586419751,3.858024691358024e-07
2598372648600,259837264860,0,0,1945132499,1.0,"""[0",0.0,0.0,0.0,0.0,0.0,0.0,0.0,0.0,0.0," 0]""",0.0,0.0,0.0,0.0,0.005210876464843001,0.0,9.5367431640625e-07,9.5367431640625e-07,0.503139274691358,0.5031396604938271,3.858024691358024e-07
2598372648600,259837264860,0,0,21387320,1.0,"""[0",0.0,0.0,0.0,0.0,0.0,0.0,0.0,0.0,0.0,"0]""",0.0,0.0,0.0,0.0,0.005210876464843001,0.0005769729614250001,0.000584602355957,0.000584602355957,0.505629629629629,0.5056300154320981,3.858024691358024e-07
2598372648600,259837264860,0,0,572892934,1.0,"""[1.0490417480468752e-05",1.0490417480468752e-05,1.0490417480468752e-05,1.0490417480468752e-05,1.0490417480468752e-05,1.0490417480468752e-05,1.0490417480468752e-05,1.0490417480468752e-05,1.0490417480468752e-05,1.0490417480468752e-05," 1.0490417480468752e-05]""",0.0,0.0,0.0,0.0,0.005210876464843001,0.0,9.5367431640625e-07,9.5367431640625e-07,0.509470293209876,0.509470679012345,3.858024691358024e-07
2598372648600,259837264860,0,0,4451164031,1.0,"""[0",0.0,0.0,0.0,0.0,0.0,0.0,0.0,0.0,0.0,"0]""",0.0,0.0,0.0,0.0,0.005210876464843001,0.0,9.5367431640625e-07,9.5367431640625e-07,0.5028051697530861,0.5028055555555551,3.858024691358024e-07
2598372648600,259837264860,0,0,1638790759,1.0,"""[0",0.0,0.0,0.0,0.0,0.0,0.0,0.0,0.0,0.0," 0]""",0.0,0.0,0.0,0.0,0.005210876464843001,0.0,9.5367431640625e-07,9.5367431640625e-07,0.506996913580246,0.5069972993827161,3.858024691358024e-07
2598372648600,259837264860,0,0,383868866699,1.0,"""[5.817413330078126e-05",0.000431060791015,0.001171112060546,0.0028800964355460003,0.006095886230468001,0.007392883300781,0.007904052734375,0.008407592773437,0.010330200195312,0.012374877929687," 0.030242919921875003]""",0.030242919921875003,0.007087707519531,0.0,0.0,0.005210876464843001,0.000432968139648,0.002799987792968,0.001352310180664,0.5077916666666661,0.507805941358024,1.4274691358024692e-05
2598372648600,259837264860,0,0,1713141410,1.0,"""[0",0.0,0.0,0.0,0.0,0.0,0.0,0.0,0.0,0.0," 0]""",0.0,0.0,0.0,0.0,0.005210876464843001,0.0,9.5367431640625e-07,9.5367431640625e-07,0.501834876543209,0.501835262345679,3.858024691358024e-07
2598372648600,259837264860,0,0,4451164031,1.0,"""[0",0.0,0.0,8.58306884765625e-06,2.6702880859375003e-05,0.000109672546386,0.00019359588623000002,0.00021171569824200001,0.0018386840820310002,0.0018386840820310002," 0.0018386840820310002]""",0.008056640625,0.002532958984375,0.0,0.0,0.005210876464843001,9.5367431640625e-07,0.000320434570312,0.000106811523437,0.502820216049382,0.5028217592592591,1.5432098765432092e-06
2598372648600,259837264860,0,0,21205046,1.0,"""[2.3841857910156253e-05",0.00016307830810500002,0.0008096694946280001,0.00229263305664,0.004913330078125,0.007156372070312,0.0079345703125,0.008255004882812,0.009124755859375,0.012298583984375002," 0.024200439453125003]""",0.03436279296875,0.006301879882812,0.0,0.0,0.005210876464843001,0.000431060791015,0.002784729003906,0.001253128051757,0.506260030864197,0.5062743055555551,1.4274691358024692e-05
2598372648600,259837264860,0,0,1945132499,1.0,"""[9.5367431640625e-07",9.5367431640625e-07,9.5367431640625e-07,9.5367431640625e-07,9.5367431640625e-07,9.5367431640625e-07,9.5367431640625e-07,9.5367431640625e-07,9.5367431640625e-07,9.5367431640625e-07," 9.5367431640625e-07]""",0.0,0.0,0.0,0.0,0.005210876464843001,0.000388145446777,0.000399589538574,0.000399589538574,0.503139274691358,0.5031396604938271,3.858024691358024e-07
2598372648600,259837264860,0,0,198556190123,1.0,"""[0",0.0,0.0,7.62939453125e-06,1.4305114746093752e-05,2.1934509277343753e-05,2.9563903808593753e-05,3.62396240234375e-05,9.822845458984376e-05,0.000153541564941," 0.000153541564941]""",0.000222206115722,6.389617919921875e-05,0.0,0.0,0.005210876464843001,0.000575065612792,0.0005826950073240001,0.000581741333007,0.500667052469135,0.5006689814814811,1.929012345679012e-06
2598372648600,259837264860,0,0,4451164031,1.0,"""[0",0.0,0.0,0.0,0.0,9.5367431640625e-07,9.5367431640625e-07,9.5367431640625e-07,9.5367431640625e-07,9.5367431640625e-07," 9.5367431640625e-07]""",0.0,0.0,0.0,0.0,0.005210876464843001,9.5367431640625e-07,6.67572021484375e-06,6.67572021484375e-06,0.5028217592592591,0.502822916666666,1.157407407407407e-06
2598372648600,259837264860,0,0,2059626229,1.0,"""[1.0490417480468752e-05",1.0490417480468752e-05,1.0490417480468752e-05,1.0490417480468752e-05,1.0490417480468752e-05,1.0490417480468752e-05,1.0490417480468752e-05,1.0490417480468752e-05,1.0490417480468752e-05,1.0490417480468752e-05," 1.0490417480468752e-05]""",0.0,0.0,0.0,0.0,0.005210876464843001,0.0,9.5367431640625e-07,9.5367431640625e-07,0.502407793209876,0.502408179012345,3.858024691358024e-07
2598372648600,259837264860,0,0,1713141410,1.0,"""[0",0.00023078918457,0.0009469985961910001,0.0037651062011710003,0.0064697265625,0.007591247558593001,0.007965087890625,0.008544921875,0.0096435546875,0.011688232421875002," 0.026275634765625003]""",0.0262451171875,0.007110595703125001,0.0,0.0,0.005210876464843001,0.000430107116699,0.0027923583984370004,0.0013561248779290001,0.501820987654321,0.5018341049382711,1.3117283950617281e-05
2598372648600,259837264860,0,0,1713141410,1.0,"""[0",0.0,0.0,0.0,0.0,0.0,0.0,0.0,0.0,0.0," 0]""",0.0,0.0,0.0,0.0,0.005210876464843001,0.0,0.0,0.0,0.501835262345679,0.5018356481481481,3.858024691358024e-07
2598372648600,259837264860,0,0,21205046,1.0,"""[1.9073486328125e-05",1.9073486328125e-05,1.9073486328125e-05,1.9073486328125e-05,1.9073486328125e-05,1.9073486328125e-05,1.9073486328125e-05,1.9073486328125e-05,1.9073486328125e-05,1.9073486328125e-05," 1.9073486328125e-05]""",0.0,0.0,0.0,0.0,0.005210876464843001,0.0,9.5367431640625e-07,9.5367431640625e-07,0.506259645061728,0.506260030864197,3.858024691358024e-07
2598372648600,259837264860,0,0,198556190123,1.0,"""[0",0.0,0.0,0.0,0.0,0.0,0.0,0.0,0.0,0.0," 0]""",0.0,0.0,0.0,0.0,0.005210876464843001,0.0,9.5367431640625e-07,9.5367431640625e-07,0.5006674382716051,0.5006689814814811,1.5432098765432092e-06
2598372648600,259837264860,0,0,1945132499,1.0,"""[7.62939453125e-05",0.000250816345214,0.0013561248779290001,0.0033111572265620004,0.004631042480468001,0.005767822265625001,0.008010864257812,0.008377075195312,0.010467529296875,0.013504028320312," 0.02398681640625]""",0.024139404296875003,0.006790161132812,0.0,0.0,0.005210876464843001,0.00030231475830000003,0.002613067626953,0.001369476318359,0.5031249999999999,0.5031381172839501,1.3117283950617281e-05
2598372648600,259837264860,0,0,1945132499,1.0,"""[0",0.000329971313476,0.0007486343383780001,0.0008144378662100001,0.000880241394042,0.0010128021240230001,0.0015182495117180002,0.002201080322265,0.002532958984375,0.0031089782714840003," 0.00357437133789]""",0.001972198486328,0.0008983612060540001,0.0,0.0,0.005210876464843001,4.100799560546875e-05,0.00022888183593700002,9.918212890625001e-05,0.5031215277777771,0.5031249999999999,3.4722222222222215e-06
2598372648600,259837264860,0,0,383868866699,1.0,"""[0.00653076171875",0.00653076171875,0.00653076171875,0.006629943847656,0.006683349609375001,0.007133483886718001,0.007583618164062,0.007637023925781,0.009323120117187,0.009323120117187," 0.009323120117187]""",0.009307861328125,0.007659912109375001,0.0,0.0,0.005210876464843001,5.7220458984375e-06,0.000274658203125,0.00016403198242100002,0.507807484567901,0.5078086419753081,1.157407407407407e-06
2598372648600,259837264860,0,0,198556190123,1.0,"""[0",0.00017166137695300002,0.0007839202880850001,0.001953125,0.004806518554687,0.007194519042968001,0.007980346679687,0.008956909179687,0.012496948242187,0.014694213867187," 0.019317626953125]""",0.019317626953125,0.006675720214843001,0.0,0.0,0.005210876464843001,0.000431060791015,0.002784729003906,0.0013046264648430002,0.50065586419753,0.500667052469135,1.118827160493827e-05
2598372648600,259837264860,0,0,21387320,1.0,"""[0.004447937011718001",0.004447937011718001,0.004447937011718001,0.004447937011718001,0.0078125,0.007858276367187,0.007904052734375,0.007980346679687,0.007980346679687,0.007980346679687," 0.007980346679687]""",0.007965087890625,0.004142761230468001,0.0,0.0,0.005210876464843001,1.9073486328125e-06,0.00021266937255800001,0.000112533569335,0.505628858024691,0.5056300154320981,1.157407407407407e-06
2598372648600,259837264860,0,0,21387320,1.0,"""[0",0.0,0.0,0.0,0.0,0.0,0.0,0.0,0.0,0.0," 0]""",0.00021839141845700002,3.62396240234375e-05,0.0,0.0,0.005210876464843001,0.0005769729614250001,0.000586509704589,0.000585556030273,0.505627314814814,0.505629629629629,2.314814814814814e-06
2598372648600,259837264860,0,0,2059626229,1.0,"""[0",0.0,0.0,0.0,0.0,0.0,0.0,0.0,0.0,0.0," 0]""",0.0,0.0,0.0,0.0,0.005210876464843001,0.0,9.5367431640625e-07,9.5367431640625e-07,0.5024224537037031,0.5024228395061721,3.858024691358024e-07
2598372648600,259837264860,0,0,21205046,1.0,"""[0",0.0,0.0,0.0,0.0,0.0,0.0,0.0,0.0,0.0," 0]""",0.0,0.0,0.0,0.0,0.005210876464843001,0.0,9.5367431640625e-07,9.5367431640625e-07,0.506274691358024,0.506275077160493,3.858024691358024e-07
2598372648600,259837264860,0,0,1945132499,1.0,"""[0",0.0,0.0,0.0,0.0,0.0,0.0,0.0,0.0,0.0," 0]""",0.0,0.0,0.0,0.0,0.005210876464843001,0.0,9.5367431640625e-07,9.5367431640625e-07,0.503121141975308,0.5031215277777771,3.858024691358024e-07
2598372648600,259837264860,0,0,1945132499,1.0,"""[0",0.0,0.0,0.0,0.0,0.0,0.0,0.0,0.0,0.0," 0]""",0.00041389465332000003,0.00013828277587800002,0.0,0.0,0.005210876464843001,0.000388145446777,0.00040054321289,0.000399589538574,0.5031381172839501,0.503139274691358,1.157407407407407e-06
2598372648600,259837264860,0,0,21387320,1.0,"""[0",0.0,0.0,8.58306884765625e-06,2.6702880859375003e-05,8.773803710937501e-05,0.000149726867675,0.00016689300537100002,0.001056671142578,0.001056671142578," 0.001056671142578]""",0.004707336425781,0.0018253326416010002,0.0,0.0,0.005210876464843001,7.152557373046875e-05,0.000627517700195,0.000288009643554,0.5056315586419751,0.5056327160493821,1.157407407407407e-06
2598372648600,259837264860,0,0,572892934,1.0,"""[0",0.0,0.0,0.0,0.0,0.0,0.0,0.0,0.0,0.0,"0]""",0.0,0.0,0.0,0.0,0.005210876464843001,0.0,9.5367431640625e-07,9.5367431640625e-07,0.5094830246913581,0.5094834104938271,3.858024691358024e-07
2598372648600,259837264860,0,0,383868866699,1.0,"""[0",0.0,0.0,0.0,0.0,0.0,0.0,0.0,0.0,0.0," 0]""",0.0,0.0,0.0,0.0,0.005210876464843001,0.0,9.5367431640625e-07,9.5367431640625e-07,0.5078070987654321,0.507807484567901,3.858024691358024e-07
2598372648600,259837264860,0,0,198556190123,1.0,"""[6.67572021484375e-06",6.67572021484375e-06,6.67572021484375e-06,6.67572021484375e-06,6.67572021484375e-06,6.67572021484375e-06,6.67572021484375e-06,6.67572021484375e-06,6.67572021484375e-06,6.67572021484375e-06," 6.67572021484375e-06]""",0.0,0.0,0.0,0.0,0.005210876464843001,0.0,9.5367431640625e-07,9.5367431640625e-07,0.5006554783950611,0.50065586419753,3.858024691358024e-07
2598372648600,259837264860,0,0,4451164031,1.0,"""[0.0023307800292960003",0.0023307800292960003,0.0023307800292960003,0.0023307800292960003,0.007949829101562,0.00799560546875,0.008026123046875,0.008132934570312,0.008132934570312,0.008132934570312," 0.008132934570312]""",0.008132934570312,0.0034904479980460003,0.0,0.0,0.005210876464843001,9.5367431640625e-07,0.00019836425781200002,7.05718994140625e-05,0.5028190586419751,0.502820216049382,1.157407407407407e-06
2598372648600,259837264860,0,0,1945132499,1.0,"""[9.5367431640625e-06",0.000123023986816,0.000730514526367,0.0010299682617180002,0.002738952636718,0.005569458007812,0.007301330566406,0.008270263671875,0.00927734375,0.014984130859375002," 0.02392578125]""",0.023834228515625003,0.006217956542968001,0.0,0.0,0.005210876464843001,0.000403404235839,0.0028495788574210003,0.0011959075927730001,0.5030910493827161,0.503105324074074,1.4274691358024692e-05
2598372648600,259837264860,0,0,1713141410,1.0,"""[0",0.0,0.0,0.0,0.0,0.0,0.0,0.0,0.0,0.0," 0]""",0.00022411346435500002,7.43865966796875e-05,0.0,0.0,0.005210876464843001,0.0005760192871090001,0.000585556030273,0.000585556030273,0.5018341049382711,0.501835262345679,1.157407407407407e-06
2598372648600,259837264860,0,0,1638790759,1.0,"""[0",0.0,0.0,0.0,0.0,0.0,0.0,0.0,0.0,0.0,"0]""",0.0,0.0,0.0,0.0,0.005210876464843001,0.0,9.5367431640625e-07,9.5367431640625e-07,0.506983410493827,0.5069837962962961,3.858024691358024e-07
2598372648600,259837264860,0,0,1945132499,1.0,"""[0",0.0,0.0,0.0,0.0,0.0,0.0,0.0,0.0,0.0," 0]""",0.00029563903808500004,9.822845458984376e-05,0.0,0.0,0.005210876464843001,0.0005941390991210001,0.0006065368652340001,0.0006065368652340001,0.503105324074074,0.5031064814814811,1.157407407407407e-06
2598372648600,259837264860,0,0,2059626229,1.0,"""[9.918212890625001e-05",0.000250816345214,0.0010299682617180002,0.0025138854980460003,0.005706787109375001,0.007064819335937,0.007949829101562,0.008514404296875,0.010406494140625,0.0120849609375," 0.02166748046875]""",0.02166748046875,0.006706237792968001,0.0,0.0,0.005210876464843001,0.000420570373535,0.002769470214843,0.00131607055664,0.502408179012345,0.502422067901234,1.3888888888888891e-05
2598372648600,259837264860,0,0,21387320,1.0,"""[0",0.0,0.0,0.0,0.0,9.5367431640625e-07,9.5367431640625e-07,9.5367431640625e-07,9.5367431640625e-07,9.5367431640625e-07," 9.5367431640625e-07]""",0.0,0.0,0.0,0.0,0.005210876464843001,7.152557373046875e-05,7.724761962890625e-05,7.62939453125e-05,0.5056327160493821,0.505635030864197,2.314814814814814e-06
2598372648600,259837264860,0,0,4451164031,1.0,"""[3.814697265625e-06",3.814697265625e-06,3.814697265625e-06,3.814697265625e-06,3.814697265625e-06,3.814697265625e-06,3.814697265625e-06,3.814697265625e-06,3.814697265625e-06,3.814697265625e-06," 3.814697265625e-06]""",0.0,0.0,0.0,0.0,0.005210876464843001,0.000575065612792,0.000586509704589,0.000586509704589,0.5028190586419751,0.502819444444444,3.858024691358024e-07
2598372648600,259837264860,0,0,2059626229,1.0,"""[0",0.0,0.0,0.0,0.0,0.0,0.0,0.0,0.0,0.0," 0]""",0.0,0.0,0.0,0.0,0.005210876464843001,0.000574111938476,0.0005826950073240001,0.0005826950073240001,0.502423225308642,0.502423611111111,3.858024691358024e-07
2598372648600,259837264860,0,0,2059626229,1.0,"""[0.0014190673828120002",0.0014190673828120002,0.0014190673828120002,0.0014190673828120002,0.007553100585937,0.007591247558593001,0.007637023925781,0.007919311523437,0.007919311523437,0.007919311523437," 0.007919311523437]""",0.009185791015625,0.004592895507812,0.0,0.0,0.005210876464843001,0.0,4.100799560546875e-05,2.0980834960937503e-05,0.502423225308642,0.5024239969135801,7.716049382716048e-07
2598372648600,259837264860,0,0,1945132499,1.0,"""[1.1444091796875002e-05",1.1444091796875002e-05,1.1444091796875002e-05,1.1444091796875002e-05,1.1444091796875002e-05,1.1444091796875002e-05,1.1444091796875002e-05,1.1444091796875002e-05,1.1444091796875002e-05,1.1444091796875002e-05," 1.1444091796875002e-05]""",0.0,0.0,0.0,0.0,0.005210876464843001,0.000432014465332,0.000441551208496,0.000441551208496,0.503122299382716,0.503122685185185,3.858024691358024e-07
2598372648600,259837264860,0,0,383868866699,1.0,"""[0",0.0,0.0,0.0,0.0,0.0,0.0,0.0,0.0,0.0,"0]""",0.0,0.0,0.0,0.0,0.005210876464843001,0.0,9.5367431640625e-07,9.5367431640625e-07,0.5078067129629631,0.5078070987654321,3.858024691358024e-07
2598372648600,259837264860,0,0,572892934,1.0,"""[0",0.0,0.0,0.0,0.0,0.0,0.0,0.0,0.0,0.0," 0]""",0.000205993652343,0.00010299682617100001,0.0,0.0,0.005210876464843001,0.000575065612792,0.000586509704589,0.000586509704589,0.509482638888888,0.5094834104938271,7.716049382716048e-07
2598372648600,259837264860,0,0,21205046,1.0,"""[0",0.0,0.0,0.0,0.0,0.0,0.0,0.0,0.0,0.0," 0]""",0.000175476074218,8.773803710937501e-05,0.0,0.0,0.005210876464843001,0.000578880310058,0.0005884170532220001,0.0005884170532220001,0.5062743055555551,0.506275077160493,7.716049382716048e-07
2598372648600,259837264860,0,0,21387320,1.0,"""[0",0.0,0.0,0.0,0.0,0.0,0.0,0.0,0.0,0.0," 0]""",0.0,0.0,0.0,0.0,0.005210876464843001,0.0,9.5367431640625e-07,9.5367431640625e-07,0.5056284722222221,0.505628858024691,3.858024691358024e-07
2598372648600,259837264860,0,0,2059626229,1.0,"""[0",0.0,0.0,0.0,0.0,0.0,0.0,0.0,0.0,0.0,"0]""",0.0,0.0,0.0,0.0,0.005210876464843001,0.0,9.5367431640625e-07,9.5367431640625e-07,0.5024228395061721,0.502423225308642,3.858024691358024e-07
2598372648600,259837264860,0,0,2059626229,1.0,"""[0",0.0,0.0,0.0,0.0,0.0,0.0,0.0,0.0,0.0," 0]""",0.000299453735351,0.00010013580322200001,0.0,0.0,0.005210876464843001,0.000574111938476,0.0005826950073240001,0.0005826950073240001,0.502422067901234,0.502423225308642,1.157407407407407e-06
