UniqJobId,collection_id,instance_index,priority,machine_id,sample_rate,cpu_usage_distribution1,cpu_usage_distribution2,cpu_usage_distribution3,cpu_usage_distribution4,cpu_usage_distribution5,cpu_usage_distribution6,cpu_usage_distribution7,cpu_usage_distribution8,cpu_usage_distribution9,cpu_usage_distribution10,cpu_usage_distribution11,max_cpu,avg_cpu,cycles_per_instruction,memory_accesses_per_instruction,assigned_memory,page_cache_memory,max_memory,avg_memory,start_time,end_time,time_window
2598372608820,259837260882,0,0,21834880,1.0,"""[0",0.0,0.0,1.9073486328125e-06,4.76837158203125e-06,8.58306884765625e-06,1.1444091796875002e-05,1.52587890625e-05,1.621246337890625e-05,1.621246337890625e-05," 1.621246337890625e-05]""",0.0,0.0,0.0,0.0,0.018218994140625,0.0,9.5367431640625e-07,9.5367431640625e-07,0.5092820216049381,0.509283179012345,1.157407407407407e-06
2598372608820,259837260882,0,0,376502880245,1.0,"""[0.00036334991455000003",0.000585556030273,0.0006866455078120001,0.000834465026855,0.005210876464843001,0.006034851074218001,0.007369995117187,0.008865356445312,0.009979248046875,0.013275146484375002," 0.018768310546875]""",0.018798828125,0.0057373046875,0.0,0.0,0.018218994140625,0.00037765502929600005,0.002105712890625,0.000957489013671,0.501148148148148,0.501157407407407,9.259259259259259e-06
2598372608820,259837260882,0,0,21400972,1.0,"""[0.001153945922851",0.001153945922851,0.001153945922851,0.0079345703125,0.007965087890625,0.00799560546875,0.008010864257812,0.008041381835937,0.008270263671875,0.008270263671875," 0.008270263671875]""",0.008270263671875,0.004356384277343001,0.0,0.0,0.018218994140625,0.0,0.00034332275390600004,0.00016403198242100002,0.505597608024691,0.505599151234567,1.5432098765432092e-06
2598372608820,259837260882,0,0,376502880245,1.0,"""[0",0.0,0.0,0.0,0.0,9.5367431640625e-07,9.5367431640625e-07,9.5367431640625e-07,9.5367431640625e-07,9.5367431640625e-07," 9.5367431640625e-07]""",0.0,0.0,0.0,0.0,0.018218994140625,0.0,6.67572021484375e-06,5.7220458984375e-06,0.5011682098765431,0.501170524691358,2.314814814814814e-06
2598372608820,259837260882,0,0,21305997,1.0,"""[2.8610229492187503e-05",0.00015830993652300002,0.0008449554443350001,0.001008987426757,0.0028800964355460003,0.006446838378906,0.007247924804687,0.00848388671875,0.009689331054687,0.011947631835937," 0.020721435546875]""",0.020721435546875,0.005966186523437,0.0,0.0,0.018218994140625,0.000562667846679,0.004997253417968001,0.0018672943115230001,0.5055104166666661,0.505524305555555,1.3888888888888891e-05
2598372608820,259837260882,0,0,21834880,1.0,"""[0",0.0,0.0,0.0,0.0,8.20159912109375e-05,0.00016403198242100002,0.00016403198242100002,0.00016403198242100002,0.00016403198242100002," 0.00016403198242100002]""",0.000196456909179,9.822845458984376e-05,0.0,0.0,0.018218994140625,0.00080394744873,0.0008163452148430001,0.0008163452148430001,0.50929899691358,0.509299768518518,7.716049382716048e-07
2598372608820,259837260882,0,0,102893244766,1.0,"""[2.5749206542968753e-05",2.5749206542968753e-05,2.5749206542968753e-05,2.5749206542968753e-05,0.00018501281738200003,0.00019836425781200002,0.00021171569824200001,0.003868103027343,0.003868103027343,0.003868103027343," 0.003868103027343]""",0.008773803710937,0.004226684570312,0.0,0.0,0.018218994140625,0.0,0.000403404235839,0.00022411346435500002,0.501650077160493,0.5016512345679011,1.157407407407407e-06
2598372608820,259837260882,0,0,375996839919,1.0,"""[0",0.0,0.0,0.0,0.0,9.5367431640625e-07,9.5367431640625e-07,9.5367431640625e-07,9.5367431640625e-07,9.5367431640625e-07," 9.5367431640625e-07]""",0.005195617675781,0.00046539306640600004,0.0,0.0,0.018218994140625,3.0517578125e-05,4.100799560546875e-05,4.00543212890625e-05,0.507574845679012,0.5075783179012341,3.4722222222222215e-06
2598372608820,259837260882,0,0,376468007252,1.0,"""[0",0.0,0.0,0.0,0.0,0.0,0.0,0.0,0.0,0.0,"0]""",0.0,0.0,0.0,0.0,0.018218994140625,0.0,1.9073486328125e-06,1.9073486328125e-06,0.5061716820987651,0.506172067901234,3.858024691358024e-07
2598372608820,259837260882,0,0,74465943584,1.0,"""[1.811981201171875e-05",1.811981201171875e-05,1.811981201171875e-05,1.811981201171875e-05,1.811981201171875e-05,1.811981201171875e-05,1.811981201171875e-05,1.811981201171875e-05,1.811981201171875e-05,1.811981201171875e-05," 1.811981201171875e-05]""",0.0,0.0,0.0,0.0,0.018218994140625,0.0,9.5367431640625e-07,9.5367431640625e-07,0.500537037037037,0.5005374228395061,3.858024691358024e-07
2598372608820,259837260882,0,0,297682712116,1.0,"""[0",0.0,0.0,0.0,0.0,0.0,0.0,0.0,0.0,0.0," 0]""",0.00030422210693300004,7.152557373046875e-05,0.0,0.0,0.018218994140625,0.00080394744873,0.000818252563476,0.000818252563476,0.503351851851851,0.503353395061728,1.5432098765432092e-06
2598372608820,259837260882,0,0,102892982854,1.0,"""[2.3841857910156253e-05",2.3841857910156253e-05,2.3841857910156253e-05,0.00027275085449200004,0.000290870666503,0.003192901611328,0.006111145019531,0.006149291992187,0.008743286132812,0.008743286132812," 0.008743286132812]""",0.009323120117187,0.005142211914062,0.0,0.0,0.018218994140625,0.0,0.000205993652343,8.583068847656251e-05,0.503497685185185,0.503498842592592,1.157407407407407e-06
2598372608820,259837260882,0,0,22761125,1.0,"""[0",0.0,0.0,0.0,0.0,0.0,0.0,0.0,0.0,0.0," 0]""",0.0,0.0,0.0,0.0,0.018218994140625,0.0,9.5367431640625e-07,9.5367431640625e-07,0.5053105709876541,0.5053109567901231,3.858024691358024e-07
2598372608820,259837260882,0,0,376470594389,1.0,"""[0",0.0,0.0,0.0,0.00958251953125,0.0096435546875,0.009689331054687,0.014190673828125002,0.014190673828125002,0.014190673828125002," 0.014190673828125002]""",0.02386474609375,0.010299682617187,0.0,0.0,0.018218994140625,9.5367431640625e-06,0.0009593963623040001,0.0006484985351560001,0.5046300154320981,0.5046311728395061,1.157407407407407e-06
2598372608820,259837260882,0,0,376470594389,1.0,"""[0",0.0,0.0,0.0,0.0,8.58306884765625e-06,1.811981201171875e-05,1.811981201171875e-05,1.811981201171875e-05,1.811981201171875e-05," 1.811981201171875e-05]""",0.0,0.0,0.0,0.0,0.018218994140625,0.0,9.5367431640625e-07,9.5367431640625e-07,0.504627700617283,0.504628086419753,3.858024691358024e-07
2598372608820,259837260882,0,0,376468007252,1.0,"""[0.0081787109375",0.0081787109375,0.0081787109375,0.0081787109375,0.020538330078125,0.020660400390625,0.020782470703125,0.0223388671875,0.0223388671875,0.0223388671875," 0.0223388671875]""",0.02203369140625,0.012908935546875002,0.0,0.0,0.018218994140625,1.9073486328125e-06,0.0017395019531250002,0.0012588500976560002,0.50617399691358,0.506175540123456,1.5432098765432092e-06
2598372608820,259837260882,0,0,102892982854,1.0,"""[0",0.0,0.0,0.0,0.0,0.0,0.0,0.0,0.0,0.0,"0]""",0.0,0.0,0.0,0.0,0.0,0.0,9.5367431640625e-07,9.5367431640625e-07,0.5034783950617281,0.5034787808641971,3.858024691358024e-07
2598372608820,259837260882,0,0,22761125,1.0,"""[0",0.0,0.0,0.0,0.0,0.0,0.0,0.0,0.0,0.0," 0]""",0.0,0.0,0.0,0.0,0.018218994140625,0.0,9.5367431640625e-07,9.5367431640625e-07,0.505311342592592,0.505311728395061,3.858024691358024e-07
2598372608820,259837260882,0,0,375996839919,1.0,"""[2.6702880859375003e-05",2.6702880859375003e-05,2.6702880859375003e-05,2.6702880859375003e-05,2.6702880859375003e-05,2.6702880859375003e-05,2.6702880859375003e-05,2.6702880859375003e-05,2.6702880859375003e-05,2.6702880859375003e-05," 2.6702880859375003e-05]""",0.0,0.0,0.0,0.0,0.018218994140625,0.0,9.5367431640625e-07,9.5367431640625e-07,0.507552083333333,0.507552469135802,3.858024691358024e-07
2598372608820,259837260882,0,0,21400972,1.0,"""[0",0.0,0.0,0.006446838378906,0.006477355957031,0.006561279296875001,0.006660461425781,0.006706237792968001,0.007469177246093001,0.007469177246093001," 0.007469177246093001]""",0.01416015625,0.0067138671875,0.0,0.0,0.018218994140625,4.577636718750001e-05,0.0011882781982420001,0.0008926391601560001,0.505601466049382,0.505603009259259,1.5432098765432092e-06
2598372608820,259837260882,0,0,375996839919,1.0,"""[0",0.0,0.0,0.0,0.0078125,0.007858276367187,0.007904052734375,0.008804321289062,0.008804321289062,0.008804321289062," 0.008804321289062]""",0.007560729980468001,0.0037803649902340003,0.0,0.0,0.018218994140625,9.5367431640625e-07,0.00021076202392500003,0.00010585784912100001,0.5075709876543211,0.507571759259259,7.716049382716048e-07
2598372608820,259837260882,0,0,102893244766,1.0,"""[0",0.0,0.0,0.0,0.0,0.0,0.0,0.0,0.0,0.0,"0]""",0.0,0.0,0.0,0.0,0.018218994140625,0.0,9.5367431640625e-07,9.5367431640625e-07,0.501648919753086,0.5016493055555551,3.858024691358024e-07
2598372608820,259837260882,0,0,376502880245,1.0,"""[0.000308036804199",0.000308036804199,0.000308036804199,0.000308036804199,0.00044918060302700006,0.000462532043457,0.00047588348388600003,0.008575439453125,0.008575439453125,0.008575439453125," 0.008575439453125]""",0.022247314453125,0.007675170898437,0.0,0.0,0.018218994140625,0.0,0.00037384033203100004,0.000160217285156,0.5011670524691351,0.5011682098765431,1.157407407407407e-06
2598372608820,259837260882,0,0,376502880245,0.5,"""[0",0.0,0.0,0.0,0.0,0.0,0.0,0.0,0.0,0.0,"0]""",0.0,0.0,0.0,0.0,0.018218994140625,0.0,9.5367431640625e-07,9.5367431640625e-07,0.5011655092592591,0.501166280864197,7.716049382716048e-07
2598372608820,259837260882,0,0,74465943584,1.0,"""[0",0.0,0.0,0.0,0.0,0.0,0.0,0.0,0.0,0.0," 0]""",0.0,0.0,0.0,0.0,0.018218994140625,0.0,9.5367431640625e-07,9.5367431640625e-07,0.5005374228395061,0.5005378086419751,3.858024691358024e-07
2598372608820,259837260882,0,0,102892982854,1.0,"""[0",0.0,0.0,0.0,0.0,0.0,0.0,0.0,0.0,0.0," 0]""",0.0,0.0,0.0,0.0,0.018218994140625,0.0,9.5367431640625e-07,9.5367431640625e-07,0.503478009259259,0.5034783950617281,3.858024691358024e-07
2598372608820,259837260882,0,0,22761125,1.0,"""[0",0.0,4.76837158203125e-06,1.0490417480468752e-05,1.621246337890625e-05,2.1934509277343753e-05,2.7656555175781253e-05,3.337860107421875e-05,4.00543212890625e-05,0.000134468078613," 0.000134468078613]""",0.00044441223144500003,1.9073486328125e-05,0.0,0.0,0.018218994140625,0.0,5.7220458984375e-06,4.76837158203125e-06,0.505312885802469,0.505315586419753,2.7006172839506168e-06
2598372608820,259837260882,0,0,382797076623,1.0,"""[1.0490417480468752e-05",1.0490417480468752e-05,0.000678062438964,0.0007972717285150001,0.0008277893066400001,0.001079559326171,0.001285552978515,0.00131607055664,0.002754211425781,0.004859924316406," 0.004859924316406]""",0.002506256103515,0.001062393188476,0.0,0.0,0.018218994140625,9.346008300781251e-05,0.000249862670898,0.000115394592285,0.5063634259259261,0.50636574074074,2.314814814814814e-06
2598372608820,259837260882,0,0,21365709,1.0,"""[0",0.0,0.0,0.0,0.00653076171875,0.006561279296875001,0.006584167480468001,0.00799560546875,0.00799560546875,0.00799560546875," 0.00799560546875]""",0.004898071289062,0.0024261474609370004,0.0,0.0,0.018218994140625,0.0,2.002716064453125e-05,1.0490417480468752e-05,0.504765432098765,0.5047662037037031,7.716049382716048e-07
2598372608820,259837260882,0,0,376502880245,1.0,"""[0",7.05718994140625e-05,0.00033473968505800004,0.0005636215209960001,0.004112243652343001,0.006141662597656,0.008529663085937,0.00958251953125,0.011032104492187,0.011886596679687," 0.012191772460937]""",0.0240478515625,0.007698059082031,0.0,0.0,0.018218994140625,0.000761985778808,0.005226135253906,0.003166198730468,0.501157407407407,0.501164351851851,6.944444444444443e-06
2598372608820,259837260882,0,0,22761125,1.0,"""[0",0.0,0.0,0.0,0.0,0.0,0.0,0.0,0.0,0.0,"0]""",0.0,0.0,0.0,0.0,0.018218994140625,0.0,9.5367431640625e-07,9.5367431640625e-07,0.5053109567901231,0.505311342592592,3.858024691358024e-07
2598372608820,259837260882,0,0,3092500485,1.0,"""[0",0.0005722045898430001,0.0011882781982420001,0.00169563293457,0.005462646484375,0.006622314453125001,0.007530212402343001,0.008193969726562,0.010787963867187,0.013275146484375002," 0.021209716796875]""",0.021240234375,0.006645202636718001,0.0,0.0,0.018218994140625,0.000562667846679,0.005165100097656,0.0020103454589840003,0.5068522376543211,0.506871141975308,1.890432098765432e-05
2598372608820,259837260882,0,0,376470594389,1.0,"""[0.002410888671875",0.002410888671875,0.002410888671875,0.002410888671875,0.002410888671875,0.002410888671875,0.002410888671875,0.002410888671875,0.002410888671875,0.002410888671875," 0.002410888671875]""",0.00241470336914,0.00120735168457,0.0,0.0,0.018218994140625,0.0,6.771087646484375e-05,3.4332275390625e-05,0.504628086419753,0.504628858024691,7.716049382716048e-07
2598372608820,259837260882,0,0,21365709,1.0,"""[0",0.0,0.0,0.0,0.0,0.0,0.0,0.0,0.0,0.0," 0]""",0.00017261505126900002,3.4332275390625e-05,0.0,0.0,0.018218994140625,0.0008020401000970001,0.0008134841918940001,0.0008125305175780001,0.5047642746913581,0.5047662037037031,1.929012345679012e-06
2598372608820,259837260882,0,0,21305997,1.0,"""[0",0.0,0.0,0.0,0.0,0.0,0.0,0.0,0.0,0.0," 0]""",0.0,0.0,0.0,0.0,0.018218994140625,0.000787734985351,0.00081729888916,0.00081729888916,0.505525077160493,0.5055254629629631,3.858024691358024e-07
2598372608820,259837260882,0,0,21834880,1.0,"""[1.9073486328125e-06",1.9073486328125e-06,1.9073486328125e-06,1.9073486328125e-06,1.9073486328125e-06,1.9073486328125e-06,1.9073486328125e-06,1.9073486328125e-06,1.9073486328125e-06,1.9073486328125e-06," 1.9073486328125e-06]""",0.0,0.0,0.0,0.0,0.018218994140625,0.00080394744873,0.0008153915405270001,0.0008153915405270001,0.509299768518518,0.5093001543209871,3.858024691358024e-07
2598372608820,259837260882,0,0,21400972,1.0,"""[0",0.0,0.0,0.0,0.0,0.0,0.0,0.0,0.0,0.0," 0]""",0.0,0.0,0.0,0.0,0.018218994140625,0.0,9.5367431640625e-07,9.5367431640625e-07,0.505597222222222,0.505597608024691,3.858024691358024e-07
2598372608820,259837260882,0,0,3092500485,1.0,"""[0.006919860839843001",0.006919860839843001,0.006919860839843001,0.006919860839843001,0.006919860839843001,0.0074462890625,0.007980346679687,0.007980346679687,0.007980346679687,0.007980346679687," 0.007980346679687]""",0.007980346679687,0.007736206054687,0.0,0.0,0.018218994140625,2.86102294921875e-06,0.000327110290527,0.00028228759765600004,0.506873070987654,0.506873842592592,7.716049382716048e-07
2598372608820,259837260882,0,0,102893244766,1.0,"""[0.001201629638671",0.001201629638671,0.001201629638671,0.001201629638671,0.008743286132812,0.008773803710937,0.008819580078125,0.008834838867187,0.008834838867187,0.008834838867187," 0.008834838867187]""",0.009933471679687,0.004966735839843001,0.0,0.0,0.018218994140625,0.0,5.435943603515626e-05,2.7656555175781253e-05,0.5016493055555551,0.501650077160493,7.716049382716048e-07
2598372608820,259837260882,0,0,376502880245,1.0,"""[0",0.0,0.0,0.0,0.0,0.0,0.0,0.0,0.0,0.0," 0]""",0.0,0.0,0.0,0.0,0.018218994140625,0.000818252563476,0.0008363723754880001,0.0008363723754880001,0.5011670524691351,0.501167438271604,3.858024691358024e-07
2598372608820,259837260882,0,0,375996839919,1.0,"""[0",0.0,0.0,0.0,0.0,0.0,0.0,0.0,0.0,0.0," 0]""",0.000548362731933,0.00010871887207,0.0,0.0,0.018218994140625,0.000818252563476,0.000834465026855,0.000833511352539,0.507569830246913,0.507571759259259,1.929012345679012e-06
2598372608820,259837260882,0,0,375996839919,0.9777777791023251,"""[5.531311035156251e-05",0.00038337707519500003,0.000647544860839,0.00229263305664,0.004470825195312,0.006935119628906,0.009033203125,0.0098876953125,0.011276245117187,0.013687133789062," 0.023590087890625003]""",0.02447509765625,0.006271362304687,0.0,0.0,0.018218994140625,0.0005273818969720001,0.005287170410156,0.00192642211914,0.507552469135802,0.507569830246913,1.7361111111111114e-05
2598372608820,259837260882,0,0,376468007252,1.0,"""[0",2.4795532226562503e-05,6.198883056640625e-05,0.000550270080566,0.0009241104125970001,0.003456115722656,0.006385803222656,0.00811767578125,0.010177612304687,0.011688232421875002," 0.021697998046875]""",0.03961181640625,0.005256652832031,0.0,0.0,0.018218994140625,0.000577926635742,0.005256652832031,0.0016765594482420001,0.506148148148148,0.506170910493827,2.2762345679012345e-05
2598372608820,259837260882,0,0,376502880245,1.0,"""[0",0.0,0.0,0.0,0.0,0.0,0.0,0.0,0.0,0.0," 0]""",0.0,0.0,0.0,0.0,0.018218994140625,0.0,0.000200271606445,0.00010013580322200001,0.501166280864197,0.5011670524691351,7.716049382716048e-07
2598372608820,259837260882,0,0,102892982854,1.0,"""[0",0.0,0.0,0.0,9.5367431640625e-07,9.5367431640625e-07,9.5367431640625e-07,1.9073486328125e-06,1.9073486328125e-06,1.9073486328125e-06," 1.9073486328125e-06]""",0.0006008148193350001,5.149841308593751e-05,0.0,0.0,0.018218994140625,9.5367431640625e-07,8.58306884765625e-06,7.62939453125e-06,0.503498842592592,0.503500771604938,1.929012345679012e-06
2598372608820,259837260882,0,0,382797076623,1.0,"""[0",0.0,0.0,0.0,0.0,0.0,0.0,0.0,0.0,0.0,"0]""",0.0,0.0,0.0,0.0,0.018218994140625,0.0,9.5367431640625e-07,9.5367431640625e-07,0.506380787037037,0.506381172839506,3.858024691358024e-07
2598372608820,259837260882,0,0,21305997,1.0,"""[0",0.0,0.0,0.0,0.0,0.0,0.0,0.0,0.0,0.0," 0]""",0.00014686584472600002,7.343292236328125e-05,0.0,0.0,0.018218994140625,0.000787734985351,0.00081729888916,0.00081729888916,0.505524305555555,0.505525077160493,7.716049382716048e-07
2598372608820,259837260882,0,0,102892982854,1.0,"""[1.0490417480468752e-05",1.0490417480468752e-05,1.0490417480468752e-05,1.0490417480468752e-05,1.0490417480468752e-05,1.0490417480468752e-05,1.0490417480468752e-05,1.0490417480468752e-05,1.0490417480468752e-05,1.0490417480468752e-05," 1.0490417480468752e-05]""",2.6702880859375003e-05,2.6702880859375003e-05,0.0,0.0,0.018218994140625,0.0,9.5367431640625e-07,9.5367431640625e-07,0.5034969135802471,0.503497299382716,3.858024691358024e-07
2598372608820,259837260882,0,0,376470594389,1.0,"""[0",0.0,0.0,0.0,0.0,0.0,0.0,0.0,0.0,0.0," 0]""",0.000577926635742,0.000113487243652,0.0,0.0,0.018218994140625,0.0008134841918940001,0.000828742980957,0.000828742980957,0.504627314814814,0.504628858024691,1.5432098765432092e-06
2598372608820,259837260882,0,0,74465943584,1.0,"""[0",0.0,0.0,0.0,0.0,0.0,0.0,0.0,0.0,0.0," 0]""",0.00030231475830000003,0.00010108947753900001,0.0,0.0,0.018218994140625,0.000804901123046,0.0008249282836910001,0.0008249282836910001,0.5005362654320981,0.5005374228395061,1.157407407407407e-06
2598372608820,259837260882,0,0,21305997,1.0,"""[0.001155853271484",0.001155853271484,0.001155853271484,0.001155853271484,0.007949829101562,0.00799560546875,0.008026123046875,0.008209228515625,0.008209228515625,0.008209228515625," 0.008209228515625]""",0.008209228515625,0.0031242370605460003,0.0,0.0,0.018218994140625,0.0,0.00027847290039,0.000144958496093,0.505525077160493,0.505526234567901,1.157407407407407e-06
2598372608820,259837260882,0,0,382797076623,1.0,"""[0",0.0,0.0,0.0,0.0,0.0,0.0,0.0,9.5367431640625e-07,9.5367431640625e-07," 9.5367431640625e-07]""",0.000513076782226,2.002716064453125e-05,0.0,0.0,0.018218994140625,0.0,5.7220458984375e-06,4.76837158203125e-06,0.506382716049382,0.5063846450617281,1.929012345679012e-06
2598372608820,259837260882,0,0,21834880,1.0,"""[3.147125244140625e-05",0.0007705688476560001,0.001123428344726,0.002662658691406,0.00506591796875,0.007392883300781,0.00811767578125,0.008956909179687,0.011688232421875002,0.013763427734375002," 0.01873779296875]""",0.018768310546875,0.006790161132812,0.0,0.0,0.018218994140625,0.000555038452148,0.005142211914062,0.0019798278808590003,0.5092835648148141,0.50929899691358,1.5432098765432103e-05
2598372608820,259837260882,0,0,3092500485,1.0,"""[0",0.0,0.0,8.58306884765625e-06,2.6702880859375003e-05,8.773803710937501e-05,0.000149726867675,0.00016689300537100002,0.0037536621093750004,0.0037536621093750004," 0.0037536621093750004]""",0.00714111328125,0.002708435058593,0.0,0.0,0.018218994140625,3.814697265625e-06,0.00047492980957000003,0.00034523010253900005,0.506873842592592,0.506875385802469,1.5432098765432092e-06
2598372608820,259837260882,0,0,22761125,1.0,"""[0",0.0,0.0,0.0,0.0,0.0,0.0,0.0,0.0,0.0," 0]""",0.00039577484130800004,6.008148193359376e-05,0.0,0.0,0.018218994140625,0.000802993774414,0.0008144378662100001,0.0008144378662100001,0.505310185185185,0.505311728395061,1.5432098765432092e-06
2598372608820,259837260882,0,0,376502880245,1.0,"""[0",0.0,0.0,0.0,0.0,0.0,0.0,0.0,0.0,0.0," 0]""",0.0,0.0,0.0,0.0,0.018218994140625,0.0,9.5367431640625e-07,9.5367431640625e-07,0.50116512345679,0.5011655092592591,3.858024691358024e-07
2598372608820,259837260882,0,0,297682712116,1.0,"""[0",0.0,0.0,0.0,0.0,4.76837158203125e-06,9.5367431640625e-06,9.5367431640625e-06,9.5367431640625e-06,9.5367431640625e-06," 9.5367431640625e-06]""",0.0,0.0,0.0,0.0,0.018218994140625,0.0,9.5367431640625e-07,9.5367431640625e-07,0.503352237654321,0.5033530092592591,7.716049382716048e-07
2598372608820,259837260882,0,0,3092500485,1.0,"""[0",0.0,0.0,0.0,0.0,0.0,0.0,0.0,0.0,0.0," 0]""",0.00022888183593700002,4.577636718750001e-05,0.0,0.0,0.018218994140625,0.0008211135864250001,0.000829696655273,0.000829696655273,0.506871141975308,0.506873070987654,1.929012345679012e-06
2598372608820,259837260882,0,0,376468007252,1.0,"""[0.00848388671875",0.00848388671875,0.00848388671875,0.00848388671875,0.00848388671875,0.008590698242187,0.008682250976562,0.008682250976562,0.008682250976562,0.008682250976562," 0.008682250976562]""",0.009002685546875,0.008773803710937,0.0,0.0,0.018218994140625,9.5367431640625e-07,0.000884056091308,0.000678062438964,0.5061732253086421,0.50617399691358,7.716049382716048e-07
2598372608820,259837260882,0,0,375996839919,1.0,"""[0.003982543945312",0.003982543945312,0.003982543945312,0.008346557617187,0.008407592773437,0.008514404296875,0.008636474609375,0.008697509765625,0.01483154296875,0.01483154296875," 0.01483154296875]""",0.014083862304687,0.007705688476562,0.0,0.0,0.018218994140625,1.621246337890625e-05,0.00125503540039,0.0011978149414060002,0.507573302469135,0.507574845679012,1.5432098765432092e-06
2598372608820,259837260882,0,0,297682712116,1.0,"""[1.4305114746093752e-05",0.0005149841308590001,0.0012054443359370002,0.004096984863281,0.005966186523437,0.007331848144531,0.008087158203125,0.009109497070312,0.010894775390625,0.013687133789062," 0.022216796875]""",0.022216796875,0.007209777832031,0.0,0.0,0.018218994140625,0.00057029724121,0.005226135253906,0.0020561218261710003,0.503333719135802,0.503351851851851,1.8132716049382712e-05
2598372608820,259837260882,0,0,382797076623,1.0,"""[0",0.0,0.0,0.0,0.0,0.0,0.0,0.0,0.0,0.0," 0]""",0.00016403198242100002,5.435943603515626e-05,0.0,0.0,0.018218994140625,0.0008058547973630001,0.00081729888916,0.0008163452148430001,0.506380015432098,0.506381172839506,1.157407407407407e-06
2598372608820,259837260882,0,0,102892982854,1.0,"""[0",0.0,0.0,0.0,0.0,0.0,0.0,0.0,0.0,0.0," 0]""",0.000616073608398,0.000123023986816,0.0,0.0,0.018218994140625,0.0008134841918940001,0.0008325576782220001,0.0008325576782220001,0.5034953703703701,0.503497299382716,1.929012345679012e-06
2598372608820,259837260882,0,0,376468007252,1.0,"""[0",0.0,0.0,0.0,0.0,0.0,0.0,0.0,0.0,0.0," 0]""",0.0,0.0,0.0,0.0,0.018218994140625,0.0,1.9073486328125e-06,1.9073486328125e-06,0.5061712962962961,0.5061716820987651,3.858024691358024e-07
2598372608820,259837260882,0,0,297682712116,1.0,"""[0.008087158203125",0.008087158203125,0.008087158203125,0.008087158203125,0.008087158203125,0.008987426757812,0.0098876953125,0.0098876953125,0.0098876953125,0.0098876953125," 0.0098876953125]""",0.0098876953125,0.0059814453125,0.0,0.0,0.018218994140625,0.0,0.00023460388183500002,0.000148773193359,0.503353395061728,0.503354166666666,7.716049382716048e-07
2598372608820,259837260882,0,0,376502880245,0.8571428656578061,"""[0",0.0,0.0,0.0,0.0,0.0,0.0,0.0,0.0,0.0," 0]""",0.000321388244628,4.577636718750001e-05,0.0,0.0,0.018218994140625,0.000818252563476,0.0008373260498040001,0.0008373260498040001,0.501164351851851,0.5011670524691351,2.7006172839506168e-06
2598372608820,259837260882,0,0,375996839919,1.0,"""[0",0.0,0.0,0.0,0.0,1.1444091796875002e-05,2.3841857910156253e-05,2.3841857910156253e-05,2.3841857910156253e-05,2.3841857910156253e-05," 2.3841857910156253e-05]""",0.0,0.0,0.0,0.0,0.018218994140625,0.0,9.5367431640625e-07,9.5367431640625e-07,0.507570216049382,0.507570601851851,3.858024691358024e-07
2598372608820,259837260882,0,0,376470594389,1.0,"""[0",0.0,0.0,0.0,0.0,0.0,0.0,0.0,0.0,0.0,"0]""",0.0,0.0,0.0,0.0,0.0,0.0,0.0,0.0,0.504628858024691,0.504629629629629,7.716049382716048e-07
2598372608820,259837260882,0,0,376470594389,1.0,"""[0.007026672363281",0.007026672363281,0.007026672363281,0.007026672363281,0.007026672363281,0.007026672363281,0.007026672363281,0.007026672363281,0.007026672363281,0.007026672363281," 0.007026672363281]""",0.008895874023437,0.008895874023437,0.0,0.0,0.018218994140625,0.0,0.000580787658691,0.000580787658691,0.504629629629629,0.5046300154320981,3.858024691358024e-07
2598372608820,259837260882,0,0,102893244766,1.0,"""[0",0.0,0.0,0.0,0.0,0.0,0.0,0.0,0.0,0.0," 0]""",0.00037574768066400005,8.0108642578125e-05,0.0,0.0,0.018218994140625,0.0008020401000970001,0.000822067260742,0.000822067260742,0.5016477623456791,0.5016493055555551,1.5432098765432092e-06
2598372608820,259837260882,0,0,74465943584,1.0,"""[0.00021266937255800001",0.00032615661621000004,0.0008277893066400001,0.0022544860839840003,0.004959106445312,0.006889343261718001,0.008499145507812,0.009475708007812,0.011184692382812,0.014556884765625002," 0.022705078125]""",0.03106689453125,0.006935119628906,0.0,0.0,0.018218994140625,0.0005035400390620001,0.005111694335937,0.001827239990234,0.500518518518518,0.5005362654320981,1.774691358024691e-05
2598372608820,259837260882,0,0,21400972,1.0,"""[4.196166992187501e-05",0.0006380081176750001,0.001167297363281,0.003456115722656,0.005943298339843001,0.007553100585937,0.00799560546875,0.009246826171875,0.010345458984375,0.012786865234375002," 0.02392578125]""",0.023651123046875003,0.006912231445312,0.0,0.0,0.018218994140625,0.0005655288696280001,0.005203247070312,0.0020866394042960003,0.505579089506172,0.5055964506172841,1.7361111111111114e-05
2598372608820,259837260882,0,0,102893244766,1.0,"""[0",0.0,0.0,0.0,0.0,1.811981201171875e-05,3.528594970703125e-05,3.528594970703125e-05,3.528594970703125e-05,3.528594970703125e-05," 3.528594970703125e-05]""",0.0,0.0,0.0,0.0,0.018218994140625,0.0,9.5367431640625e-07,9.5367431640625e-07,0.501648533950617,0.501648919753086,3.858024691358024e-07
2598372608820,259837260882,0,0,21365709,1.0,"""[0.00022506713867100002",0.00022506713867100002,0.00022506713867100002,0.00022506713867100002,0.002693176269531,0.002708435058593,0.00271987915039,0.007980346679687,0.007980346679687,0.007980346679687," 0.007980346679687]""",0.007888793945312,0.00537109375,0.0,0.0,0.018218994140625,0.0,0.000341415405273,0.00019741058349600002,0.504766589506172,0.5047673611111111,7.716049382716048e-07
2598372608820,259837260882,0,0,21365709,1.0,"""[2.4795532226562503e-05",0.000528335571289,0.0008144378662100001,0.00235366821289,0.004730224609375,0.0067138671875,0.007591247558593001,0.008453369140625,0.010086059570312,0.012466430664062," 0.015777587890625]""",0.018585205078125,0.006317138671875001,0.0,0.0,0.018218994140625,0.0005569458007810001,0.005050659179687,0.001968383789062,0.5047492283950611,0.5047642746913581,1.504629629629629e-05
2598372608820,259837260882,0,0,376470594389,1.0,"""[0",0.0,0.0,0.0,0.0,9.5367431640625e-07,9.5367431640625e-07,9.5367431640625e-07,9.5367431640625e-07,9.5367431640625e-07," 9.5367431640625e-07]""",0.0,0.0,0.0,0.0,0.018218994140625,1.811981201171875e-05,2.7656555175781253e-05,2.6702880859375003e-05,0.5046311728395061,0.504632330246913,1.157407407407407e-06
2598372608820,259837260882,0,0,22761125,1.0,"""[0",0.0,0.0,0.0,0.0,0.0,0.0,0.0,0.0,0.0," 0]""",0.0,0.0,0.0,0.0,0.018218994140625,0.000802993774414,0.0008134841918940001,0.0008134841918940001,0.505311728395061,0.5053121141975301,3.858024691358024e-07
2598372608820,259837260882,0,0,22761125,1.0,"""[1.0490417480468752e-05",0.000757217407226,0.001117706298828,0.002887725830078,0.005355834960937,0.007133483886718001,0.007949829101562,0.008926391601562,0.010894775390625,0.013809204101562," 0.024322509765625003]""",0.024322509765625003,0.007118225097656,0.0,0.0,0.018218994140625,0.0005416870117180001,0.005271911621093001,0.00201416015625,0.5052939814814811,0.505310185185185,1.62037037037037e-05
2598372608820,259837260882,0,0,376468007252,1.0,"""[0",0.0,0.0,0.0,0.0,9.5367431640625e-07,9.5367431640625e-07,9.5367431640625e-07,9.5367431640625e-07,9.5367431640625e-07," 9.5367431640625e-07]""",0.008163452148437,0.00045394897460900003,0.0,0.0,0.018218994140625,2.86102294921875e-06,1.2397766113281252e-05,1.0490417480468752e-05,0.506175540123456,0.506182484567901,6.944444444444443e-06
2598372608820,259837260882,0,0,376468007252,1.0,"""[1.811981201171875e-05",1.811981201171875e-05,1.811981201171875e-05,1.811981201171875e-05,1.811981201171875e-05,1.811981201171875e-05,1.811981201171875e-05,1.811981201171875e-05,1.811981201171875e-05,1.811981201171875e-05," 1.811981201171875e-05]""",0.0,0.0,0.0,0.0,0.018218994140625,0.0,9.5367431640625e-07,9.5367431640625e-07,0.506147762345679,0.506148148148148,3.858024691358024e-07
2598372608820,259837260882,0,0,21305997,1.0,"""[0",0.0,0.0,0.0,9.5367431640625e-07,9.5367431640625e-07,9.5367431640625e-07,1.9073486328125e-06,1.9073486328125e-06,1.9073486328125e-06," 1.9073486328125e-06]""",0.0,0.0,0.0,0.0,0.018218994140625,9.5367431640625e-07,6.67572021484375e-06,5.7220458984375e-06,0.505527777777777,0.505529320987654,1.5432098765432092e-06
2598372608820,259837260882,0,0,102893244766,1.0,"""[0",0.0,0.0,0.0,0.0,0.0,0.0,0.0,0.0,0.0," 0]""",0.0,0.0,0.0,0.0,0.018218994140625,0.0008020401000970001,0.000822067260742,0.000822067260742,0.5016493055555551,0.5016496913580241,3.858024691358024e-07
2598372608820,259837260882,0,0,21365709,1.0,"""[0",0.0,0.0,0.0,0.0,0.0,0.0,0.0,0.0,0.0," 0]""",0.0,0.0,0.0,0.0,0.018218994140625,0.0,9.5367431640625e-07,9.5367431640625e-07,0.504765046296296,0.504765432098765,3.858024691358024e-07
2598372608820,259837260882,0,0,375996839919,1.0,"""[0",0.0,0.0,0.0,0.0,0.0,0.0,0.0,0.0,0.0,"0]""",0.0,0.0,0.0,0.0,0.018218994140625,0.0,9.5367431640625e-07,9.5367431640625e-07,0.507570601851851,0.5075709876543211,3.858024691358024e-07
2598372608820,259837260882,0,0,376470594389,1.0,"""[0",0.0,0.0,0.0,0.0,0.0,0.0,0.0,0.0,0.0,"0]""",0.0,0.0,0.0,0.0,0.018218994140625,0.0,0.0,0.0,0.5046118827160491,0.504612268518518,3.858024691358024e-07
2598372608820,259837260882,0,0,22761125,1.0,"""[0.005142211914062",0.005142211914062,0.005142211914062,0.005142211914062,0.005142211914062,0.006515502929687,0.007888793945312,0.007888793945312,0.007888793945312,0.007888793945312," 0.007888793945312]""",0.007858276367187,0.006500244140625001,0.0,0.0,0.018218994140625,0.0,0.00020313262939400002,0.0001220703125,0.505311728395061,0.5053124999999999,7.716049382716048e-07
2598372608820,259837260882,0,0,21834880,1.0,"""[0",0.0,0.0,0.0,0.0,0.0,0.0,0.0,0.0,0.0,"0]""",0.0,0.0,0.0,0.0,0.0,0.0,9.5367431640625e-07,9.5367431640625e-07,0.509283179012345,0.5092835648148141,3.858024691358024e-07
2598372608820,259837260882,0,0,382797076623,1.0,"""[0",0.00016307830810500002,0.0010299682617180002,0.004501342773437,0.005439758300781,0.007331848144531,0.008346557617187,0.008697509765625,0.010894775390625,0.013687133789062," 0.021026611328125]""",0.02105712890625,0.007225036621093001,0.0,0.0,0.018218994140625,0.0006332397460930001,0.005256652832031,0.002357482910156,0.50636574074074,0.506380015432098,1.4274691358024692e-05
2598372608820,259837260882,0,0,297682712116,1.0,"""[0",0.0,0.0,0.0,0.0,0.0,0.0,0.0,0.0,0.0,"0]""",0.0,0.0,0.0,0.0,0.018218994140625,1.9073486328125e-06,6.67572021484375e-06,6.67572021484375e-06,0.503356481481481,0.50335686728395,3.858024691358024e-07
