UniqJobId,collection_id,instance_index,priority,machine_id,sample_rate,cpu_usage_distribution1,cpu_usage_distribution2,cpu_usage_distribution3,cpu_usage_distribution4,cpu_usage_distribution5,cpu_usage_distribution6,cpu_usage_distribution7,cpu_usage_distribution8,cpu_usage_distribution9,cpu_usage_distribution10,cpu_usage_distribution11,max_cpu,avg_cpu,cycles_per_instruction,memory_accesses_per_instruction,assigned_memory,page_cache_memory,max_memory,avg_memory,start_time,end_time,time_window
2598372608821,259837260882,1,0,376470581833,1.0,"""[0",0.0,0.0,0.0,0.0,0.0,0.0,0.0,0.0,0.0," 0]""",0.0,0.0,0.0,0.0,0.018218994140625,0.0,9.5367431640625e-07,9.5367431640625e-07,0.508512345679012,0.508512731481481,3.858024691358024e-07
2598372608821,259837260882,1,0,23624662770,1.0,"""[1.4305114746093752e-05",0.000519752502441,0.001039505004882,0.0023956298828120004,0.004417419433593001,0.005989074707031,0.00830078125,0.009124755859375,0.01123046875,0.01324462890625," 0.021820068359375]""",0.0218505859375,0.006858825683593001,0.0,0.0,0.018218994140625,0.0005264282226560001,0.005233764648437,0.00201416015625,0.504366126543209,0.5043804012345681,1.4274691358024692e-05
2598372608821,259837260882,1,0,376470581833,1.0,"""[0",0.0,0.0,0.0,0.0,0.0,0.0,0.0,0.0,0.0," 0]""",0.0,0.0,0.0,0.0,0.018218994140625,0.0,9.5367431640625e-07,9.5367431640625e-07,0.508491898148148,0.5084922839506171,3.858024691358024e-07
2598372608821,259837260882,1,0,23624662770,1.0,"""[0",0.0,0.0,0.0,0.0,0.0,0.0,0.0,0.0,0.0," 0]""",0.0,0.0,0.0,0.0,0.018218994140625,0.0008010864257810001,0.00081729888916,0.00081729888916,0.504381172839506,0.5043815586419751,3.858024691358024e-07
2598372608821,259837260882,1,0,1579459503,1.0,"""[1.3351440429687502e-05",0.00048446655273400003,0.0010128021240230001,0.0031700134277340003,0.005279541015625,0.007461547851562,0.00811767578125,0.008590698242187,0.010604858398437,0.012893676757812," 0.023162841796875003]""",0.023162841796875003,0.006690979003906,0.0,0.0,0.018218994140625,0.0005578994750970001,0.005111694335937,0.0019798278808590003,0.505685185185185,0.50570061728395,1.5432098765432103e-05
2598372608821,259837260882,1,0,376502880245,1.0,"""[0",0.0,0.0,0.0,0.0,0.0,0.0,0.0,0.0,0.0," 0]""",0.0,0.0,0.0,0.0,0.018218994140625,0.0,6.67572021484375e-06,6.67572021484375e-06,0.501331018518518,0.501332561728395,1.5432098765432092e-06
2598372608821,259837260882,1,0,376470581833,0.916666686534881,"""[0.006156921386718001",0.006156921386718001,0.007156372070312,0.007240295410156,0.0074462890625,0.007659912109375001,0.00787353515625,0.008346557617187,0.0084228515625,0.018157958984375," 0.018157958984375]""",0.025848388671875003,0.008743286132812,0.0,0.0,0.018218994140625,9.5367431640625e-06,0.001148223876953,0.000715255737304,0.508512731481481,0.508517361111111,4.629629629629629e-06
2598372608821,259837260882,1,0,376502880245,1.0,"""[0",0.0,0.0,0.0,0.0,0.0,0.0,0.0,0.0,0.0,"0]""",0.0,0.0,0.0,0.0,0.018218994140625,0.0,9.5367431640625e-07,9.5367431640625e-07,0.501329475308642,0.501329861111111,3.858024691358024e-07
2598372608821,259837260882,1,0,21372228,1.0,"""[0",0.0,0.0,0.0,0.0,0.0,0.0,0.0,0.0,0.0," 0]""",0.0,0.0,0.0,0.0,0.018218994140625,0.0,9.5367431640625e-07,9.5367431640625e-07,0.505771219135802,0.505771604938271,3.858024691358024e-07
2598372608821,259837260882,1,0,159584455134,1.0,"""[2.3841857910156253e-05",2.3841857910156253e-05,2.3841857910156253e-05,2.7656555175781253e-05,3.62396240234375e-05,8.773803710937501e-05,0.000149726867675,0.00016689300537100002,0.005462646484375,0.005462646484375," 0.005462646484375]""",0.006141662597656,0.00137710571289,0.0,0.0,0.018218994140625,1.9073486328125e-06,0.00037765502929600005,0.000127792358398,0.508721836419753,0.508723379629629,1.5432098765432092e-06
2598372608821,259837260882,1,0,376470581833,1.0,"""[0",0.0,0.0,0.0,0.0,0.0,0.0,0.0,0.0,0.0,"0]""",2.9563903808593753e-05,1.4305114746093752e-05,0.0,0.0,0.018218994140625,0.0,9.5367431640625e-07,9.5367431640625e-07,0.508511574074074,0.508512345679012,7.716049382716048e-07
2598372608821,259837260882,1,0,21372228,1.0,"""[2.1934509277343753e-05",2.1934509277343753e-05,2.1934509277343753e-05,0.00014114379882800002,0.00015830993652300002,0.0014095306396480001,0.00265884399414,0.002677917480468,0.007858276367187,0.007858276367187," 0.007858276367187]""",0.007843017578125,0.0026702880859370004,0.0,0.0,0.018218994140625,0.0,0.00018501281738200003,7.05718994140625e-05,0.5057719907407401,0.5057735339506171,1.5432098765432092e-06
2598372608821,259837260882,1,0,376502880245,1.0,"""[0",0.0,0.0,0.0,0.0,0.0,0.0,0.0,0.0,0.0," 0]""",0.0,0.0,0.0,0.0,0.018218994140625,0.0,9.5367431640625e-07,9.5367431640625e-07,0.5013287037037031,0.501329089506172,3.858024691358024e-07
2598372608821,259837260882,1,0,21372228,1.0,"""[0",0.0,0.0,0.0,0.0,0.0,0.0,0.0,0.0,0.0," 0]""",0.0,0.0,0.0,0.0,0.018218994140625,0.0,9.5367431640625e-07,9.5367431640625e-07,0.5057708333333331,0.505771219135802,3.858024691358024e-07
2598372608821,259837260882,1,0,376502880245,1.0,"""[0",0.0,0.0,0.00027275085449200004,0.000290870666503,0.000792503356933,0.0012950897216790001,0.001312255859375,0.007453918457031,0.007453918457031," 0.007453918457031]""",0.014724731445312,0.005439758300781,0.0,0.0,0.018218994140625,0.0,0.00021934509277300002,8.0108642578125e-05,0.501329861111111,0.501331018518518,1.157407407407407e-06
2598372608821,259837260882,1,0,376470581833,1.0,"""[0.014434814453125002",0.014434814453125002,0.014434814453125002,0.014434814453125002,0.015518188476562,0.015609741210937,0.01568603515625,0.021148681640625,0.021148681640625,0.021148681640625," 0.021148681640625]""",0.021209716796875,0.012863159179687,0.0,0.0,0.018218994140625,6.29425048828125e-05,0.001468658447265,0.0013046264648430002,0.508517361111111,0.508518904320987,1.5432098765432092e-06
2598372608821,259837260882,1,0,159584455134,1.0,"""[0",0.0,0.0,4.76837158203125e-06,1.3351440429687502e-05,2.1934509277343753e-05,3.0517578125e-05,4.00543212890625e-05,0.000950813293457,0.000950813293457," 0.000950813293457]""",0.00107192993164,0.00026798248291,0.0,0.0,0.018218994140625,0.0008163452148430001,0.0008363723754880001,0.000835418701171,0.508719521604938,0.508721064814814,1.5432098765432092e-06
2598372608821,259837260882,1,0,159584455134,1.0,"""[7.152557373046875e-05",0.0008764266967770001,0.001443862915039,0.003952026367187,0.005424499511718001,0.007759094238281,0.008636474609375,0.009613037109375,0.0118408203125,0.016693115234375," 0.023773193359375003]""",0.023773193359375003,0.007713317871093001,0.0,0.0,0.018218994140625,0.000550270080566,0.005264282226562,0.002079010009765,0.508704475308641,0.508719521604938,1.504629629629629e-05
2598372608821,259837260882,1,0,21205046,1.0,"""[0",0.0,0.0,0.0,9.5367431640625e-07,9.5367431640625e-07,1.9073486328125e-06,1.9073486328125e-06,1.9073486328125e-06,1.9073486328125e-06," 1.9073486328125e-06]""",0.0,0.0,0.0,0.0,0.018218994140625,1.9073486328125e-06,6.67572021484375e-06,6.67572021484375e-06,0.5063333333333331,0.506335262345679,1.929012345679012e-06
2598372608821,259837260882,1,0,376502880245,1.0,"""[0",0.0,0.0,0.0,0.0,0.0,0.0,0.0,0.0,0.0,"0]""",0.0,0.0,0.0,0.0,0.018218994140625,0.00080394744873,0.000822067260742,0.000822067260742,0.501329475308642,0.501329861111111,3.858024691358024e-07
2598372608821,259837260882,1,0,23624662770,1.0,"""[0",0.0,0.0,0.0,0.0,0.0,0.0,0.0,0.0,0.0," 0]""",0.0006256103515620001,0.000114440917968,0.0,0.0,0.018218994140625,0.0008010864257810001,0.000818252563476,0.000818252563476,0.5043804012345681,0.504381172839506,7.716049382716048e-07
2598372608821,259837260882,1,0,159584455134,1.0,"""[0.000330924987792",0.000330924987792,0.000330924987792,0.000330924987792,0.000330924987792,0.000330924987792,0.000330924987792,0.000330924987792,0.000330924987792,0.000330924987792," 0.000330924987792]""",0.0,0.0,0.0,0.0,0.018218994140625,0.0,9.5367431640625e-07,9.5367431640625e-07,0.5087206790123451,0.508721064814814,3.858024691358024e-07
2598372608821,259837260882,1,0,21205046,1.0,"""[9.5367431640625e-07",9.5367431640625e-07,9.5367431640625e-07,9.5367431640625e-07,9.5367431640625e-07,9.5367431640625e-07,9.5367431640625e-07,9.5367431640625e-07,9.5367431640625e-07,9.5367431640625e-07," 9.5367431640625e-07]""",0.0,0.0,0.0,0.0,0.018218994140625,0.0008077621459960001,0.000818252563476,0.000818252563476,0.506331018518518,0.506331404320987,3.858024691358024e-07
2598372608821,259837260882,1,0,376502880245,1.0,"""[0",0.0,0.0,0.0,0.0,0.0,0.0,0.0,0.0,0.0," 0]""",0.0,0.0,0.0,0.0,0.018218994140625,0.0,9.5367431640625e-07,9.5367431640625e-07,0.501329089506172,0.501329475308642,3.858024691358024e-07
2598372608821,259837260882,1,0,21372228,1.0,"""[0",0.0,0.0,0.0,0.0,0.0,0.0,0.0,0.0,0.0," 0]""",0.00022411346435500002,4.482269287109376e-05,0.0,0.0,0.018218994140625,0.0008077621459960001,0.000819206237792,0.000819206237792,0.505770061728395,0.505771604938271,1.5432098765432092e-06
2598372608821,259837260882,1,0,1578989065,1.0,"""[0",0.0,0.0,0.0,0.0,0.0,0.0,0.0,0.0,0.0," 0]""",0.000403404235839,7.152557373046875e-05,0.0,0.0,0.018218994140625,0.0008096694946280001,0.000819206237792,0.000819206237792,0.5060416666666661,0.506043209876543,1.5432098765432092e-06
2598372608821,259837260882,1,0,20967707,1.0,"""[0",0.0,0.0,0.0,0.0,0.0,0.0,0.0,0.0,0.0,"0]""",0.0,0.0,0.0,0.0,0.018218994140625,0.0,9.5367431640625e-07,9.5367431640625e-07,0.507668981481481,0.5076693672839501,3.858024691358024e-07
2598372608821,259837260882,1,0,376470581833,1.0,"""[0",0.0,0.0,0.0,0.0,0.0,0.0,0.0,0.0,0.0,"0]""",0.0,0.0,0.0,0.0,0.018218994140625,0.000798225402832,0.00081729888916,0.00081729888916,0.508512731481481,0.50851311728395,3.858024691358024e-07
2598372608821,259837260882,1,0,1578989065,1.0,"""[0",0.0,0.0,0.0,0.0,0.0,9.5367431640625e-07,9.5367431640625e-07,9.5367431640625e-07,9.5367431640625e-07," 9.5367431640625e-07]""",0.000310897827148,2.3841857910156253e-05,0.0,0.0,0.018218994140625,0.0,4.76837158203125e-06,4.76837158203125e-06,0.506044753086419,0.506046296296296,1.5432098765432092e-06
2598372608821,259837260882,1,0,376470581833,1.0,"""[0",0.0,0.0,0.0,0.0,0.0,0.0,0.0,0.0,0.0,"0]""",0.0,0.0,0.0,0.0,0.018218994140625,0.0,9.5367431640625e-07,9.5367431640625e-07,0.508511188271604,0.508511574074074,3.858024691358024e-07
2598372608821,259837260882,1,0,1579459503,1.0,"""[0",0.0,0.0,0.0,0.0,0.0,0.0,0.0,0.0,0.0,"0]""",0.0,0.0,0.0,0.0,0.018218994140625,0.0,9.5367431640625e-07,9.5367431640625e-07,0.505684799382716,0.505685185185185,3.858024691358024e-07
2598372608821,259837260882,1,0,376470581833,1.0,"""[0",0.0,1.9073486328125e-06,8.58306884765625e-06,1.52587890625e-05,2.1934509277343753e-05,2.8610229492187503e-05,3.528594970703125e-05,4.196166992187501e-05,0.003852844238281," 0.003852844238281]""",0.006607055664062,0.000889778137207,0.0,0.0,0.018218994140625,6.4849853515625e-05,7.724761962890625e-05,7.724761962890625e-05,0.508518904320987,0.5085212191358021,2.314814814814814e-06
2598372608821,259837260882,1,0,21205046,1.0,"""[0",0.0,0.0,0.0,0.0,0.0,0.0,0.0,0.0,0.0," 0]""",0.00016975402832,5.626678466796876e-05,0.0,0.0,0.018218994140625,0.0008077621459960001,0.000818252563476,0.000818252563476,0.506329861111111,0.506331018518518,1.157407407407407e-06
2598372608821,259837260882,1,0,23624662770,1.0,"""[2.3841857910156253e-05",2.3841857910156253e-05,2.3841857910156253e-05,2.3841857910156253e-05,2.3841857910156253e-05,2.3841857910156253e-05,2.3841857910156253e-05,2.3841857910156253e-05,2.3841857910156253e-05,2.3841857910156253e-05," 2.3841857910156253e-05]""",0.0,0.0,0.0,0.0,0.018218994140625,0.0,9.5367431640625e-07,9.5367431640625e-07,0.504381172839506,0.5043815586419751,3.858024691358024e-07
2598372608821,259837260882,1,0,20967707,1.0,"""[9.5367431640625e-07",9.5367431640625e-07,9.5367431640625e-07,9.5367431640625e-07,9.5367431640625e-07,9.5367431640625e-07,9.5367431640625e-07,9.5367431640625e-07,9.5367431640625e-07,9.5367431640625e-07," 9.5367431640625e-07]""",0.0,0.0,0.0,0.0,0.018218994140625,0.0008068084716790001,0.0007829666137690001,0.0007829666137690001,0.5076693672839501,0.507669753086419,3.858024691358024e-07
2598372608821,259837260882,1,0,1578989065,1.0,"""[1.52587890625e-05",1.52587890625e-05,1.52587890625e-05,9.727478027343751e-05,0.000114440917968,0.001651763916015,0.0031890869140620004,0.0032043457031250004,0.007453918457031,0.007453918457031," 0.007453918457031]""",0.007431030273437,0.00265884399414,0.0,0.0,0.018218994140625,0.0,7.915496826171875e-05,3.4332275390625e-05,0.506043209876543,0.506044753086419,1.5432098765432092e-06
2598372608821,259837260882,1,0,1579459503,1.0,"""[0",0.0,0.0,0.0,0.0,0.0,0.0,0.0,0.0,0.0,"0]""",0.0,0.0,0.0,0.0,0.018218994140625,0.000792503356933,0.00080394744873,0.00080394744873,0.5057025462962961,0.505702932098765,3.858024691358024e-07
2598372608821,259837260882,1,0,1579459503,1.0,"""[0.00015640258789",0.00015640258789,0.00015640258789,0.00015640258789,0.007949829101562,0.00799560546875,0.008026123046875,0.008224487304687,0.008224487304687,0.008224487304687," 0.008224487304687]""",0.00830078125,0.004150390625,0.0,0.0,0.018218994140625,0.0,8.487701416015626e-05,4.291534423828126e-05,0.505701774691358,0.5057025462962961,7.716049382716048e-07
2598372608821,259837260882,1,0,376470581833,1.0,"""[0.000391006469726",0.0008010864257810001,0.001153945922851,0.004898071289062,0.006324768066406,0.007789611816406,0.008743286132812,0.00994873046875,0.011276245117187,0.013092041015625002," 0.0218505859375]""",0.031036376953125003,0.00726318359375,0.0,0.0,0.018218994140625,0.0005407333374020001,0.005203247070312,0.002098083496093,0.5084922839506171,0.5085104166666661,1.8132716049382712e-05
2598372608821,259837260882,1,0,20967707,1.0,"""[0",0.0,0.0,0.0,0.0,0.0,0.0,0.0,0.0,0.0," 0]""",0.00025463104248,7.82012939453125e-05,0.0,0.0,0.018218994140625,0.0008068084716790001,0.0007848739624020001,0.0007839202880850001,0.507668209876543,0.5076693672839501,1.157407407407407e-06
2598372608821,259837260882,1,0,21205046,1.0,"""[0",0.0,0.0,0.00014114379882800002,0.00015830993652300002,0.0008363723754880001,0.001514434814453,0.0015316009521480001,0.005661010742187,0.005661010742187," 0.005661010742187]""",0.007469177246093001,0.003700256347656,0.0,0.0,0.018218994140625,1.9073486328125e-06,0.00017261505126900002,6.866455078125e-05,0.5063317901234561,0.5063333333333331,1.5432098765432092e-06
2598372608821,259837260882,1,0,1579459503,1.0,"""[0",0.0,1.9073486328125e-06,8.58306884765625e-06,1.52587890625e-05,2.1934509277343753e-05,2.8610229492187503e-05,3.528594970703125e-05,4.196166992187501e-05,0.000186920166015," 0.000186920166015]""",0.000351905822753,7.05718994140625e-05,0.0,0.0,0.018218994140625,0.000792503356933,0.000804901123046,0.000804901123046,0.50570061728395,0.5057025462962961,1.929012345679012e-06
2598372608821,259837260882,1,0,21372228,1.0,"""[3.147125244140625e-05",0.000555038452148,0.00177001953125,0.00271987915039,0.005844116210937,0.007461547851562,0.008010864257812,0.00860595703125,0.009170532226562,0.013702392578125002," 0.021484375]""",0.021484375,0.006912231445312,0.0,0.0,0.018218994140625,0.000544548034667,0.005165100097656,0.002021789550781,0.5057527006172841,0.505770061728395,1.7361111111111114e-05
2598372608821,259837260882,1,0,1578989065,1.0,"""[2.86102294921875e-06",0.00028610229492100005,0.0007705688476560001,0.0017833709716790001,0.003059387207031,0.00567626953125,0.007392883300781,0.008514404296875,0.009902954101562,0.01373291015625," 0.02142333984375]""",0.021392822265625,0.006271362304687,0.0,0.0,0.018218994140625,0.0005464553833000001,0.005233764648437,0.0019950866699210003,0.506028549382716,0.5060416666666661,1.3117283950617281e-05
2598372608821,259837260882,1,0,159584455134,1.0,"""[0",0.0,0.0,0.0,0.0,0.0,0.0,0.0,0.0,0.0," 0]""",0.0,0.0,0.0,0.0,0.018218994140625,0.0,9.5367431640625e-07,9.5367431640625e-07,0.508720293209876,0.5087206790123451,3.858024691358024e-07
2598372608821,259837260882,1,0,376502880245,1.0,"""[1.4305114746093752e-05",0.000259399414062,0.001224517822265,0.002494812011718,0.003681182861328,0.006385803222656,0.008377075195312,0.009246826171875,0.011367797851562,0.01416015625," 0.024200439453125003]""",0.024200439453125003,0.006996154785156,0.0,0.0,0.018218994140625,0.000562667846679,0.00494384765625,0.001956939697265,0.501313271604938,0.501327932098765,1.4660493827160491e-05
2598372608821,259837260882,1,0,376470581833,1.0,"""[0",0.0,0.0,0.0,0.0,0.0,0.0,0.0,0.0,0.0," 0]""",0.000399589538574,6.67572021484375e-05,0.0,0.0,0.018218994140625,0.000798225402832,0.000818252563476,0.00081729888916,0.5085104166666661,0.508512731481481,2.314814814814814e-06
2598372608821,259837260882,1,0,1578989065,1.0,"""[0",0.0,0.0,0.0,0.0,0.0,0.0,0.0,0.0,0.0," 0]""",0.0,0.0,0.0,0.0,0.018218994140625,0.0,9.5367431640625e-07,9.5367431640625e-07,0.506042438271604,0.5060428240740741,3.858024691358024e-07
2598372608821,259837260882,1,0,1579459503,1.0,"""[1.621246337890625e-05",1.621246337890625e-05,1.621246337890625e-05,1.621246337890625e-05,9.727478027343751e-05,0.000109672546386,0.000123023986816,0.003711700439453,0.003711700439453,0.003711700439453," 0.003711700439453]""",0.008041381835937,0.003921508789062,0.0,0.0,0.018218994140625,9.5367431640625e-07,0.00023460388183500002,9.727478027343751e-05,0.5057025462962961,0.505703703703703,1.157407407407407e-06
2598372608821,259837260882,1,0,20967707,1.0,"""[0",0.0,0.0,0.0,9.5367431640625e-07,9.5367431640625e-07,9.5367431640625e-07,1.9073486328125e-06,1.9073486328125e-06,1.9073486328125e-06," 1.9073486328125e-06]""",0.0,0.0,0.0,0.0,0.018218994140625,1.9073486328125e-06,6.67572021484375e-06,6.67572021484375e-06,0.5076720679012341,0.5076736111111111,1.5432098765432092e-06
2598372608821,259837260882,1,0,1579459503,1.0,"""[0",0.0,0.0,0.0,0.0,0.0,0.0,0.0,0.0,0.0," 0]""",0.0,0.0,0.0,0.0,0.018218994140625,0.0,9.5367431640625e-07,9.5367431640625e-07,0.5057010030864191,0.505701388888888,3.858024691358024e-07
2598372608821,259837260882,1,0,21205046,1.0,"""[0",0.0,0.0,0.0,0.0,3.814697265625e-06,7.62939453125e-06,7.62939453125e-06,7.62939453125e-06,7.62939453125e-06," 7.62939453125e-06]""",0.0,0.0,0.0,0.0,0.018218994140625,0.0,9.5367431640625e-07,9.5367431640625e-07,0.5063302469135801,0.5063306327160491,3.858024691358024e-07
2598372608821,259837260882,1,0,1579459503,1.0,"""[0",0.0,0.0,0.0,9.5367431640625e-07,9.5367431640625e-07,9.5367431640625e-07,1.9073486328125e-06,1.9073486328125e-06,1.9073486328125e-06," 1.9073486328125e-06]""",0.000381469726562,1.621246337890625e-05,0.0,0.0,0.018218994140625,9.5367431640625e-07,5.7220458984375e-06,4.76837158203125e-06,0.505703703703703,0.505706404320987,2.7006172839506168e-06
2598372608821,259837260882,1,0,21205046,1.0,"""[0.004165649414062",0.004165649414062,0.004165649414062,0.004165649414062,0.004165649414062,0.005813598632812,0.007461547851562,0.007461547851562,0.007461547851562,0.007461547851562," 0.007461547851562]""",0.004158020019531,0.002079010009765,0.0,0.0,0.018218994140625,9.5367431640625e-07,2.5749206542968753e-05,1.3351440429687502e-05,0.506331018518518,0.5063317901234561,7.716049382716048e-07
2598372608821,259837260882,1,0,376502880245,1.0,"""[0",0.0,0.0,0.0,0.0,0.0,0.0,0.0,0.0,0.0," 0]""",0.000319480895996,8.0108642578125e-05,0.0,0.0,0.018218994140625,0.00080394744873,0.000823020935058,0.000823020935058,0.501327932098765,0.501329475308642,1.5432098765432092e-06
2598372608821,259837260882,1,0,20967707,1.0,"""[0",0.0,0.0,8.58306884765625e-06,2.6702880859375003e-05,8.773803710937501e-05,0.000149726867675,0.00016689300537100002,0.003669738769531,0.003669738769531," 0.003669738769531]""",0.007965087890625,0.0029411315917960003,0.0,0.0,0.018218994140625,1.9073486328125e-06,0.000247001647949,7.724761962890625e-05,0.5076705246913581,0.5076720679012341,1.5432098765432092e-06
2598372608821,259837260882,1,0,21372228,1.0,"""[0",0.0,0.0,0.0,0.0,0.0,9.5367431640625e-07,9.5367431640625e-07,9.5367431640625e-07,9.5367431640625e-07," 9.5367431640625e-07]""",0.0,0.0,0.0,0.0,0.018218994140625,0.0,4.76837158203125e-06,4.76837158203125e-06,0.5057735339506171,0.5057750771604931,1.5432098765432092e-06
2598372608821,259837260882,1,0,1578989065,1.0,"""[0",0.0,0.0,0.0,0.0,0.0,0.0,0.0,0.0,0.0," 0]""",0.0,0.0,0.0,0.0,0.018218994140625,0.0,9.5367431640625e-07,9.5367431640625e-07,0.5060428240740741,0.506043209876543,3.858024691358024e-07
