UniqJobId,collection_id,instance_index,priority,machine_id,sample_rate,cpu_usage_distribution1,cpu_usage_distribution2,cpu_usage_distribution3,cpu_usage_distribution4,cpu_usage_distribution5,cpu_usage_distribution6,cpu_usage_distribution7,cpu_usage_distribution8,cpu_usage_distribution9,cpu_usage_distribution10,cpu_usage_distribution11,max_cpu,avg_cpu,cycles_per_instruction,memory_accesses_per_instruction,assigned_memory,page_cache_memory,max_memory,avg_memory,start_time,end_time,time_window
2598372466060,259837246606,0,0,1713489854,1.0,"""[1.811981201171875e-05",1.811981201171875e-05,1.811981201171875e-05,2.2888183593750003e-05,3.337860107421875e-05,6.580352783203125e-05,0.00010585784912100001,0.000123023986816,0.006767272949218001,0.006767272949218001," 0.006767272949218001]""",0.006881713867187,0.0017032623291010002,0.0,0.0,0.005210876464843001,9.5367431640625e-07,0.000311851501464,0.00010395050048800001,0.500028935185185,0.500030478395061,1.5432098765432092e-06
2598372466060,259837246606,0,0,23327667,1.0,"""[0.0008249282836910001",0.0008249282836910001,0.0008249282836910001,0.0008249282836910001,0.0008249282836910001,0.0017833709716790001,0.002738952636718,0.002738952636718,0.002738952636718,0.002738952636718," 0.002738952636718]""",0.002201080322265,0.002201080322265,0.0,0.0,0.005210876464843001,2.1934509277343753e-05,6.67572021484375e-06,6.67572021484375e-06,0.501136188271604,0.5011365740740741,3.858024691358024e-07
2598372466060,259837246606,0,0,1713489854,1.0,"""[7.62939453125e-05",0.0005636215209960001,0.0009069442749020001,0.0015583038330070002,0.004508972167968001,0.005638122558593001,0.007431030273437,0.008560180664062,0.010147094726562,0.011627197265625002," 0.0228271484375]""",0.022796630859375003,0.006248474121093001,0.0,0.0,0.005210876464843001,0.000580787658691,0.003238677978515,0.001789093017578,0.50000848765432,0.50002662037037,1.8132716049382712e-05
2598372466060,259837246606,0,0,21365709,1.0,"""[0",0.0,0.0,8.58306884765625e-06,2.6702880859375003e-05,6.580352783203125e-05,0.00010585784912100001,0.000123023986816,0.0048828125,0.0048828125," 0.0048828125]""",0.007843017578125,0.0032157897949210003,0.0,0.0,0.005210876464843001,1.9073486328125e-06,0.000186920166015,7.534027099609375e-05,0.50120524691358,0.501206790123456,1.5432098765432092e-06
2598372466060,259837246606,0,0,23327667,1.0,"""[0",0.0,0.0,0.0,0.0,0.0,0.0,0.0,0.0,0.0,"0]""",0.0,0.0,0.0,0.0,0.005210876464843001,0.0,9.5367431640625e-07,9.5367431640625e-07,0.5011354166666661,0.501135802469135,3.858024691358024e-07
2598372466060,259837246606,0,0,21365709,1.0,"""[0",0.0,0.0,0.0,0.0,0.0,0.0,0.0,0.0,0.0," 0]""",0.000205039978027,5.149841308593751e-05,0.0,0.0,0.005210876464843001,0.0007705688476560001,0.000781059265136,0.00078010559082,0.5012033179012341,0.5012048611111111,1.5432098765432092e-06
2598372466060,259837246606,0,0,21305997,1.0,"""[2.7656555175781253e-05",0.000580787658691,0.000986099243164,0.0023460388183590003,0.004173278808593001,0.007003784179687,0.008087158203125,0.009857177734375,0.011978149414062,0.01318359375," 0.017120361328125]""",0.017120361328125,0.006706237792968001,0.0,0.0,0.005210876464843001,0.0005264282226560001,0.0032615661621090003,0.0016002655029290001,0.500147762345679,0.500163580246913,1.58179012345679e-05
2598372466060,259837246606,0,0,1578989065,1.0,"""[0",0.000550270080566,0.0011444091796870002,0.0018939971923820002,0.00506591796875,0.007530212402343001,0.00811767578125,0.008712768554687,0.009552001953125,0.013381958007812," 0.023406982421875003]""",0.023406982421875003,0.006828308105468001,0.0,0.0,0.005210876464843001,0.000538825988769,0.003334045410156,0.0016727447509760002,0.5068796296296291,0.5068946759259261,1.504629629629629e-05
2598372466060,259837246606,0,0,21365709,1.0,"""[2.5749206542968753e-05",0.00047588348388600003,0.0011272430419920001,0.0034942626953120004,0.004951477050781,0.007461547851562,0.0084228515625,0.009170532226562,0.009979248046875,0.012069702148437," 0.02099609375]""",0.02099609375,0.006660461425781,0.0,0.0,0.005210876464843001,0.000551223754882,0.003345489501953,0.0016937255859370002,0.501188657407407,0.5012033179012341,1.4660493827160491e-05
2598372466060,259837246606,0,0,1713489854,1.0,"""[0.001186370849609",0.001186370849609,0.001186370849609,0.001186370849609,0.001186370849609,0.001186370849609,0.001186370849609,0.001186370849609,0.001186370849609,0.001186370849609," 0.001186370849609]""",0.0,0.0,0.0,0.0,0.005210876464843001,0.0,9.5367431640625e-07,9.5367431640625e-07,0.5000277777777771,0.500028163580246,3.858024691358024e-07
2598372466060,259837246606,0,0,1578989065,1.0,"""[0",0.0,0.0,0.0,0.0,0.0,0.0,0.0,0.0,0.0," 0]""",0.0,0.0,0.0,0.0,0.005210876464843001,0.0,9.5367431640625e-07,9.5367431640625e-07,0.506895447530864,0.506895833333333,3.858024691358024e-07
2598372466060,259837246606,0,0,1713489854,1.0,"""[0",0.0,0.0,0.0,0.0,0.0,0.0,0.0,0.0,0.0," 0]""",0.0009050369262690001,0.000200271606445,0.0,0.0,0.005210876464843001,0.000787734985351,0.000799179077148,0.000798225402832,0.50002662037037,0.500028163580246,1.5432098765432092e-06
2598372466060,259837246606,0,0,1713489854,1.0,"""[0",0.0,0.0,9.5367431640625e-07,9.5367431640625e-07,9.5367431640625e-07,1.9073486328125e-06,1.9073486328125e-06,1.9073486328125e-06,2.86102294921875e-06," 2.86102294921875e-06]""",0.00020694732666000002,2.0980834960937503e-05,0.0,0.0,0.005210876464843001,9.5367431640625e-07,5.7220458984375e-06,4.76837158203125e-06,0.500030478395061,0.500032793209876,2.314814814814814e-06
2598372466060,259837246606,0,0,1713489854,1.0,"""[0",0.0,0.0,0.0,0.0,0.0,0.0,0.0,0.0,0.0," 0]""",0.0,0.0,0.0,0.0,0.005210876464843001,0.0,9.5367431640625e-07,9.5367431640625e-07,0.500027391975308,0.5000277777777771,3.858024691358024e-07
2598372466060,259837246606,0,0,21305997,1.0,"""[1.0490417480468752e-05",1.0490417480468752e-05,1.0490417480468752e-05,1.0490417480468752e-05,1.0490417480468752e-05,1.0490417480468752e-05,1.0490417480468752e-05,1.0490417480468752e-05,1.0490417480468752e-05,1.0490417480468752e-05," 1.0490417480468752e-05]""",0.0,0.0,0.0,0.0,0.005210876464843001,0.0,9.5367431640625e-07,9.5367431640625e-07,0.5001473765432091,0.500147762345679,3.858024691358024e-07
2598372466060,259837246606,0,0,21305997,1.0,"""[0",0.0,0.0,0.0,0.0,0.0,0.0,0.0,0.0,0.0," 0]""",0.000274658203125,5.531311035156251e-05,0.0,0.0,0.005210876464843001,0.000786781311035,0.000799179077148,0.000799179077148,0.500163580246913,0.5001655092592591,1.929012345679012e-06
2598372466060,259837246606,0,0,23327667,1.0,"""[0",0.0,0.0,0.0,0.0,0.0,0.0,0.0,0.0,0.0," 0]""",0.0,0.0,0.0,0.0,0.005210876464843001,0.0,9.5367431640625e-07,9.5367431640625e-07,0.5011350308641971,0.5011354166666661,3.858024691358024e-07
2598372466060,259837246606,0,0,1578989065,1.0,"""[0",0.0,0.0,0.0,9.5367431640625e-07,9.5367431640625e-07,9.5367431640625e-07,9.5367431640625e-07,9.5367431640625e-07,1.9073486328125e-06," 1.9073486328125e-06]""",0.0,0.0,0.0,0.0,0.005210876464843001,9.5367431640625e-07,5.7220458984375e-06,4.76837158203125e-06,0.506898919753086,0.5069020061728391,3.0864197530864187e-06
2598372466060,259837246606,0,0,21305997,1.0,"""[0",0.0,0.0,0.0,0.0,0.0,0.0,0.0,0.0,0.0," 0]""",0.0,0.0,0.0,0.0,0.005210876464843001,0.0,9.5367431640625e-07,9.5367431640625e-07,0.500164351851851,0.500164737654321,3.858024691358024e-07
2598372466060,259837246606,0,0,21365709,1.0,"""[0.00160789489746",0.00160789489746,0.00160789489746,0.00160789489746,0.00160789489746,0.00160789489746,0.00160789489746,0.00160789489746,0.00160789489746,0.00160789489746," 0.00160789489746]""",0.0,0.0,0.0,0.0,0.005210876464843001,9.5367431640625e-07,9.5367431640625e-07,9.5367431640625e-07,0.501204475308642,0.5012048611111111,3.858024691358024e-07
2598372466060,259837246606,0,0,1578989065,1.0,"""[1.0490417480468752e-05",1.0490417480468752e-05,1.0490417480468752e-05,1.0490417480468752e-05,1.0490417480468752e-05,1.0490417480468752e-05,1.0490417480468752e-05,1.0490417480468752e-05,1.0490417480468752e-05,1.0490417480468752e-05," 1.0490417480468752e-05]""",0.0,0.0,0.0,0.0,0.005210876464843001,0.0,9.5367431640625e-07,9.5367431640625e-07,0.506878858024691,0.50687924382716,3.858024691358024e-07
2598372466060,259837246606,0,0,1578989065,1.0,"""[0",0.0,0.0,8.58306884765625e-06,2.6702880859375003e-05,6.580352783203125e-05,0.00010585784912100001,0.000123023986816,0.004989624023437,0.004989624023437," 0.004989624023437]""",0.007568359375,0.003166198730468,0.0,0.0,0.005210876464843001,9.5367431640625e-07,0.00042629241943300004,0.000135421752929,0.506897376543209,0.506898919753086,1.5432098765432092e-06
2598372466060,259837246606,0,0,1713489854,1.0,"""[0.007644653320312",0.007644653320312,0.007644653320312,0.007644653320312,0.007644653320312,0.007667541503906,0.007698059082031,0.007698059082031,0.007698059082031,0.007698059082031," 0.007698059082031]""",0.008865356445312,0.008255004882812,0.0,0.0,0.005210876464843001,0.0,0.00020217895507800002,0.00013637542724600002,0.500028163580246,0.500028935185185,7.716049382716048e-07
2598372466060,259837246606,0,0,21365709,1.0,"""[0",0.0,0.0,0.0,0.0,0.0,9.5367431640625e-07,9.5367431640625e-07,9.5367431640625e-07,9.5367431640625e-07," 9.5367431640625e-07]""",0.0,0.0,0.0,0.0,0.005210876464843001,1.9073486328125e-06,7.62939453125e-06,6.67572021484375e-06,0.501206790123456,0.501208719135802,1.929012345679012e-06
2598372466060,259837246606,0,0,23327667,1.0,"""[0",0.00024223327636700001,0.0013427734375,0.002662658691406,0.005638122558593001,0.007591247558593001,0.008514404296875,0.0087890625,0.010696411132812,0.01190185546875," 0.022552490234375003]""",0.02252197265625,0.006759643554687,0.0,0.0,0.005210876464843001,0.000558853149414,0.00326919555664,0.0016460418701170001,0.501117283950617,0.501134645061728,1.7361111111111114e-05
2598372466060,259837246606,0,0,21305997,1.0,"""[0",0.0,0.0,0.0,0.0,0.0,0.0,0.0,9.5367431640625e-07,9.5367431640625e-07," 9.5367431640625e-07]""",0.000903129577636,6.198883056640625e-05,0.0,0.0,0.005210876464843001,2.86102294921875e-06,9.5367431640625e-06,8.58306884765625e-06,0.5001670524691351,0.50016936728395,2.314814814814814e-06
2598372466060,259837246606,0,0,1578989065,1.0,"""[0.007545471191406",0.007545471191406,0.007545471191406,0.007545471191406,0.007545471191406,0.00775146484375,0.007965087890625,0.007965087890625,0.007965087890625,0.007965087890625," 0.007965087890625]""",0.008132934570312,0.008041381835937,0.0,0.0,0.005210876464843001,0.0,0.000328063964843,0.00027084350585900003,0.506896604938271,0.506897376543209,7.716049382716048e-07
2598372466060,259837246606,0,0,1578989065,1.0,"""[0.0010051727294920001",0.0010051727294920001,0.0010051727294920001,0.0010051727294920001,0.0010051727294920001,0.00457763671875,0.008148193359375,0.008148193359375,0.008148193359375,0.008148193359375," 0.008148193359375]""",0.001008987426757,0.0005044937133780001,0.0,0.0,0.005210876464843001,0.0,7.43865966796875e-05,3.719329833984375e-05,0.506895833333333,0.506896604938271,7.716049382716048e-07
2598372466060,259837246606,0,0,23327667,1.0,"""[8.487701416015626e-05",8.487701416015626e-05,8.487701416015626e-05,8.487701416015626e-05,8.487701416015626e-05,0.000114440917968,0.000144004821777,0.000144004821777,0.000144004821777,0.000144004821777," 0.000144004821777]""",0.002738952636718,0.0012645721435540001,0.0,0.0,0.005210876464843001,2.3841857910156253e-05,4.959106445312501e-05,3.337860107421875e-05,0.5011365740740741,0.501137731481481,1.157407407407407e-06
2598372466060,259837246606,0,0,1578989065,1.0,"""[0",0.0,0.0,0.0,0.0,0.0,0.0,0.0,0.0,0.0,"0]""",0.0,0.0,0.0,0.0,0.005210876464843001,0.0007715225219720001,0.0007820129394530001,0.0007820129394530001,0.5068962191358021,0.506896604938271,3.858024691358024e-07
2598372466060,259837246606,0,0,23327667,1.0,"""[0",0.0,0.0,0.0,0.0,9.5367431640625e-07,9.5367431640625e-07,9.5367431640625e-07,9.5367431640625e-07,9.5367431640625e-07," 9.5367431640625e-07]""",0.0,0.0,0.0,0.0,0.005210876464843001,2.4795532226562503e-05,3.0517578125e-05,3.0517578125e-05,0.501137731481481,0.5011396604938271,1.929012345679012e-06
