UniqJobId,collection_id,instance_index,priority,machine_id,sample_rate,cpu_usage_distribution1,cpu_usage_distribution2,cpu_usage_distribution3,cpu_usage_distribution4,cpu_usage_distribution5,cpu_usage_distribution6,cpu_usage_distribution7,cpu_usage_distribution8,cpu_usage_distribution9,cpu_usage_distribution10,cpu_usage_distribution11,max_cpu,avg_cpu,cycles_per_instruction,memory_accesses_per_instruction,assigned_memory,page_cache_memory,max_memory,avg_memory,start_time,end_time,time_window
2598372530420,259837253042,0,0,21284367,1.0,"""[2.0980834960937503e-05",2.0980834960937503e-05,2.0980834960937503e-05,2.0980834960937503e-05,9.727478027343751e-05,0.000109672546386,0.000123023986816,0.006889343261718001,0.006889343261718001,0.006889343261718001," 0.006889343261718001]""",0.00787353515625,0.004928588867187,0.0,0.0,0.0078125,1.9073486328125e-06,0.000380516052246,0.000222206115722,0.504770061728395,0.504771219135802,1.157407407407407e-06
2598372530420,259837253042,0,0,311203837347,1.0,"""[0",0.0,0.0,0.0,0.0,0.0026512145996090003,0.005302429199218001,0.005302429199218001,0.005302429199218001,0.005302429199218001," 0.005302429199218001]""",0.005302429199218001,0.0026512145996090003,0.0,0.0,0.0078125,0.0,7.534027099609375e-05,3.814697265625e-05,0.504627314814814,0.504628086419753,7.716049382716048e-07
2598372530420,259837253042,0,0,1578989065,1.0,"""[9.5367431640625e-07",9.5367431640625e-07,9.5367431640625e-07,9.5367431640625e-07,9.5367431640625e-07,9.5367431640625e-07,9.5367431640625e-07,9.5367431640625e-07,9.5367431640625e-07,9.5367431640625e-07," 9.5367431640625e-07]""",0.0,0.0,0.0,0.0,0.0078125,0.0005941390991210001,0.0008096694946280001,0.0008096694946280001,0.505886188271604,0.505886574074074,3.858024691358024e-07
2598372530420,259837253042,0,0,21393415,1.0,"""[0.0005226135253900001",0.0005226135253900001,0.0009765625,0.001003265380859,0.004875183105468001,0.005546569824218001,0.006217956542968001,0.0076904296875,0.007766723632812,0.007980346679687," 0.007980346679687]""",0.008041381835937,0.005973815917968001,0.0,0.0,0.0078125,3.528594970703125e-05,0.000957489013671,0.000578880310058,0.505955632716049,0.5059579475308641,2.314814814814814e-06
2598372530420,259837253042,0,0,21372228,1.0,"""[0",0.0,0.0,0.0,0.0,0.0,0.0,0.0,0.0,0.0," 0]""",0.00016307830810500002,5.435943603515626e-05,0.0,0.0,0.0078125,0.000860214233398,0.0008754730224600001,0.0008754730224600001,0.508186342592592,0.5081875,1.157407407407407e-06
2598372530420,259837253042,0,0,21284367,1.0,"""[0",0.0,0.0,0.0,0.0,0.0,0.0,0.0,0.0,0.0,"0]""",0.0,0.0,0.0,0.0,0.0078125,0.0,9.5367431640625e-07,9.5367431640625e-07,0.504768518518518,0.5047689043209871,3.858024691358024e-07
2598372530420,259837253042,0,0,39175913234,1.0,"""[0.003543853759765",0.003543853759765,0.003543853759765,0.003543853759765,0.003543853759765,0.005813598632812,0.008087158203125,0.008087158203125,0.008087158203125,0.008087158203125," 0.008087158203125]""",0.003547668457031,0.001773834228515,0.0,0.0,0.0078125,0.0,2.5749206542968753e-05,1.3351440429687502e-05,0.505604552469135,0.505605324074074,7.716049382716048e-07
2598372530420,259837253042,0,0,21305997,1.0,"""[0",0.0,0.0,0.0,0.0,0.0,0.0,0.0,0.0,0.0,"0]""",0.0,0.0,0.0,0.0,0.0078125,0.000819206237792,0.000834465026855,0.000834465026855,0.504352237654321,0.50435262345679,3.858024691358024e-07
2598372530420,259837253042,0,0,21284367,1.0,"""[0",0.0,0.0,0.0,0.0,0.0,9.5367431640625e-07,9.5367431640625e-07,9.5367431640625e-07,9.5367431640625e-07," 9.5367431640625e-07]""",8.58306884765625e-06,0.0,0.0,0.0,0.0078125,1.9073486328125e-06,6.67572021484375e-06,5.7220458984375e-06,0.5047723765432091,0.504773919753086,1.5432098765432092e-06
2598372530420,259837253042,0,0,40486423651,1.0,"""[0.0016555786132810002",0.0016555786132810002,0.0016555786132810002,0.0016555786132810002,0.008087158203125,0.00811767578125,0.008163452148437,0.009170532226562,0.009170532226562,0.009170532226562," 0.009170532226562]""",0.00811767578125,0.004890441894531,0.0,0.0,0.0078125,0.0,0.00024318695068300001,0.000201225280761,0.5067947530864191,0.506795524691358,7.716049382716048e-07
2598372530420,259837253042,0,0,250619380618,1.0,"""[0",0.0,0.0,0.0,0.0,0.0,0.0,0.0,0.0,0.0," 0]""",0.0,0.0,0.0,0.0,0.0078125,0.0,9.5367431640625e-07,9.5367431640625e-07,0.5020733024691351,0.502073688271604,3.858024691358024e-07
2598372530420,259837253042,0,0,21218149,1.0,"""[5.912780761718751e-05",0.000123023986816,0.0005111694335930001,0.0009765625,0.0011978149414060002,0.0017395019531250002,0.0033378601074210003,0.006301879882812,0.007843017578125,0.013397216796875002," 0.02105712890625]""",0.021087646484375,0.004493713378906,0.0,0.0,0.0078125,0.000537872314453,0.0025596618652340003,0.0014667510986320002,0.501238811728395,0.5012530864197531,1.4274691358024692e-05
2598372530420,259837253042,0,0,1578989065,1.0,"""[0.00139045715332",0.00139045715332,0.00139045715332,0.00139045715332,0.00139045715332,0.0028190612792960003,0.004249572753906,0.004249572753906,0.004249572753906,0.004249572753906," 0.004249572753906]""",0.008056640625,0.007049560546875001,0.0,0.0,0.0078125,9.5367431640625e-07,0.00036525726318300004,0.00020885467529200002,0.5058869598765431,0.50588811728395,1.157407407407407e-06
2598372530420,259837253042,0,0,3121287064,1.0,"""[0",0.0,0.0,0.0,0.0,0.0,0.0,0.0,0.0,0.0," 0]""",0.0,0.0,0.0,0.0,0.0078125,0.0,9.5367431640625e-07,9.5367431640625e-07,0.507833333333333,0.507833719135802,3.858024691358024e-07
2598372530420,259837253042,0,0,143876385789,1.0,"""[0",0.0,0.0,0.0,0.0,0.0,0.0,0.0,0.0,0.0," 0]""",0.00029373168945300005,9.822845458984376e-05,0.0,0.0,0.0078125,0.0008382797241210001,0.0008621215820310001,0.0008621215820310001,0.501862268518518,0.501863425925925,1.157407407407407e-06
2598372530420,259837253042,0,0,21284367,1.0,"""[0",0.0,0.0,0.0,0.0,0.0,0.0,0.0,0.0,0.0," 0]""",0.00023841857910100002,4.00543212890625e-05,0.0,0.0,0.0078125,0.0008678436279290001,0.000883102416992,0.000883102416992,0.5047677469135801,0.504770061728395,2.314814814814814e-06
2598372530420,259837253042,0,0,3092500485,1.0,"""[0",0.0,0.0,0.0,0.0,0.0,0.0,0.0,0.0,0.0," 0]""",0.0,0.0,0.0,0.0,0.0078125,0.00081729888916,0.0006866455078120001,0.0006866455078120001,0.50672299382716,0.506723379629629,3.858024691358024e-07
2598372530420,259837253042,0,0,21218149,1.0,"""[0",0.0,0.0,0.0,0.0,0.0,9.5367431640625e-07,9.5367431640625e-07,9.5367431640625e-07,9.5367431640625e-07," 9.5367431640625e-07]""",0.0,0.0,0.0,0.0,0.0078125,4.76837158203125e-06,9.5367431640625e-06,9.5367431640625e-06,0.501257330246913,0.501258487654321,1.157407407407407e-06
2598372530420,259837253042,0,0,250619380618,1.0,"""[0",0.0,0.0,0.0,0.0,0.0,0.0,0.0,0.0,0.0," 0]""",0.0,0.0,0.0,0.0,0.0078125,0.00080394744873,0.0008249282836910001,0.0008249282836910001,0.5020733024691351,0.502073688271604,3.858024691358024e-07
2598372530420,259837253042,0,0,1578989065,1.0,"""[0",0.0,0.0,0.0,0.0,0.0,0.0,0.0,0.0,0.0," 0]""",0.0,0.0,0.0,0.0,0.0078125,0.0,9.5367431640625e-07,9.5367431640625e-07,0.5058858024691351,0.505886188271604,3.858024691358024e-07
2598372530420,259837253042,0,0,40486423651,1.0,"""[0",0.0,0.0,0.0,0.0,0.0,0.0,0.0,0.0,0.0,"0]""",0.0,0.0,0.0,0.0,0.0078125,0.0,9.5367431640625e-07,9.5367431640625e-07,0.50679436728395,0.5067947530864191,3.858024691358024e-07
2598372530420,259837253042,0,0,39175913234,1.0,"""[0",0.0,0.0,0.0,0.0,5.7220458984375e-06,1.1444091796875002e-05,1.1444091796875002e-05,1.1444091796875002e-05,1.1444091796875002e-05," 1.1444091796875002e-05]""",0.0,0.0,0.0,0.0,0.0078125,0.0,9.5367431640625e-07,9.5367431640625e-07,0.5056041666666661,0.505604552469135,3.858024691358024e-07
2598372530420,259837253042,0,0,21218149,1.0,"""[0",0.0,0.0,0.0,0.0,0.0,0.0,0.0,0.0,0.0," 0]""",0.0,0.0,0.0,0.0,0.0078125,0.0,9.5367431640625e-07,9.5367431640625e-07,0.501253858024691,0.50125424382716,3.858024691358024e-07
2598372530420,259837253042,0,0,21305997,1.0,"""[0.0009994506835930002",0.0009994506835930002,0.005828857421875001,0.005882263183593001,0.007713317871093001,0.007789611816406,0.00787353515625,0.007949829101562,0.008010864257812,0.008026123046875," 0.008026123046875]""",0.008026123046875,0.004539489746093001,0.0,0.0,0.0078125,9.5367431640625e-07,0.000401496887207,0.000179290771484,0.504350308641975,0.504352237654321,1.929012345679012e-06
2598372530420,259837253042,0,0,1578989065,1.0,"""[0.00290298461914",0.00290298461914,0.00290298461914,0.00290298461914,0.007423400878906,0.007461547851562,0.007499694824218001,0.008071899414062,0.008071899414062,0.008071899414062," 0.008071899414062]""",0.0029106140136710003,0.001455307006835,0.0,0.0,0.0078125,0.0,8.773803710937501e-05,4.386901855468751e-05,0.505886188271604,0.5058869598765431,7.716049382716048e-07
2598372530420,259837253042,0,0,39175913234,1.0,"""[0",0.0,0.0,0.0,0.00014114379882800002,0.000154495239257,0.00016689300537100002,0.00333023071289,0.00333023071289,0.00333023071289," 0.00333023071289]""",0.007888793945312,0.0037841796875,0.0,0.0,0.0078125,9.5367431640625e-07,0.00047874450683500004,0.000321388244628,0.505606481481481,0.505607638888888,1.157407407407407e-06
2598372530420,259837253042,0,0,21284367,1.0,"""[0",0.0,0.0,0.0,0.0,0.0,0.0,0.0,0.0,0.0," 0]""",0.0,0.0,0.0,0.0,0.0078125,0.0,9.5367431640625e-07,9.5367431640625e-07,0.504768132716049,0.504768518518518,3.858024691358024e-07
2598372530420,259837253042,0,0,21372228,1.0,"""[0.0078125",0.0078125,0.0078125,0.0078125,0.0078125,0.00799560546875,0.0081787109375,0.0081787109375,0.0081787109375,0.0081787109375," 0.0081787109375]""",0.008880615234375,0.008346557617187,0.0,0.0,0.0078125,9.5367431640625e-07,0.000174522399902,9.632110595703126e-05,0.508187885802469,0.508188657407407,7.716049382716048e-07
2598372530420,259837253042,0,0,21372228,1.0,"""[2.5749206542968753e-05",2.5749206542968753e-05,2.5749206542968753e-05,2.9563903808593753e-05,3.719329833984375e-05,8.773803710937501e-05,0.000149726867675,0.00016689300537100002,0.003974914550781,0.003974914550781," 0.003974914550781]""",0.004837036132812,0.001007080078125,0.0,0.0,0.0078125,2.86102294921875e-06,0.00027275085449200004,9.536743164062501e-05,0.508188657407407,0.508190200617283,1.5432098765432092e-06
2598372530420,259837253042,0,0,21393415,1.0,"""[9.5367431640625e-07",9.5367431640625e-07,9.5367431640625e-07,9.5367431640625e-07,9.5367431640625e-07,9.5367431640625e-07,9.5367431640625e-07,9.5367431640625e-07,9.5367431640625e-07,9.5367431640625e-07," 9.5367431640625e-07]""",0.0,0.0,0.0,0.0,0.0078125,0.0006017684936520001,0.0008144378662100001,0.0008144378662100001,0.505955632716049,0.505956018518518,3.858024691358024e-07
2598372530420,259837253042,0,0,21393415,1.0,"""[0",0.0,0.0,0.0,0.0,0.0,0.0,0.0,0.0,0.0,"0]""",0.0,0.0,0.0,0.0,0.0078125,0.0,9.5367431640625e-07,9.5367431640625e-07,0.505954475308642,0.505954861111111,3.858024691358024e-07
2598372530420,259837253042,0,0,21372228,1.0,"""[0",0.0,0.0,0.0,0.0,0.0,0.0,0.0,0.0,0.0," 0]""",0.0,0.0,0.0,0.0,0.0078125,0.000860214233398,0.0008754730224600001,0.0008754730224600001,0.5081875,0.508187885802469,3.858024691358024e-07
2598372530420,259837253042,0,0,143876385789,1.0,"""[0.00027370452880800004",0.00027370452880800004,0.00027370452880800004,0.00027370452880800004,0.00027370452880800004,0.00027370452880800004,0.00027370452880800004,0.00027370452880800004,0.00027370452880800004,0.00027370452880800004," 0.00027370452880800004]""",0.0,0.0,0.0,0.0,0.0078125,0.0,9.5367431640625e-07,9.5367431640625e-07,0.5018630401234561,0.501863425925925,3.858024691358024e-07
2598372530420,259837253042,0,0,21218149,1.0,"""[0",0.0,0.0,0.0,0.0,0.0,0.0,0.0,0.0,0.0," 0]""",0.00025463104248,5.054473876953126e-05,0.0,0.0,0.0078125,0.00079345703125,0.0008077621459960001,0.0008077621459960001,0.5012530864197531,0.501255015432098,1.929012345679012e-06
2598372530420,259837253042,0,0,311203837347,1.0,"""[0",0.0,0.0,0.0,0.0,0.0,0.0,0.0,0.0,0.0," 0]""",0.00021076202392500003,5.245208740234376e-05,0.0,0.0,0.0078125,0.0008134841918940001,0.000829696655273,0.000828742980957,0.504626543209876,0.504628086419753,1.5432098765432092e-06
2598372530420,259837253042,0,0,143876385789,1.0,"""[0.005134582519531",0.005134582519531,0.005134582519531,0.005210876464843001,0.0052490234375,0.007064819335937,0.008926391601562,0.008987426757812,0.00921630859375,0.00921630859375," 0.00921630859375]""",0.0093994140625,0.007164001464843001,0.0,0.0,0.0078125,4.76837158203125e-06,0.00055980682373,0.00033760070800700005,0.501863425925925,0.501864969135802,1.5432098765432092e-06
2598372530420,259837253042,0,0,39175913234,1.0,"""[0",0.0,0.0,0.0,0.0,0.0,0.0,0.0,0.0,0.0," 0]""",0.00022506713867100002,4.196166992187501e-05,0.0,0.0,0.0078125,0.0008630752563470001,0.000879287719726,0.00087833404541,0.505603395061728,0.505605324074074,1.929012345679012e-06
2598372530420,259837253042,0,0,21284367,1.0,"""[9.5367431640625e-07",9.5367431640625e-07,9.5367431640625e-07,9.5367431640625e-07,9.5367431640625e-07,9.5367431640625e-07,9.5367431640625e-07,9.5367431640625e-07,9.5367431640625e-07,9.5367431640625e-07," 9.5367431640625e-07]""",0.0,0.0,0.0,0.0,0.0078125,0.0008678436279290001,0.0008821487426750001,0.0008821487426750001,0.504770061728395,0.5047704475308641,3.858024691358024e-07
2598372530420,259837253042,0,0,311203837347,1.0,"""[0",0.0,0.0,0.0,0.0,0.0,0.0,0.0,0.0,0.0,"0]""",0.003772735595703,0.0029144287109370004,0.0,0.0,0.0078125,1.71661376953125e-05,0.0006141662597650001,0.0006141662597650001,0.504629629629629,0.5046300154320981,3.858024691358024e-07
2598372530420,259837253042,0,0,3092500485,1.0,"""[0",0.00010108947753900001,0.000290870666503,0.000391960144042,0.0005331039428710001,0.0006380081176750001,0.001224517822265,0.004409790039062,0.007049560546875001,0.009857177734375," 0.011795043945312]""",0.013809204101562,0.00345230102539,0.0,0.0,0.0078125,0.000670433044433,0.0024986267089840003,0.0019378662109370002,0.5067129629629631,0.506721836419753,8.873456790123455e-06
2598372530420,259837253042,0,0,21393415,1.0,"""[0",0.0,0.0,0.0,0.0,0.0,0.0,0.0,0.0,0.0," 0]""",0.000226020812988,2.9563903808593753e-05,0.0,0.0,0.0078125,0.0008020401000970001,0.0008153915405270001,0.0008144378662100001,0.5059537037037031,0.505955632716049,1.929012345679012e-06
2598372530420,259837253042,0,0,250619380618,1.0,"""[0",0.0,0.0,0.0,0.0,0.00011730194091700002,0.00023460388183500002,0.00023460388183500002,0.00023460388183500002,0.00023460388183500002," 0.00023460388183500002]""",0.00023460388183500002,0.00014114379882800002,0.0,0.0,0.0078125,0.00080394744873,0.0008258819580070001,0.0008258819580070001,0.502072530864197,0.5020733024691351,7.716049382716048e-07
2598372530420,259837253042,0,0,250619380618,1.0,"""[4.768371582031251e-05",0.00010013580322200001,0.000361442565917,0.000590324401855,0.0008850097656250001,0.0015411376953120002,0.00250244140625,0.005691528320312,0.007049560546875001,0.009414672851562," 0.01934814453125]""",0.019378662109375,0.0037269592285150005,0.0,0.0,0.0078125,0.000529289245605,0.002685546875,0.0015563964843750002,0.5020578703703701,0.502072530864197,1.4660493827160491e-05
2598372530420,259837253042,0,0,3121287064,1.0,"""[0",0.0,0.0,0.0,0.0,0.0,0.0,0.0,0.0,0.0," 0]""",0.00019264221191400002,9.632110595703126e-05,0.0,0.0,0.0078125,0.0008087158203120001,0.000822067260742,0.000822067260742,0.507832947530864,0.507833719135802,7.716049382716048e-07
2598372530420,259837253042,0,0,21372228,1.0,"""[0",0.0,0.0,0.0,0.0,0.0,0.0,0.0,0.0,0.0," 0]""",0.0,0.0,0.0,0.0,0.0078125,0.0,9.5367431640625e-07,9.5367431640625e-07,0.50818711419753,0.5081875,3.858024691358024e-07
2598372530420,259837253042,0,0,1579459503,1.0,"""[0",0.0,0.0,0.0,0.0,0.0,0.0,0.0,0.0,0.0,"0]""",0.0,0.0,0.0,0.0,0.0078125,0.0,9.5367431640625e-07,9.5367431640625e-07,0.50762924382716,0.507629629629629,3.858024691358024e-07
2598372530420,259837253042,0,0,21284367,1.0,"""[0",0.0,0.0,0.0,0.0,0.0,0.0,0.0,0.0,0.0," 0]""",0.000524520874023,3.528594970703125e-05,0.0,0.0,0.0078125,1.9073486328125e-06,6.67572021484375e-06,6.67572021484375e-06,0.504771219135802,0.5047723765432091,1.157407407407407e-06
2598372530420,259837253042,0,0,1579459503,1.0,"""[0",0.0,0.0,0.0037078857421870004,0.00372314453125,0.004730224609375,0.005760192871093001,0.005790710449218001,0.00799560546875,0.00799560546875," 0.00799560546875]""",0.00799560546875,0.003894805908203,0.0,0.0,0.0078125,9.5367431640625e-07,0.00017738342285100002,6.4849853515625e-05,0.507629629629629,0.507630787037037,1.157407407407407e-06
2598372530420,259837253042,0,0,3092500485,1.0,"""[0.000544548034667",0.0008010864257810001,0.0014266967773430002,0.002052307128906,0.003379821777343,0.007064819335937,0.007476806640625001,0.00775146484375,0.009475708007812,0.016021728515625," 0.023468017578125003]""",0.023468017578125003,0.006263732910156,0.0,0.0,0.0078125,0.000349044799804,0.0017833709716790001,0.0009040832519530001,0.506704475308641,0.5067129629629631,8.487654320987653e-06
2598372530420,259837253042,0,0,21393415,1.0,"""[0",0.0,0.0,0.0,0.0,0.0,0.0,0.0,0.0,0.0," 0]""",0.0006437301635740001,0.000128746032714,0.0,0.0,0.0078125,0.000149726867675,0.00015640258789,0.000155448913574,0.505959104938271,0.5059610339506171,1.929012345679012e-06
2598372530420,259837253042,0,0,21305997,1.0,"""[0.006401062011718001",0.006401062011718001,0.006401062011718001,0.006401062011718001,0.006401062011718001,0.006942749023437,0.007484436035156,0.007484436035156,0.007484436035156,0.007484436035156," 0.007484436035156]""",0.008010864257812,0.005241394042968001,0.0,0.0,0.0078125,2.0980834960937503e-05,0.0009107589721670001,0.0007858276367180001,0.504352237654321,0.504353395061728,1.157407407407407e-06
2598372530420,259837253042,0,0,311203837347,1.0,"""[0",0.0,0.0,0.0,0.0,0.0,9.5367431640625e-07,9.5367431640625e-07,9.5367431640625e-07,9.5367431640625e-07," 9.5367431640625e-07]""",0.00039577484130800004,9.918212890625001e-05,0.0,0.0,0.0078125,9.441375732421876e-05,0.00010108947753900001,0.00010013580322200001,0.5046315586419751,0.5046331018518511,1.5432098765432092e-06
2598372530420,259837253042,0,0,40486423651,1.0,"""[0",7.43865966796875e-05,0.000519752502441,0.000933647155761,0.0012588500976560002,0.0023765563964840003,0.0031433105468750004,0.005615234375,0.00787353515625,0.010009765625," 0.024383544921875003]""",0.02435302734375,0.0045166015625,0.0,0.0,0.0078125,0.000537872314453,0.002677917480468,0.0014877319335930002,0.5067766203703701,0.5067932098765431,1.6589506172839503e-05
2598372530420,259837253042,0,0,40486423651,1.0,"""[0",0.0,0.0,0.0,0.0,0.0,0.0,0.0,0.0,0.0," 0]""",0.00029182434082000003,7.2479248046875e-05,0.0,0.0,0.0078125,0.000865936279296,0.000880241394042,0.000880241394042,0.5067932098765431,0.5067947530864191,1.5432098765432092e-06
2598372530420,259837253042,0,0,40486423651,1.0,"""[0",0.0,0.0,0.0,0.0,9.5367431640625e-06,2.002716064453125e-05,2.002716064453125e-05,2.002716064453125e-05,2.002716064453125e-05," 2.002716064453125e-05]""",0.0,0.0,0.0,0.0,0.0078125,0.0,9.5367431640625e-07,9.5367431640625e-07,0.506793981481481,0.50679436728395,3.858024691358024e-07
2598372530420,259837253042,0,0,21305997,1.0,"""[0",0.0,0.0,0.0,0.0,0.0,0.0,0.0,0.0,0.0," 0]""",0.0,0.0,0.0,0.0,0.0078125,0.0,9.5367431640625e-07,9.5367431640625e-07,0.5043499228395061,0.504350308641975,3.858024691358024e-07
2598372530420,259837253042,0,0,1579459503,1.0,"""[0",0.0,0.0,0.0,0.0,0.0,0.0,0.0,0.0,0.0," 0]""",0.000268936157226,5.817413330078126e-05,0.0,0.0,0.0078125,0.000802993774414,0.0008163452148430001,0.0008163452148430001,0.5076284722222221,0.507629629629629,1.157407407407407e-06
2598372530420,259837253042,0,0,1579459503,1.0,"""[0",0.0,3.814697265625e-06,9.5367431640625e-06,1.621246337890625e-05,2.1934509277343753e-05,2.8610229492187503e-05,3.4332275390625e-05,4.00543212890625e-05,8.296966552734376e-05," 8.296966552734376e-05]""",0.001054763793945,1.3351440429687502e-05,0.0,0.0,0.0078125,1.0490417480468752e-05,1.71661376953125e-05,1.71661376953125e-05,0.5076315586419751,0.5076346450617281,3.0864197530864187e-06
2598372530420,259837253042,0,0,3092500485,1.0,"""[0.00787353515625",0.00787353515625,0.00787353515625,0.00787353515625,0.00787353515625,0.00787353515625,0.00787353515625,0.00787353515625,0.00787353515625,0.00787353515625," 0.00787353515625]""",0.001384735107421,0.001384735107421,0.0,0.0,0.0078125,0.0,1.3351440429687502e-05,1.3351440429687502e-05,0.506723379629629,0.5067237654320981,3.858024691358024e-07
2598372530420,259837253042,0,0,311203837347,1.0,"""[2.0980834960937503e-05",2.0980834960937503e-05,2.0980834960937503e-05,2.5749206542968753e-05,3.4332275390625e-05,0.00019836425781200002,0.000370025634765,0.00038719177246000004,0.0005273818969720001,0.0005273818969720001," 0.0005273818969720001]""",0.001338958740234,0.00014305114746000002,0.0,0.0,0.0078125,9.441375732421876e-05,0.0006752014160150001,0.000266075134277,0.5046300154320981,0.5046315586419751,1.5432098765432092e-06
2598372530420,259837253042,0,0,143876385789,1.0,"""[0",0.0,0.0,0.0,0.0,9.5367431640625e-07,9.5367431640625e-07,9.5367431640625e-07,9.5367431640625e-07,9.5367431640625e-07," 9.5367431640625e-07]""",0.00022506713867100002,5.626678466796876e-05,0.0,0.0,0.0078125,8.106231689453125e-05,9.059906005859376e-05,8.964538574218751e-05,0.501866512345679,0.501868055555555,1.5432098765432092e-06
2598372530420,259837253042,0,0,143876385789,1.0,"""[0.0005989074707030001",0.0007400512695310001,0.001079559326171,0.00169563293457,0.002265930175781,0.0032157897949210003,0.004074096679687,0.006034851074218001,0.00811767578125,0.00885009765625," 0.009384155273437]""",0.009384155273437,0.004066467285156,0.0,0.0,0.0078125,0.00021266937255800001,0.0009431838989250001,0.000371932983398,0.501848379629629,0.501851851851851,3.4722222222222215e-06
2598372530420,259837253042,0,0,21372228,1.0,"""[0",0.0,0.0,0.0,9.5367431640625e-07,9.5367431640625e-07,9.5367431640625e-07,1.9073486328125e-06,1.9073486328125e-06,1.9073486328125e-06," 1.9073486328125e-06]""",0.00019741058349600002,3.814697265625e-05,0.0,0.0,0.0078125,2.86102294921875e-06,7.62939453125e-06,7.62939453125e-06,0.508190200617283,0.50819174382716,1.5432098765432092e-06
2598372530420,259837253042,0,0,1579459503,1.0,"""[0",0.0,0.0,0.0,0.0,0.0,0.0,0.0,0.0,0.0," 0]""",0.0,0.0,0.0,0.0,0.0078125,0.0,9.5367431640625e-07,9.5367431640625e-07,0.507628858024691,0.50762924382716,3.858024691358024e-07
2598372530420,259837253042,0,0,3092500485,1.0,"""[0",0.0,0.0,8.58306884765625e-06,2.6702880859375003e-05,8.773803710937501e-05,0.000149726867675,0.00016689300537100002,0.0037498474121090003,0.0037498474121090003," 0.0037498474121090003]""",0.00787353515625,0.0029449462890620004,0.0,0.0,0.0078125,0.0,0.000165939331054,6.67572021484375e-05,0.5067237654320981,0.5067253086419751,1.5432098765432092e-06
2598372530420,259837253042,0,0,3092500485,1.0,"""[0",0.0,0.0,0.0,0.0,0.0,0.0,0.0,0.0,0.0," 0]""",0.000561714172363,0.000186920166015,0.0,0.0,0.0078125,0.00081729888916,0.0006875991821280001,0.0006875991821280001,0.506721836419753,0.50672299382716,1.157407407407407e-06
2598372530420,259837253042,0,0,21393415,1.0,"""[0.0033874511718750004",0.0033874511718750004,0.0033874511718750004,0.0033874511718750004,0.0033874511718750004,0.005706787109375001,0.008026123046875,0.008026123046875,0.008026123046875,0.008026123046875," 0.008026123046875]""",0.00339126586914,0.00169563293457,0.0,0.0,0.0078125,1.9073486328125e-06,4.863739013671876e-05,2.4795532226562503e-05,0.505954861111111,0.505955632716049,7.716049382716048e-07
2598372530420,259837253042,0,0,21284367,1.0,"""[6.67572021484375e-05",0.000431060791015,0.0006294250488280001,0.000986099243164,0.00128173828125,0.002445220947265,0.005744934082031,0.007080078125,0.007606506347656,0.012939453125," 0.019866943359375]""",0.02532958984375,0.004623413085937,0.0,0.0,0.0078125,0.0005416870117180001,0.0025749206542960003,0.001459121704101,0.5047492283950611,0.5047677469135801,1.8518518518518515e-05
2598372530420,259837253042,0,0,39175913234,1.0,"""[0",0.0,0.0,0.0,9.5367431640625e-07,9.5367431640625e-07,9.5367431640625e-07,1.9073486328125e-06,1.9073486328125e-06,1.9073486328125e-06," 1.9073486328125e-06]""",0.0,0.0,0.0,0.0,0.0078125,9.5367431640625e-07,5.7220458984375e-06,5.7220458984375e-06,0.505607638888888,0.505609567901234,1.929012345679012e-06
2598372530420,259837253042,0,0,39175913234,1.0,"""[2.5749206542968753e-05",0.00031375885009700004,0.00045776367187500005,0.000933647155761,0.0015239715576170001,0.0017833709716790001,0.003318786621093,0.007316589355468001,0.008209228515625,0.011276245117187," 0.030914306640625003]""",0.030914306640625003,0.004844665527343001,0.0,0.0,0.0078125,0.0004911422729490001,0.002693176269531,0.001413345336914,0.505586805555555,0.505603395061728,1.6589506172839503e-05
2598372530420,259837253042,0,0,40486423651,1.0,"""[0",0.0,0.0,0.0,0.0,9.5367431640625e-07,9.5367431640625e-07,9.5367431640625e-07,9.5367431640625e-07,9.5367431640625e-07," 9.5367431640625e-07]""",0.0,0.0,0.0,0.0,0.0078125,1.9073486328125e-06,6.67572021484375e-06,5.7220458984375e-06,0.506797067901234,0.50679899691358,1.929012345679012e-06
2598372530420,259837253042,0,0,250619380618,1.0,"""[0",0.0,0.0,0.0,0.0,0.0,9.5367431640625e-07,9.5367431640625e-07,9.5367431640625e-07,9.5367431640625e-07," 9.5367431640625e-07]""",0.0006141662597650001,4.959106445312501e-05,0.0,0.0,0.0078125,2.86102294921875e-06,1.1444091796875002e-05,1.1444091796875002e-05,0.502075231481481,0.502078317901234,3.0864197530864187e-06
2598372530420,259837253042,0,0,21284367,1.0,"""[0",0.0,0.0,0.004150390625,0.004165649414062,0.005989074707031,0.007843017578125,0.007904052734375,0.008163452148437,0.008163452148437," 0.008163452148437]""",0.008148193359375,0.003837585449218,0.0,0.0,0.0078125,1.9073486328125e-06,0.000174522399902,6.389617919921875e-05,0.5047689043209871,0.504770061728395,1.157407407407407e-06
2598372530420,259837253042,0,0,311203837347,1.0,"""[2.8610229492187503e-05",0.00022029876708900002,0.000506401062011,0.0008363723754880001,0.001100540161132,0.001474380493164,0.003608703613281,0.006935119628906,0.0089111328125,0.011245727539062," 0.019866943359375]""",0.019866943359375,0.004524230957031,0.0,0.0,0.0078125,0.000524520874023,0.00262451171875,0.00148582458496,0.504611111111111,0.504626543209876,1.5432098765432103e-05
2598372530420,259837253042,0,0,1579459503,1.0,"""[4.673004150390626e-05",0.000290870666503,0.000536918640136,0.001047134399414,0.001251220703125,0.0025749206542960003,0.004646301269531,0.007736206054687,0.008636474609375,0.013214111328125002," 0.02044677734375]""",0.023529052734375003,0.004981994628906,0.0,0.0,0.0078125,0.00048732757568300004,0.0026054382324210003,0.001468658447265,0.5076149691358021,0.5076284722222221,1.3503086419753082e-05
2598372530420,259837253042,0,0,21305997,1.0,"""[0",0.0,0.0,0.0,0.0,0.0,9.5367431640625e-07,9.5367431640625e-07,9.5367431640625e-07,9.5367431640625e-07," 9.5367431640625e-07]""",0.0,0.0,0.0,0.0,0.0078125,3.24249267578125e-05,3.910064697265625e-05,3.910064697265625e-05,0.504353780864197,0.5043560956790121,2.314814814814814e-06
2598372530420,259837253042,0,0,39175913234,1.0,"""[0",0.0,0.0,0.0,0.0,0.0,0.0,0.0,0.0,0.0,"0]""",0.0,0.0,0.0,0.0,0.0078125,0.0008630752563470001,0.0008773803710930001,0.0008773803710930001,0.505605324074074,0.5056057098765431,3.858024691358024e-07
2598372530420,259837253042,0,0,1578989065,1.0,"""[0",0.0,0.0,0.0,0.0,0.0,0.0,0.0,0.0,0.0,"0]""",0.0,0.0,0.0,0.0,0.0078125,0.0,9.5367431640625e-07,9.5367431640625e-07,0.5058854166666661,0.5058858024691351,3.858024691358024e-07
2598372530420,259837253042,0,0,143876385789,1.0,"""[1.811981201171875e-05",1.811981201171875e-05,1.811981201171875e-05,2.2888183593750003e-05,3.337860107421875e-05,0.00013160705566400002,0.00023746490478500002,0.000255584716796,0.000767707824707,0.000767707824707," 0.000767707824707]""",0.0019149780273430002,0.000201225280761,0.0,0.0,0.0078125,8.106231689453125e-05,0.0006494522094720001,0.00025272369384700004,0.501864969135802,0.501866512345679,1.5432098765432092e-06
2598372530420,259837253042,0,0,1578989065,1.0,"""[0",0.0,0.0,0.0,0.0,0.0,0.0,0.0,0.0,0.0," 0]""",0.0,0.0,0.0,0.0,0.0078125,9.5367431640625e-07,5.7220458984375e-06,5.7220458984375e-06,0.50588811728395,0.5058900462962961,1.929012345679012e-06
2598372530420,259837253042,0,0,250619380618,1.0,"""[0",0.0,0.0,0.0,0.0,0.0,0.0,0.0,0.0,0.0," 0]""",0.0,0.0,0.0,0.0,0.0078125,0.0,9.5367431640625e-07,9.5367431640625e-07,0.5020729166666661,0.5020733024691351,3.858024691358024e-07
2598372530420,259837253042,0,0,21393415,1.0,"""[0.000611305236816",0.000611305236816,0.000611305236816,0.000611305236816,0.000713348388671,0.000726699829101,0.0007400512695310001,0.000772476196289,0.000772476196289,0.000772476196289," 0.000772476196289]""",0.0009098052978510001,0.00068187713623,0.0,0.0,0.0078125,0.000135421752929,0.001070022583007,0.0007362365722650001,0.5059579475308641,0.505959104938271,1.157407407407407e-06
2598372530420,259837253042,0,0,39175913234,1.0,"""[1.621246337890625e-05",1.621246337890625e-05,1.621246337890625e-05,1.621246337890625e-05,1.621246337890625e-05,1.621246337890625e-05,1.621246337890625e-05,1.621246337890625e-05,1.621246337890625e-05,1.621246337890625e-05," 1.621246337890625e-05]""",0.0,0.0,0.0,0.0,0.0078125,0.0,9.5367431640625e-07,9.5367431640625e-07,0.505586419753086,0.505586805555555,3.858024691358024e-07
2598372530420,259837253042,0,0,311203837347,1.0,"""[0",0.0,0.0,0.0,0.0,0.0,0.0,0.0,0.0,0.0," 0]""",0.0,0.0,0.0,0.0,0.0078125,0.0,9.5367431640625e-07,9.5367431640625e-07,0.5046269290123451,0.504627314814814,3.858024691358024e-07
2598372530420,259837253042,0,0,21218149,1.0,"""[0.007492065429687",0.007492065429687,0.007492065429687,0.007492065429687,0.007492065429687,0.007705688476562,0.007919311523437,0.007919311523437,0.007919311523437,0.007919311523437," 0.007919311523437]""",0.007919311523437,0.005447387695312,0.0,0.0,0.0078125,3.814697265625e-06,0.000269889831542,0.00020885467529200002,0.501255015432098,0.501255787037037,7.716049382716048e-07
2598372530420,259837253042,0,0,311203837347,1.0,"""[0.00290298461914",0.00290298461914,0.004447937011718001,0.006034851074218001,0.006607055664062,0.007194519042968001,0.007591247558593001,0.007980346679687,0.008026123046875,0.008026123046875," 0.008026123046875]""",0.008026123046875,0.007331848144531,0.0,0.0,0.0078125,7.62939453125e-06,0.00049877166748,0.000359535217285,0.504628086419753,0.504629629629629,1.5432098765432092e-06
2598372530420,259837253042,0,0,3121287064,1.0,"""[0",0.00024223327636700001,0.0005941390991210001,0.0008144378662100001,0.0013427734375,0.0029258728027340003,0.004531860351562,0.007064819335937,0.008590698242187,0.0125732421875," 0.01910400390625]""",0.019287109375,0.004714965820312,0.0,0.0,0.0078125,0.00049877166748,0.002510070800781,0.0014362335205070002,0.5078159722222221,0.507832947530864,1.6975308641975302e-05
2598372530420,259837253042,0,0,21305997,1.0,"""[2.7656555175781253e-05",0.00013160705566400002,0.00039577484130800004,0.000682830810546,0.001276016235351,0.002201080322265,0.003303527832031,0.006294250488281,0.00811767578125,0.013015747070312," 0.020538330078125]""",0.020538330078125,0.004501342773437,0.0,0.0,0.0078125,0.000525474548339,0.002647399902343,0.001537322998046,0.504333719135802,0.504349151234567,1.5432098765432103e-05
2598372530420,259837253042,0,0,21218149,1.0,"""[0.001094818115234",0.001094818115234,0.001094818115234,0.001094818115234,0.001094818115234,0.002044677734375,0.00299072265625,0.00299072265625,0.00299072265625,0.00299072265625," 0.00299072265625]""",0.0010986328125,0.00054931640625,0.0,0.0,0.0078125,1.9073486328125e-06,1.52587890625e-05,8.58306884765625e-06,0.50125424382716,0.501255015432098,7.716049382716048e-07
