UniqJobId,collection_id,instance_index,priority,machine_id,sample_rate,cpu_usage_distribution1,cpu_usage_distribution2,cpu_usage_distribution3,cpu_usage_distribution4,cpu_usage_distribution5,cpu_usage_distribution6,cpu_usage_distribution7,cpu_usage_distribution8,cpu_usage_distribution9,cpu_usage_distribution10,cpu_usage_distribution11,max_cpu,avg_cpu,cycles_per_instruction,memory_accesses_per_instruction,assigned_memory,page_cache_memory,max_memory,avg_memory,start_time,end_time,time_window
2598372648580,259837264858,0,0,375996917656,1.0,"""[0",0.0,0.0,1.9073486328125e-06,6.67572021484375e-06,1.1444091796875002e-05,1.52587890625e-05,2.002716064453125e-05,2.1934509277343753e-05,2.1934509277343753e-05," 2.1934509277343753e-05]""",0.0,0.0,0.0,0.0,0.006507873535156,0.0,9.5367431640625e-07,9.5367431640625e-07,0.508517361111111,0.508518518518518,1.157407407407407e-06
2598372648580,259837264858,0,0,22339896,1.0,"""[0",0.0,0.0,0.0,0.0,0.0,0.0,0.0,0.0,0.0," 0]""",0.000335693359375,0.00016784667968700002,0.0,0.0,0.006507873535156,0.000773429870605,0.0007858276367180001,0.0007858276367180001,0.501149305555555,0.5011500771604931,7.716049382716048e-07
2598372648580,259837264858,0,0,21141564,1.0,"""[9.5367431640625e-06",9.5367431640625e-06,9.5367431640625e-06,9.5367431640625e-06,9.5367431640625e-06,9.5367431640625e-06,9.5367431640625e-06,9.5367431640625e-06,9.5367431640625e-06,9.5367431640625e-06," 9.5367431640625e-06]""",0.0,0.0,0.0,0.0,0.006507873535156,0.0,1.9073486328125e-06,1.9073486328125e-06,0.5024239969135801,0.5024243827160491,3.858024691358024e-07
2598372648580,259837264858,0,0,21141564,1.0,"""[0",0.0,0.0,9.5367431640625e-07,9.5367431640625e-07,9.5367431640625e-07,1.9073486328125e-06,1.9073486328125e-06,1.9073486328125e-06,1.9073486328125e-06," 1.9073486328125e-06]""",0.0,0.0,0.0,0.0,0.006507873535156,2.86102294921875e-06,9.5367431640625e-06,9.5367431640625e-06,0.502427469135802,0.5024301697530861,2.7006172839506168e-06
2598372648580,259837264858,0,0,21305997,1.0,"""[0",0.0,0.0,4.76837158203125e-06,1.3351440429687502e-05,2.1934509277343753e-05,3.0517578125e-05,4.00543212890625e-05,0.00015163421630800001,0.00015163421630800001," 0.00015163421630800001]""",0.00020790100097600002,5.149841308593751e-05,0.0,0.0,0.006507873535156,0.0007638931274410001,0.000776290893554,0.000776290893554,0.5083908179012341,0.5083923611111111,1.5432098765432092e-06
2598372648580,259837264858,0,0,3092500485,1.0,"""[0",0.0,0.0,7.62939453125e-06,1.4305114746093752e-05,2.1934509277343753e-05,2.9563903808593753e-05,3.62396240234375e-05,9.155273437500001e-05,0.000139236450195," 0.000139236450195]""",0.001251220703125,8.106231689453125e-05,0.0,0.0,0.006507873535156,9.5367431640625e-07,6.67572021484375e-06,6.67572021484375e-06,0.5057507716049381,0.5057527006172841,1.929012345679012e-06
2598372648580,259837264858,0,0,96915541339,1.0,"""[7.343292236328125e-05",7.343292236328125e-05,0.00010585784912100001,0.0001802444458,0.00021171569824200001,0.00024223327636700001,0.0010662078857420001,0.0010967254638670001,0.0024871826171870004,0.00250244140625," 0.00250244140625]""",0.010391235351562,0.0022544860839840003,0.0,0.0,0.006507873535156,0.000761985778808,0.0024566650390620004,0.00160789489746,0.500694444444444,0.500697530864197,3.0864197530864187e-06
2598372648580,259837264858,0,0,21305997,1.0,"""[0",0.0,0.0,0.0,0.0,0.0,0.0,0.0,0.0,0.0,"0]""",0.0,0.0,0.0,0.0,0.006507873535156,0.0,9.5367431640625e-07,9.5367431640625e-07,0.508391589506172,0.508391975308642,3.858024691358024e-07
2598372648580,259837264858,0,0,21141564,1.0,"""[0",0.0,0.0,0.0,0.0,0.0,0.0,0.0,0.0,0.0," 0]""",0.00030326843261700004,0.00010108947753900001,0.0,0.0,0.006507873535156,0.000761985778808,0.0007781982421870001,0.0007781982421870001,0.502423611111111,0.502424768518518,1.157407407407407e-06
2598372648580,259837264858,0,0,21305997,1.0,"""[0",0.0,0.0,8.58306884765625e-06,2.6702880859375003e-05,6.580352783203125e-05,0.00010585784912100001,0.000123023986816,0.007759094238281,0.007759094238281," 0.007759094238281]""",0.007858276367187,0.0052490234375,0.0,0.0,0.006507873535156,9.5367431640625e-07,0.00020408630371000002,8.773803710937501e-05,0.50839274691358,0.5083939043209871,1.157407407407407e-06
2598372648580,259837264858,0,0,3092500485,1.0,"""[0",0.0,0.0,0.0,0.0,0.0,0.0,0.0,0.0,0.0," 0]""",0.0,0.0,0.0,0.0,0.006507873535156,0.0,9.5367431640625e-07,9.5367431640625e-07,0.505748456790123,0.505748842592592,3.858024691358024e-07
2598372648580,259837264858,0,0,21372228,1.0,"""[0",0.0,0.0,4.76837158203125e-06,1.3351440429687502e-05,2.1934509277343753e-05,3.0517578125e-05,4.00543212890625e-05,0.000191688537597,0.000191688537597," 0.000191688537597]""",0.000222206115722,5.531311035156251e-05,0.0,0.0,0.006507873535156,0.000757217407226,0.000768661499023,0.000768661499023,0.505684799382716,0.505686342592592,1.5432098765432092e-06
2598372648580,259837264858,0,0,21305997,1.0,"""[0.0019207000732420001",0.0019207000732420001,0.0019207000732420001,0.0019207000732420001,0.0019207000732420001,0.0019207000732420001,0.0019207000732420001,0.0019207000732420001,0.0019207000732420001,0.0019207000732420001," 0.0019207000732420001]""",0.0,0.0,0.0,0.0,0.006507873535156,0.0,9.5367431640625e-07,9.5367431640625e-07,0.508391975308642,0.5083923611111111,3.858024691358024e-07
2598372648580,259837264858,0,0,1578782184,1.0,"""[0",0.0,0.0,4.76837158203125e-06,1.3351440429687502e-05,2.1934509277343753e-05,3.0517578125e-05,4.00543212890625e-05,0.000144004821777,0.000144004821777," 0.000144004821777]""",0.00035572052001900005,5.245208740234376e-05,0.0,0.0,0.006507873535156,0.000773429870605,0.000786781311035,0.0007858276367180001,0.505034336419753,0.505035879629629,1.5432098765432092e-06
2598372648580,259837264858,0,0,3092500485,1.0,"""[0",0.0,0.0,0.0,0.0,0.0,0.0,0.0,0.0,0.0," 0]""",0.0,0.0,0.0,0.0,0.006507873535156,0.000781059265136,0.0007905960083000001,0.0007905960083000001,0.505748842592592,0.5057492283950611,3.858024691358024e-07
2598372648580,259837264858,0,0,104792297949,1.0,"""[0",0.0,0.0,0.0,0.0,0.0,0.0,0.0,0.0,0.0,"0]""",0.0,0.0,0.0,0.0,0.0,0.0,9.5367431640625e-07,9.5367431640625e-07,0.508581018518518,0.5085814043209871,3.858024691358024e-07
2598372648580,259837264858,0,0,1713489854,1.0,"""[0.000493049621582",0.0008449554443350001,0.0027923583984370004,0.0030632019042960003,0.00408935546875,0.005897521972656,0.007476806640625001,0.008377075195312,0.009658813476562,0.016632080078125," 0.022491455078125003]""",0.022491455078125003,0.007377624511718001,0.0,0.0,0.006507873535156,0.00040721893310500005,0.002296447753906,0.001070022583007,0.5031168981481481,0.5031249999999999,8.10185185185185e-06
2598372648580,259837264858,0,0,22339896,1.0,"""[0",0.0,0.0,0.0,0.0,0.0,0.0,0.0,0.0,0.0," 0]""",0.0,0.0,0.0,0.0,0.006507873535156,0.0,9.5367431640625e-07,9.5367431640625e-07,0.501149691358024,0.5011500771604931,3.858024691358024e-07
2598372648580,259837264858,0,0,96915541339,1.0,"""[0",0.0,0.0,0.0,0.0,0.0,0.0,0.0,0.0,0.0," 0]""",0.0,0.0,0.0,0.0,0.006507873535156,0.0,9.5367431640625e-07,9.5367431640625e-07,0.5006979166666661,0.500698688271604,7.716049382716048e-07
2598372648580,259837264858,0,0,40486423651,1.0,"""[0",0.0,0.0,0.0,0.0,0.0,0.0,0.0,0.0,0.0," 0]""",0.0,0.0,0.0,0.0,0.006507873535156,0.0,9.5367431640625e-07,9.5367431640625e-07,0.502871141975308,0.5028719135802471,7.716049382716048e-07
2598372648580,259837264858,0,0,21372228,1.0,"""[9.5367431640625e-07",2.8610229492187503e-05,0.0006074905395500001,0.0015277862548820002,0.002754211425781,0.005500793457031,0.00628662109375,0.007568359375,0.00994873046875,0.015213012695312," 0.02435302734375]""",0.024383544921875003,0.006111145019531,0.0,0.0,0.006507873535156,0.00046634674072200004,0.002368927001953,0.001131057739257,0.5056736111111111,0.505684799382716,1.118827160493827e-05
2598372648580,259837264858,0,0,21372228,1.0,"""[0.007553100585937",0.007553100585937,0.007553100585937,0.007553100585937,0.007949829101562,0.00799560546875,0.008026123046875,0.008163452148437,0.008163452148437,0.008163452148437," 0.008163452148437]""",0.01611328125,0.009124755859375,0.0,0.0,0.006507873535156,0.0,0.00020313262939400002,0.000134468078613,0.505686342592592,0.50568711419753,7.716049382716048e-07
2598372648580,259837264858,0,0,21141564,1.0,"""[0",0.0,0.0,0.0,0.0,0.0,0.0,0.0,0.0,0.0," 0]""",0.0,0.0,0.0,0.0,0.006507873535156,0.000761985778808,0.0007772445678710001,0.0007772445678710001,0.502424768518518,0.502425154320987,3.858024691358024e-07
2598372648580,259837264858,0,0,21141564,1.0,"""[0.0013866424560540001",0.0013866424560540001,0.0013866424560540001,0.0013866424560540001,0.0013866424560540001,0.0013866424560540001,0.0013866424560540001,0.0013866424560540001,0.0013866424560540001,0.0013866424560540001," 0.0013866424560540001]""",0.0,0.0,0.0,0.0,0.006507873535156,0.0,1.9073486328125e-06,1.9073486328125e-06,0.5024243827160491,0.502424768518518,3.858024691358024e-07
2598372648580,259837264858,0,0,938980719,1.0,"""[0",0.0,0.0,0.0,0.0,0.0,0.0,0.0,0.0,0.0,"0]""",0.0,0.0,0.0,0.0,0.006507873535156,0.0,9.5367431640625e-07,9.5367431640625e-07,0.501978395061728,0.501978780864197,3.858024691358024e-07
2598372648580,259837264858,0,0,375996917656,1.0,"""[0",7.43865966796875e-05,0.000590324401855,0.001014709472656,0.002281188964843,0.004890441894531,0.006271362304687,0.007781982421875001,0.010009765625,0.01947021484375," 0.02142333984375]""",0.02142333984375,0.006484985351562,0.0,0.0,0.006507873535156,0.000483512878417,0.00247573852539,0.001140594482421,0.508506558641975,0.5085165895061721,1.003086419753086e-05
2598372648580,259837264858,0,0,21305997,1.0,"""[0.00787353515625",0.00787353515625,0.00787353515625,0.00787353515625,0.00787353515625,0.00787353515625,0.00787353515625,0.00787353515625,0.00787353515625,0.00787353515625," 0.00787353515625]""",0.0019245147705070002,0.0019245147705070002,0.0,0.0,0.006507873535156,0.0,4.482269287109376e-05,4.482269287109376e-05,0.5083923611111111,0.50839274691358,3.858024691358024e-07
2598372648580,259837264858,0,0,250619266270,1.0,"""[0",0.0,0.0,0.0,0.0,0.0,0.0,0.0,0.0,0.0,"0]""",0.0,0.0,0.0,0.0,0.006507873535156,0.000757217407226,0.000775337219238,0.000775337219238,0.5090308641975301,0.50903125,3.858024691358024e-07
2598372648580,259837264858,0,0,21305997,1.0,"""[0",0.0,0.0,0.0,0.0,0.0,0.0,0.0,0.0,0.0," 0]""",0.0,0.0,0.0,0.0,0.006507873535156,0.0,9.5367431640625e-07,9.5367431640625e-07,0.508391203703703,0.508391589506172,3.858024691358024e-07
2598372648580,259837264858,0,0,1713141410,1.0,"""[0",0.0,0.0,0.0,0.0,0.0,0.0,0.0,0.0,0.0,"0]""",0.008071899414062,0.008071899414062,0.0,0.0,0.006507873535156,0.0,0.00018978118896400002,0.00018978118896400002,0.5037631172839501,0.503763503086419,3.858024691358024e-07
2598372648580,259837264858,0,0,21372228,1.0,"""[0",0.0,0.0,0.0,0.0,9.5367431640625e-07,9.5367431640625e-07,9.5367431640625e-07,9.5367431640625e-07,9.5367431640625e-07," 9.5367431640625e-07]""",0.00031375885009700004,2.6702880859375003e-05,0.0,0.0,0.006507873535156,9.5367431640625e-07,6.67572021484375e-06,5.7220458984375e-06,0.505688271604938,0.5056902006172841,1.929012345679012e-06
2598372648580,259837264858,0,0,938980719,1.0,"""[3.147125244140625e-05",7.05718994140625e-05,0.000986099243164,0.002273559570312,0.00439453125,0.005722045898437,0.0076904296875,0.00927734375,0.009841918945312,0.01568603515625," 0.02178955078125]""",0.027313232421875003,0.006698608398437,0.0,0.0,0.006507873535156,0.000520706176757,0.002403259277343,0.001384735107421,0.501967592592592,0.501977237654321,9.645061728395062e-06
2598372648580,259837264858,0,0,938980719,1.0,"""[0.002876281738281",0.002876281738281,0.002876281738281,0.008209228515625,0.008224487304687,0.008255004882812,0.008285522460937,0.00830078125,0.008529663085937,0.008529663085937," 0.008529663085937]""",0.008224487304687,0.006431579589843001,0.0,0.0,0.006507873535156,9.5367431640625e-07,0.000329971313476,0.00018215179443300001,0.501978780864197,0.501979938271604,1.157407407407407e-06
2598372648580,259837264858,0,0,21305997,1.0,"""[1.3351440429687502e-05",0.000528335571289,0.0007486343383780001,0.001474380493164,0.0032157897949210003,0.004707336425781,0.005989074707031,0.00726318359375,0.007919311523437,0.01654052734375," 0.024200439453125003]""",0.024200439453125003,0.005905151367187,0.0,0.0,0.006507873535156,0.000421524047851,0.00253677368164,0.0011959075927730001,0.50837924382716,0.5083908179012341,1.157407407407407e-05
2598372648580,259837264858,0,0,1713141410,1.0,"""[0",0.0,0.0,0.0,0.0,9.5367431640625e-07,9.5367431640625e-07,9.5367431640625e-07,9.5367431640625e-07,9.5367431640625e-07," 9.5367431640625e-07]""",0.0,0.0,0.0,0.0,0.006507873535156,9.5367431640625e-07,5.7220458984375e-06,5.7220458984375e-06,0.503765046296296,0.5037662037037031,1.157407407407407e-06
2598372648580,259837264858,0,0,96915541339,1.0,"""[0.0006189346313470001",0.0010967254638670001,0.001575469970703,0.0035972595214840003,0.003990173339843001,0.007858276367187,0.008010864257812,0.0101318359375,0.0167236328125,0.0194091796875," 0.0225830078125]""",0.0225830078125,0.008132934570312,0.0,0.0,0.006507873535156,0.00038623809814400005,0.0020103454589840003,0.0009431838989250001,0.5006875,0.500694444444444,6.944444444444443e-06
2598372648580,259837264858,0,0,21400972,1.0,"""[0",0.0,0.0,0.0,0.0,0.0,0.0,0.0,0.0,0.0," 0]""",0.0,0.0,0.0,0.0,0.006507873535156,0.0,9.5367431640625e-07,9.5367431640625e-07,0.504845679012345,0.504846836419753,1.157407407407407e-06
2598372648580,259837264858,0,0,21141564,1.0,"""[0",0.0,0.0,8.58306884765625e-06,2.6702880859375003e-05,8.773803710937501e-05,0.000149726867675,0.00016689300537100002,0.00384521484375,0.00384521484375," 0.00384521484375]""",0.008407592773437,0.0031089782714840003,0.0,0.0,0.006507873535156,2.86102294921875e-06,0.00044536590576100003,0.000130653381347,0.502425925925925,0.502427469135802,1.5432098765432092e-06
2598372648580,259837264858,0,0,375996917656,1.0,"""[0",0.0,0.0,0.0,0.0,0.0,0.0,0.0,0.0,0.0," 0]""",0.000259399414062,5.149841308593751e-05,0.0,0.0,0.006507873535156,0.000788688659667,0.0008068084716790001,0.0008068084716790001,0.5085165895061721,0.508518518518518,1.929012345679012e-06
2598372648580,259837264858,0,0,3092500485,1.0,"""[0",0.0,0.0,0.0,0.0,0.0,0.0,0.0,0.0,0.0," 0]""",0.00019931793212800002,6.67572021484375e-05,0.0,0.0,0.006507873535156,0.000781059265136,0.000791549682617,0.0007905960083000001,0.5057476851851851,0.505748842592592,1.157407407407407e-06
2598372648580,259837264858,0,0,3092500485,1.0,"""[7.62939453125e-06",7.62939453125e-06,7.62939453125e-06,7.62939453125e-06,7.62939453125e-06,7.62939453125e-06,7.62939453125e-06,7.62939453125e-06,7.62939453125e-06,7.62939453125e-06," 7.62939453125e-06]""",0.0,0.0,0.0,0.0,0.006507873535156,0.0,9.5367431640625e-07,9.5367431640625e-07,0.5057357253086421,0.505736111111111,3.858024691358024e-07
2598372648580,259837264858,0,0,1713489854,1.0,"""[0",0.0,0.0,0.0,0.0,0.0,0.0,0.0,0.0,0.0,"0]""",0.0,0.0,0.0,0.0,0.006507873535156,0.0,9.5367431640625e-07,9.5367431640625e-07,0.503126929012345,0.503127314814814,3.858024691358024e-07
2598372648580,259837264858,0,0,21372228,1.0,"""[2.3841857910156253e-05",2.3841857910156253e-05,2.3841857910156253e-05,2.3841857910156253e-05,0.00014114379882800002,0.000154495239257,0.00016689300537100002,0.0019168853759760002,0.0019168853759760002,0.0019168853759760002," 0.0019168853759760002]""",0.007637023925781,0.0031852722167960003,0.0,0.0,0.006507873535156,9.5367431640625e-07,0.00040626525878900005,0.00024223327636700001,0.50568711419753,0.505688271604938,1.157407407407407e-06
2598372648580,259837264858,0,0,1713489854,1.0,"""[3.4332275390625e-05",3.4332275390625e-05,3.4332275390625e-05,5.245208740234376e-05,7.05718994140625e-05,0.00013160705566400002,0.00019359588623000002,0.00021171569824200001,0.0015411376953120002,0.0015411376953120002," 0.0015411376953120002]""",0.005958557128906,0.001882553100585,0.0,0.0,0.006507873535156,0.0007791519165030001,0.002510070800781,0.0016784667968750002,0.5031249999999999,0.503126543209876,1.5432098765432092e-06
2598372648580,259837264858,0,0,250619266270,1.0,"""[2.1934509277343753e-05",2.1934509277343753e-05,2.1934509277343753e-05,9.727478027343751e-05,0.000114440917968,0.000154495239257,0.00019359588623000002,0.00021171569824200001,0.00029563903808500004,0.00029563903808500004," 0.00029563903808500004]""",0.0017547607421870002,0.0004911422729490001,0.0,0.0,0.006507873535156,0.000757217407226,0.000835418701171,0.000834465026855,0.5090277777777771,0.5090293209876541,1.5432098765432092e-06
2598372648580,259837264858,0,0,22339896,1.0,"""[1.1444091796875002e-05",1.1444091796875002e-05,1.1444091796875002e-05,1.1444091796875002e-05,1.1444091796875002e-05,1.1444091796875002e-05,1.1444091796875002e-05,1.1444091796875002e-05,1.1444091796875002e-05,1.1444091796875002e-05," 1.1444091796875002e-05]""",0.0,0.0,0.0,0.0,0.006507873535156,0.0,9.5367431640625e-07,9.5367431640625e-07,0.501135802469135,0.501136188271604,3.858024691358024e-07
2598372648580,259837264858,0,0,21305997,1.0,"""[1.9073486328125e-06",1.9073486328125e-06,1.9073486328125e-06,1.9073486328125e-06,1.9073486328125e-06,1.9073486328125e-06,1.9073486328125e-06,1.9073486328125e-06,1.9073486328125e-06,1.9073486328125e-06," 1.9073486328125e-06]""",0.0,0.0,0.0,0.0,0.006507873535156,0.0007638931274410001,0.000775337219238,0.000775337219238,0.5083923611111111,0.50839274691358,3.858024691358024e-07
2598372648580,259837264858,0,0,1713141410,1.0,"""[0",0.0,0.0,2.1934509277343753e-05,8.773803710937501e-05,0.000154495239257,0.002113342285156,0.004074096679687,0.005928039550781,0.007759094238281," 0.007759094238281]""",0.00775146484375,0.002994537353515,0.0,0.0,0.006507873535156,9.5367431640625e-07,0.00028610229492100005,9.632110595703126e-05,0.503763503086419,0.503765046296296,1.5432098765432092e-06
2598372648580,259837264858,0,0,938980719,1.0,"""[0",0.0,0.0,4.76837158203125e-06,1.3351440429687502e-05,2.1934509277343753e-05,3.0517578125e-05,4.00543212890625e-05,0.00021171569824200001,0.00021171569824200001," 0.00021171569824200001]""",0.00021171569824200001,5.245208740234376e-05,0.0,0.0,0.006507873535156,0.000767707824707,0.0007820129394530001,0.0007820129394530001,0.501977237654321,0.501978780864197,1.5432098765432092e-06
2598372648580,259837264858,0,0,21372228,1.0,"""[9.5367431640625e-07",9.5367431640625e-07,9.5367431640625e-07,9.5367431640625e-07,9.5367431640625e-07,9.5367431640625e-07,9.5367431640625e-07,9.5367431640625e-07,9.5367431640625e-07,9.5367431640625e-07," 9.5367431640625e-07]""",0.0,0.0,0.0,0.0,0.006507873535156,0.000757217407226,0.000767707824707,0.000767707824707,0.505686342592592,0.505686728395061,3.858024691358024e-07
2598372648580,259837264858,0,0,21400972,1.0,"""[2.3841857910156253e-05",0.000501632690429,0.00091552734375,0.00132942199707,0.0033721923828120004,0.006210327148437,0.006660461425781,0.007514953613281,0.012283325195312,0.015090942382812," 0.021820068359375]""",0.021820068359375,0.0064697265625,0.0,0.0,0.006507873535156,0.000473022460937,0.002532958984375,0.001192092895507,0.504836033950617,0.504845293209876,9.259259259259259e-06
2598372648580,259837264858,0,0,375996917656,1.0,"""[1.71661376953125e-05",1.71661376953125e-05,1.71661376953125e-05,1.71661376953125e-05,1.71661376953125e-05,1.71661376953125e-05,1.71661376953125e-05,1.71661376953125e-05,1.71661376953125e-05,1.71661376953125e-05," 1.71661376953125e-05]""",0.0,0.0,0.0,0.0,0.006507873535156,0.0,9.5367431640625e-07,9.5367431640625e-07,0.508506172839506,0.508506558641975,3.858024691358024e-07
2598372648580,259837264858,0,0,250619266270,1.0,"""[0",0.0,0.0,0.0,0.0,0.0,0.0,0.0,0.0,0.0," 0]""",0.000281333923339,7.05718994140625e-05,0.0,0.0,0.006507873535156,0.000757217407226,0.0007772445678710001,0.000776290893554,0.5090293209876541,0.5090308641975301,1.5432098765432092e-06
2598372648580,259837264858,0,0,73747862670,1.0,"""[0",0.0,0.0,0.0,0.0,0.0,0.0,0.0,0.0,0.0,"0]""",0.0,0.0,0.0,0.0,0.006507873535156,0.0007600784301750001,0.0007781982421870001,0.0007781982421870001,0.504466049382716,0.5044664351851851,3.858024691358024e-07
2598372648580,259837264858,0,0,96915541339,1.0,"""[0",0.0,0.0,0.0,0.0,0.0,0.0,0.0,0.0,0.0," 0]""",0.000329971313476,0.000109672546386,0.0,0.0,0.006507873535156,0.000769615173339,0.0007896423339840001,0.000788688659667,0.500697530864197,0.500698688271604,1.157407407407407e-06
2598372648580,259837264858,0,0,40486423651,1.0,"""[9.346008300781251e-05",0.0005989074707030001,0.0008630752563470001,0.001972198486328,0.004524230957031,0.005020141601562,0.006568908691406,0.007736206054687,0.0111083984375,0.017425537109375," 0.022705078125]""",0.022674560546875003,0.006851196289062,0.0,0.0,0.006507873535156,0.00045108795166,0.002532958984375,0.0011749267578120002,0.5028611111111111,0.502870756172839,9.645061728395062e-06
2598372648580,259837264858,0,0,40486423651,1.0,"""[0",0.0,0.0,0.0,8.58306884765625e-06,2.1934509277343753e-05,3.528594970703125e-05,0.000127792358398,0.000127792358398,0.000127792358398," 0.000127792358398]""",0.00017833709716700002,7.343292236328125e-05,0.0,0.0,0.006507873535156,0.0007553100585930001,0.0007658004760740001,0.0007658004760740001,0.502870756172839,0.5028719135802471,1.157407407407407e-06
2598372648580,259837264858,0,0,938980719,1.0,"""[0",0.0,0.0,0.0,0.0,5.7220458984375e-06,1.2397766113281252e-05,1.2397766113281252e-05,1.2397766113281252e-05,1.2397766113281252e-05," 1.2397766113281252e-05]""",0.0,0.0,0.0,0.0,0.006507873535156,0.0,9.5367431640625e-07,9.5367431640625e-07,0.5019780092592591,0.501978395061728,3.858024691358024e-07
2598372648580,259837264858,0,0,104792297949,1.0,"""[1.9073486328125e-06",1.9073486328125e-06,1.9073486328125e-06,1.9073486328125e-06,1.9073486328125e-06,1.9073486328125e-06,1.9073486328125e-06,1.9073486328125e-06,1.9073486328125e-06,1.9073486328125e-06," 1.9073486328125e-06]""",0.0,0.0,0.0,0.0,0.006507873535156,0.000787734985351,0.0008058547973630001,0.0008058547973630001,0.508581018518518,0.5085814043209871,3.858024691358024e-07
2598372648580,259837264858,0,0,3092500485,1.0,"""[0",0.0,0.0,0.0,0.0,0.0,0.0,0.0,0.0,0.0," 0]""",0.0,0.0,0.0,0.0,0.006507873535156,0.0,9.5367431640625e-07,9.5367431640625e-07,0.5057480709876541,0.505748456790123,3.858024691358024e-07
2598372648580,259837264858,0,0,73747862670,1.0,"""[0",0.0,0.0,0.0,0.0,0.0,0.0,0.0,0.0,0.0,"0]""",0.0,0.0,0.0,0.0,0.006507873535156,0.0,9.5367431640625e-07,9.5367431640625e-07,0.504466049382716,0.5044664351851851,3.858024691358024e-07
2598372648580,259837264858,0,0,73747862670,1.0,"""[2.5749206542968753e-05",5.722045898437501e-05,0.0009069442749020001,0.00210952758789,0.00341796875,0.004798889160156,0.005706787109375001,0.0079345703125,0.009796142578125,0.014312744140625002," 0.024078369140625003]""",0.026397705078125003,0.006355285644531,0.0,0.0,0.006507873535156,0.00048828124999999995,0.002593994140625,0.001232147216796,0.504456404320987,0.504465277777777,8.873456790123455e-06
2598372648580,259837264858,0,0,21141564,1.0,"""[0.000109672546386",0.000250816345214,0.000678062438964,0.0014572143554680002,0.002983093261718,0.004447937011718001,0.007293701171875001,0.00836181640625,0.009124755859375,0.014999389648437," 0.021484375]""",0.021484375,0.005805969238281,0.0,0.0,0.006507873535156,0.000501632690429,0.002410888671875,0.001186370849609,0.502412422839506,0.502423611111111,1.118827160493827e-05
2598372648580,259837264858,0,0,1713141410,1.0,"""[0",0.0,0.0,0.0,0.0,0.0,0.0,0.0,0.0,0.0," 0]""",0.0,0.0,0.0,0.0,0.006507873535156,0.0,9.5367431640625e-07,9.5367431640625e-07,0.503761959876543,0.503762345679012,3.858024691358024e-07
2598372648580,259837264858,0,0,73747862670,1.0,"""[0",0.0,0.0,0.0,8.58306884765625e-06,2.1934509277343753e-05,3.528594970703125e-05,0.000245094299316,0.000245094299316,0.000245094299316," 0.000245094299316]""",0.00027370452880800004,0.00013732910156200002,0.0,0.0,0.006507873535156,0.0007600784301750001,0.0007781982421870001,0.0007781982421870001,0.504465277777777,0.504466049382716,7.716049382716048e-07
2598372648580,259837264858,0,0,104792297949,1.0,"""[0",0.0,0.0,0.0,0.0,0.0,0.0,0.0,0.0,0.0," 0]""",0.0,0.0,0.0,0.0,0.006507873535156,0.0,9.5367431640625e-07,9.5367431640625e-07,0.508579475308642,0.508581018518518,1.5432098765432092e-06
