UniqJobId,collection_id,instance_index,priority,machine_id,sample_rate,cpu_usage_distribution1,cpu_usage_distribution2,cpu_usage_distribution3,cpu_usage_distribution4,cpu_usage_distribution5,cpu_usage_distribution6,cpu_usage_distribution7,cpu_usage_distribution8,cpu_usage_distribution9,cpu_usage_distribution10,cpu_usage_distribution11,max_cpu,avg_cpu,cycles_per_instruction,memory_accesses_per_instruction,assigned_memory,page_cache_memory,max_memory,avg_memory,start_time,end_time,time_window
2598372706630,259837270663,0,0,1578782184,1.0,"""[0.008316040039062",0.008316040039062,0.008316040039062,0.008316040039062,0.008316040039062,0.008316040039062,0.008316040039062,0.008316040039062,0.008316040039062,0.008316040039062," 0.008316040039062]""",0.00341796875,0.00341796875,0.0,0.0,0.010421752929687,0.0,4.482269287109376e-05,4.482269287109376e-05,0.5048719135802471,0.504872299382716,3.858024691358024e-07
2598372706630,259837270663,0,0,96915541339,1.0,"""[0",0.0,0.0,0.0,9.5367431640625e-07,9.5367431640625e-07,9.5367431640625e-07,9.5367431640625e-07,9.5367431640625e-07,9.5367431640625e-07," 9.5367431640625e-07]""",0.003456115722656,0.00023460388183500002,0.0,0.0,0.010421752929687,5.435943603515626e-05,6.389617919921875e-05,6.29425048828125e-05,0.5076118827160491,0.507615354938271,3.4722222222222215e-06
2598372706630,259837270663,0,0,1575664044,1.0,"""[2.3841857910156253e-05",2.3841857910156253e-05,2.3841857910156253e-05,9.727478027343751e-05,0.000114440917968,0.002662658691406,0.005233764648437,0.005264282226562,0.006179809570312,0.006179809570312," 0.006179809570312]""",0.006126403808593001,0.0028381347656250004,0.0,0.0,0.010421752929687,0.0,8.583068847656251e-05,4.768371582031251e-05,0.50552199074074,0.505523533950617,1.5432098765432092e-06
2598372706630,259837270663,0,0,3149122544,1.0,"""[0",0.0,0.0,0.0,0.0,0.0,0.0,0.0,0.0,0.0," 0]""",0.000255584716796,0.0001220703125,0.0,0.0,0.010421752929687,0.001075744628906,0.0010910034179680002,0.0010910034179680002,0.500500385802469,0.5005011574074071,7.716049382716048e-07
2598372706630,259837270663,0,0,21305997,1.0,"""[0",0.0,0.0,0.0,0.0,0.0,9.5367431640625e-07,9.5367431640625e-07,9.5367431640625e-07,9.5367431640625e-07," 9.5367431640625e-07]""",0.00016307830810500002,1.4305114746093752e-05,0.0,0.0,0.010421752929687,2.86102294921875e-06,8.58306884765625e-06,8.58306884765625e-06,0.503866898148148,0.503868441358024,1.5432098765432092e-06
2598372706630,259837270663,0,0,1578782184,1.0,"""[0.00341796875",0.00341796875,0.00341796875,0.00341796875,0.00341796875,0.00341796875,0.00341796875,0.00341796875,0.00341796875,0.00341796875," 0.00341796875]""",0.0,0.0,0.0,0.0,0.010421752929687,0.0,9.5367431640625e-07,9.5367431640625e-07,0.504871527777777,0.5048719135802471,3.858024691358024e-07
2598372706630,259837270663,0,0,1578782184,1.0,"""[0",0.0,0.0,0.0,0.0,0.0,0.0,9.5367431640625e-07,9.5367431640625e-07,9.5367431640625e-07," 9.5367431640625e-07]""",0.0,0.0,0.0,0.0,0.010421752929687,0.0,5.7220458984375e-06,4.76837158203125e-06,0.504873842592592,0.504875771604938,1.929012345679012e-06
2598372706630,259837270663,0,0,21305997,1.0,"""[0",0.0,0.0,0.0,0.0,0.0,0.0,0.0,0.0,0.0," 0]""",0.00022792816162100002,5.722045898437501e-05,0.0,0.0,0.010421752929687,0.001077651977539,0.001092910766601,0.001092910766601,0.5038630401234561,0.5038645833333331,1.5432098765432092e-06
2598372706630,259837270663,0,0,96915541339,1.0,"""[0.002113342285156",0.002113342285156,0.002113342285156,0.002113342285156,0.004013061523437,0.0040283203125,0.004043579101562,0.008331298828125,0.008331298828125,0.008331298828125," 0.008331298828125]""",0.008331298828125,0.006698608398437,0.0,0.0,0.010421752929687,3.814697265625e-05,0.001184463500976,0.0006942749023430001,0.507610725308641,0.5076118827160491,1.157407407407407e-06
2598372706630,259837270663,0,0,77436999321,1.0,"""[0",0.0,0.0,0.0,8.58306884765625e-06,2.1934509277343753e-05,3.528594970703125e-05,0.00018978118896400002,0.00018978118896400002,0.00018978118896400002," 0.00018978118896400002]""",0.00030422210693300004,7.915496826171875e-05,0.0,0.0,0.010421752929687,0.0011272430419920001,0.001106262207031,0.001106262207031,0.505666666666666,0.5056678240740741,1.157407407407407e-06
2598372706630,259837270663,0,0,382797076623,1.0,"""[0",0.0,0.0,0.0,0.0,0.0,0.0,0.0,0.0,0.0,"0]""",0.0,0.0,0.0,0.0,0.010421752929687,0.0,9.5367431640625e-07,9.5367431640625e-07,0.506952546296296,0.506952932098765,3.858024691358024e-07
2598372706630,259837270663,0,0,21305997,1.0,"""[0.000952720642089",0.000952720642089,0.000952720642089,0.000952720642089,0.000952720642089,0.000952720642089,0.000952720642089,0.000952720642089,0.000952720642089,0.000952720642089," 0.000952720642089]""",0.0,0.0,0.0,0.0,0.010421752929687,0.0,9.5367431640625e-07,9.5367431640625e-07,0.5038641975308641,0.5038645833333331,3.858024691358024e-07
2598372706630,259837270663,0,0,4450846752,1.0,"""[4.00543212890625e-05",0.0005941390991210001,0.0015411376953120002,0.0026206970214840003,0.004890441894531,0.006805419921875001,0.008392333984375,0.009109497070312,0.01092529296875,0.013229370117187," 0.022857666015625003]""",0.022857666015625003,0.006813049316406,0.0,0.0,0.010421752929687,0.0007648468017570001,0.005043029785156,0.002368927001953,0.5032789351851851,0.503296296296296,1.7361111111111114e-05
2598372706630,259837270663,0,0,21305997,1.0,"""[2.002716064453125e-05",2.002716064453125e-05,2.002716064453125e-05,5.245208740234376e-05,7.05718994140625e-05,0.000109672546386,0.000149726867675,0.00016689300537100002,0.005508422851562,0.005508422851562," 0.005508422851562]""",0.007659912109375001,0.003334045410156,0.0,0.0,0.010421752929687,2.86102294921875e-06,0.00035476684570300005,0.00012016296386700001,0.503865354938271,0.503866898148148,1.5432098765432092e-06
2598372706630,259837270663,0,0,1578782184,1.0,"""[0.00045585632324200004",0.000612258911132,0.001047134399414,0.002582550048828,0.004074096679687,0.007232666015625001,0.007637023925781,0.007827758789062,0.013656616210937,0.01611328125," 0.023345947265625003]""",0.023345947265625003,0.006301879882812,0.0,0.0,0.010421752929687,0.00046539306640600004,0.00241470336914,0.001186370849609,0.5048506944444441,0.5048611111111111,1.0416666666666661e-05
2598372706630,259837270663,0,0,96915541339,1.0,"""[0.0011043548583980001",0.0011043548583980001,0.0011043548583980001,0.0011043548583980001,0.0011043548583980001,0.004989624023437,0.008880615234375,0.008880615234375,0.008880615234375,0.008880615234375," 0.008880615234375]""",0.0,0.0,0.0,0.0,0.010421752929687,0.0,9.5367431640625e-07,9.5367431640625e-07,0.507608410493827,0.5076087962962961,3.858024691358024e-07
2598372706630,259837270663,0,0,1575664044,1.0,"""[0",0.0,0.0,0.0,0.0,0.0,0.0,0.0,0.0,0.0," 0]""",0.0,0.0,0.0,0.0,0.010421752929687,0.001075744628906,0.001087188720703,0.001087188720703,0.505521604938271,0.50552199074074,3.858024691358024e-07
2598372706630,259837270663,0,0,382797076623,1.0,"""[0",0.0,0.0,0.0,0.0,0.0,0.0,9.5367431640625e-07,9.5367431640625e-07,9.5367431640625e-07," 9.5367431640625e-07]""",0.00018310546875,1.3351440429687502e-05,0.0,0.0,0.010421752929687,9.5367431640625e-07,5.7220458984375e-06,5.7220458984375e-06,0.506955632716049,0.5069583333333331,2.7006172839506168e-06
2598372706630,259837270663,0,0,4450846752,1.0,"""[0",0.0,0.0,0.0,9.5367431640625e-07,9.5367431640625e-07,9.5367431640625e-07,9.5367431640625e-07,1.9073486328125e-06,1.9073486328125e-06," 1.9073486328125e-06]""",0.000678062438964,0.000135421752929,0.0,0.0,0.010421752929687,1.9073486328125e-06,8.58306884765625e-06,8.58306884765625e-06,0.503299382716049,0.503301311728395,1.929012345679012e-06
2598372706630,259837270663,0,0,21305997,1.0,"""[0",0.0,0.0,0.0,0.0,0.0,0.0,0.0,0.0,0.0," 0]""",0.0,0.0,0.0,0.0,0.010421752929687,0.0,9.5367431640625e-07,9.5367431640625e-07,0.503863811728395,0.5038641975308641,3.858024691358024e-07
2598372706630,259837270663,0,0,77436999321,1.0,"""[0",0.0,0.0,0.0,0.0,7.62939453125e-06,1.52587890625e-05,1.52587890625e-05,1.52587890625e-05,1.52587890625e-05," 1.52587890625e-05]""",0.0,0.0,0.0,0.0,0.010421752929687,0.0,9.5367431640625e-07,9.5367431640625e-07,0.505667052469135,0.505667438271605,3.858024691358024e-07
2598372706630,259837270663,0,0,77436999321,1.0,"""[0",0.0,0.0,0.0,0.0,0.0,0.0,0.0,0.0,0.0,"0]""",0.0,0.0,0.0,0.0,0.010421752929687,0.0,9.5367431640625e-07,9.5367431640625e-07,0.505667438271605,0.5056678240740741,3.858024691358024e-07
2598372706630,259837270663,0,0,77436999321,1.0,"""[1.2397766113281252e-05",1.2397766113281252e-05,1.2397766113281252e-05,1.2397766113281252e-05,1.2397766113281252e-05,1.2397766113281252e-05,1.2397766113281252e-05,1.2397766113281252e-05,1.2397766113281252e-05,1.2397766113281252e-05," 1.2397766113281252e-05]""",0.0,0.0,0.0,0.0,0.010421752929687,0.0,9.5367431640625e-07,9.5367431640625e-07,0.505645447530864,0.505645833333333,3.858024691358024e-07
2598372706630,259837270663,0,0,382797076623,1.0,"""[1.1444091796875002e-05",0.00045776367187500005,0.000819206237792,0.00124168395996,0.003883361816406,0.006935119628906,0.007904052734375,0.008529663085937,0.0108642578125,0.016754150390625," 0.0233154296875]""",0.0233154296875,0.006668090820312,0.0,0.0,0.010421752929687,0.0004959106445310001,0.0029296875,0.001321792602539,0.5069340277777771,0.5069444444444441,1.0416666666666661e-05
2598372706630,259837270663,0,0,77436999321,1.0,"""[0",0.0,0.0,0.0,0.0,0.0,0.0,0.0,0.0,0.0," 0]""",0.0,0.0,0.0,0.0,0.010421752929687,0.00010299682617100001,0.000109672546386,0.000109672546386,0.5056709104938271,0.505671296296296,3.858024691358024e-07
2598372706630,259837270663,0,0,4450846752,1.0,"""[0.0018787384033200002",0.0018787384033200002,0.0018787384033200002,0.0018787384033200002,0.0018787384033200002,0.005165100097656,0.008453369140625,0.008453369140625,0.008453369140625,0.008453369140625," 0.008453369140625]""",0.0018787384033200002,0.0009393692016600001,0.0,0.0,0.010421752929687,0.0,4.00543212890625e-05,2.002716064453125e-05,0.5032970679012341,0.503297839506172,7.716049382716048e-07
2598372706630,259837270663,0,0,86191921281,1.0,"""[2.002716064453125e-05",2.002716064453125e-05,2.002716064453125e-05,0.00014114379882800002,0.00015830993652300002,0.0018939971923820002,0.0036277770996090003,0.0036468505859370004,0.004417419433593001,0.004417419433593001," 0.004417419433593001]""",0.004989624023437,0.0020408630371090003,0.0,0.0,0.010421752929687,4.76837158203125e-06,0.0005159378051750001,0.00016212463378900002,0.508826003086419,0.508827546296296,1.5432098765432092e-06
2598372706630,259837270663,0,0,1575664044,1.0,"""[0",0.0,0.0,0.0,0.0,0.0,0.0,0.0,0.0,0.0," 0]""",0.0,0.0,0.0,0.0,0.010421752929687,0.0,9.5367431640625e-07,9.5367431640625e-07,0.505521604938271,0.50552199074074,3.858024691358024e-07
2598372706630,259837270663,0,0,1578782184,1.0,"""[6.961822509765625e-05",0.0019512176513670001,0.00333023071289,0.005271911621093001,0.007553100585937,0.008163452148437,0.0084228515625,0.008941650390625,0.009628295898437,0.010208129882812," 0.0115966796875]""",0.0166015625,0.007904052734375,0.0,0.0,0.010421752929687,0.0010433197021480001,0.005020141601562,0.0036163330078120004,0.5048611111111111,0.5048703703703701,9.259259259259259e-06
2598372706630,259837270663,0,0,86191921281,1.0,"""[0",0.0,0.0,9.5367431640625e-07,9.5367431640625e-07,9.5367431640625e-07,9.5367431640625e-07,1.9073486328125e-06,1.9073486328125e-06,1.9073486328125e-06," 1.9073486328125e-06]""",0.0,0.0,0.0,0.0,0.010421752929687,4.76837158203125e-06,1.2397766113281252e-05,1.1444091796875002e-05,0.508827546296296,0.50883024691358,2.7006172839506168e-06
2598372706630,259837270663,0,0,86191921281,1.0,"""[0",0.0,0.0,0.0,0.0,0.0,0.0,0.0,0.0,0.0," 0]""",0.0,0.0,0.0,0.0,0.010421752929687,0.0,9.5367431640625e-07,9.5367431640625e-07,0.5088236882716051,0.508824074074074,3.858024691358024e-07
2598372706630,259837270663,0,0,4450846752,1.0,"""[0",0.0,0.0,4.76837158203125e-06,1.3351440429687502e-05,2.1934509277343753e-05,3.0517578125e-05,4.00543212890625e-05,0.00023841857910100002,0.00023841857910100002," 0.00023841857910100002]""",0.00027847290039,6.961822509765625e-05,0.0,0.0,0.010421752929687,0.001129150390625,0.00114631652832,0.00114631652832,0.503296296296296,0.503297839506172,1.5432098765432092e-06
2598372706630,259837270663,0,0,96915541339,1.0,"""[0",0.0,0.0,7.62939453125e-06,1.4305114746093752e-05,2.1934509277343753e-05,2.9563903808593753e-05,3.62396240234375e-05,0.00019836425781200002,0.000351905822753," 0.000351905822753]""",0.000391960144042,9.822845458984376e-05,0.0,0.0,0.010421752929687,0.001070022583007,0.0010910034179680002,0.0010910034179680002,0.5076072530864191,0.5076087962962961,1.5432098765432092e-06
2598372706630,259837270663,0,0,21305997,1.0,"""[0.007736206054687",0.007736206054687,0.007736206054687,0.007736206054687,0.007736206054687,0.0078125,0.007888793945312,0.007888793945312,0.007888793945312,0.007888793945312," 0.007888793945312]""",0.0079345703125,0.004447937011718001,0.0,0.0,0.010421752929687,9.5367431640625e-07,0.00024032592773400003,0.000153541564941,0.5038645833333331,0.503865354938271,7.716049382716048e-07
2598372706630,259837270663,0,0,382797076623,1.0,"""[0",0.0,0.0,0.0,0.0,0.0,0.0,0.0,0.0,0.0," 0]""",0.0,0.0,0.0,0.0,0.010421752929687,0.0,9.5367431640625e-07,9.5367431640625e-07,0.5069521604938271,0.506952546296296,3.858024691358024e-07
2598372706630,259837270663,0,0,96915541339,1.0,"""[0",0.0,0.0,0.0,0.0,0.0,0.0,0.0,0.0,0.0,"0]""",0.0,0.0,0.0,0.0,0.010421752929687,0.0,9.5367431640625e-07,9.5367431640625e-07,0.507607638888888,0.507608024691358,3.858024691358024e-07
2598372706630,259837270663,0,0,77436999321,1.0,"""[0.000123023986816",0.000123023986816,0.000123023986816,0.000123023986816,0.000123023986816,0.0009365081787100001,0.001750946044921,0.001750946044921,0.001750946044921,0.001750946044921," 0.001750946044921]""",0.005538940429687,0.004196166992187,0.0,0.0,0.010421752929687,8.964538574218751e-05,0.00059700012207,0.000399589538574,0.505669753086419,0.5056709104938271,1.157407407407407e-06
2598372706630,259837270663,0,0,4450846752,1.0,"""[0.008163452148437",0.008163452148437,0.008163452148437,0.008163452148437,0.008163452148437,0.0081787109375,0.0081787109375,0.0081787109375,0.0081787109375,0.0081787109375," 0.0081787109375]""",0.008453369140625,0.00830078125,0.0,0.0,0.010421752929687,0.0,0.000321388244628,0.00026321411132800005,0.503297839506172,0.5032986111111111,7.716049382716048e-07
2598372706630,259837270663,0,0,1578782184,1.0,"""[0",0.0,0.0,0.0,0.0,4.76837158203125e-06,9.5367431640625e-06,9.5367431640625e-06,9.5367431640625e-06,9.5367431640625e-06," 9.5367431640625e-06]""",0.0,0.0,0.0,0.0,0.010421752929687,0.0,9.5367431640625e-07,9.5367431640625e-07,0.504871141975308,0.504871527777777,3.858024691358024e-07
2598372706630,259837270663,0,0,86191921281,1.0,"""[2.5749206542968753e-05",0.0006628036499020001,0.0009765625,0.002037048339843,0.004524230957031,0.006637573242187,0.007301330566406,0.00897216796875,0.010421752929687,0.015426635742187," 0.021697998046875]""",0.02166748046875,0.006828308105468001,0.0,0.0,0.010421752929687,0.000732421875,0.005149841308593001,0.002182006835937,0.508803626543209,0.508822916666666,1.9290123456790123e-05
2598372706630,259837270663,0,0,4450846752,1.0,"""[0",0.0,0.0,0.0,0.0,0.0,0.0,0.0,0.0,0.0,"0]""",0.0,0.0,0.0,0.0,0.010421752929687,0.0,9.5367431640625e-07,9.5367431640625e-07,0.503296682098765,0.5032970679012341,3.858024691358024e-07
2598372706630,259837270663,0,0,382797076623,1.0,"""[0",0.0,0.0,0.0,0.0,0.0,0.0,0.0,0.0,0.0," 0]""",0.0,0.0,0.0,0.0,0.010421752929687,0.0011215209960930002,0.001131057739257,0.001131057739257,0.506952932098765,0.506953317901234,3.858024691358024e-07
2598372706630,259837270663,0,0,382797076623,1.0,"""[2.9563903808593753e-05",0.00021171569824200001,0.001039505004882,0.00469970703125,0.006629943847656,0.007919311523437,0.008270263671875,0.008407592773437,0.009628295898437,0.011627197265625002," 0.013442993164062]""",0.013442993164062,0.006866455078125001,0.0,0.0,0.010421752929687,0.0010433197021480001,0.005119323730468001,0.003669738769531,0.5069444444444441,0.506951388888888,6.944444444444443e-06
2598372706630,259837270663,0,0,77436999321,1.0,"""[1.9073486328125e-06",1.9073486328125e-06,1.9073486328125e-06,1.9073486328125e-06,1.9073486328125e-06,1.9073486328125e-06,1.9073486328125e-06,1.9073486328125e-06,1.9073486328125e-06,1.9073486328125e-06," 1.9073486328125e-06]""",0.0,0.0,0.0,0.0,0.010421752929687,0.0011272430419920001,0.001106262207031,0.001106262207031,0.5056678240740741,0.505668209876543,3.858024691358024e-07
2598372706630,259837270663,0,0,1575664044,1.0,"""[0",0.0,0.0,0.0,0.0,0.0,0.0,0.0,0.0,0.0," 0]""",0.0,0.0,0.0,0.0,0.010421752929687,0.0,9.5367431640625e-07,9.5367431640625e-07,0.5055212191358021,0.505521604938271,3.858024691358024e-07
2598372706630,259837270663,0,0,1575664044,1.0,"""[0",0.00047588348388600003,0.0009069442749020001,0.0015583038330070002,0.0037956237792960003,0.006248474121093001,0.007766723632812,0.009124755859375,0.011734008789062,0.015243530273437," 0.023712158203125003]""",0.023712158203125003,0.006759643554687,0.0,0.0,0.010421752929687,0.000726699829101,0.005096435546875,0.00225830078125,0.505502314814814,0.505520447530864,1.8132716049382712e-05
2598372706630,259837270663,0,0,1575664044,1.0,"""[0",0.0,0.0,0.0,9.5367431640625e-07,9.5367431640625e-07,1.9073486328125e-06,1.9073486328125e-06,1.9073486328125e-06,1.9073486328125e-06," 1.9073486328125e-06]""",0.000403404235839,2.1934509277343753e-05,0.0,0.0,0.010421752929687,0.0,5.7220458984375e-06,4.76837158203125e-06,0.505523533950617,0.5055254629629631,1.929012345679012e-06
2598372706630,259837270663,0,0,96915541339,1.0,"""[2.1934509277343753e-05",2.1934509277343753e-05,2.1934509277343753e-05,2.1934509277343753e-05,2.1934509277343753e-05,2.1934509277343753e-05,2.1934509277343753e-05,2.1934509277343753e-05,2.1934509277343753e-05,2.1934509277343753e-05," 2.1934509277343753e-05]""",0.0,0.0,0.0,0.0,0.010421752929687,0.0,9.5367431640625e-07,9.5367431640625e-07,0.507587191358024,0.5075875771604931,3.858024691358024e-07
