UniqJobId,collection_id,instance_index,priority,machine_id,sample_rate,cpu_usage_distribution1,cpu_usage_distribution2,cpu_usage_distribution3,cpu_usage_distribution4,cpu_usage_distribution5,cpu_usage_distribution6,cpu_usage_distribution7,cpu_usage_distribution8,cpu_usage_distribution9,cpu_usage_distribution10,cpu_usage_distribution11,max_cpu,avg_cpu,cycles_per_instruction,memory_accesses_per_instruction,assigned_memory,page_cache_memory,max_memory,avg_memory,start_time,end_time,time_window
2598372608822,259837260882,2,0,77436999321,1.0,"""[2.1934509277343753e-05",2.1934509277343753e-05,2.1934509277343753e-05,0.00014114379882800002,0.00015830993652300002,0.0020256042480460003,0.0038909912109370004,0.00390625,0.00762939453125,0.00762939453125," 0.00762939453125]""",0.007652282714843001,0.0028800964355460003,0.0,0.0,0.018218994140625,0.0,0.00032329559326100003,0.00010490417480400001,0.506150848765432,0.506152391975308,1.5432098765432092e-06
2598372608822,259837260882,2,0,77436999321,1.0,"""[4.196166992187501e-05",0.000775337219238,0.003486633300781,0.005531311035156,0.008071899414062,0.008453369140625,0.009124755859375,0.011184692382812,0.011978149414062,0.012985229492187," 0.021453857421875]""",0.021453857421875,0.008346557617187,0.0,0.0,0.018218994140625,0.000682830810546,0.005172729492187,0.002674102783203,0.506134259259259,0.506148148148148,1.3888888888888891e-05
2598372608822,259837260882,2,0,21250647,1.0,"""[2.5749206542968753e-05",2.5749206542968753e-05,2.5749206542968753e-05,2.5749206542968753e-05,2.5749206542968753e-05,0.0009231567382810001,0.001819610595703,0.001819610595703,0.001819610595703,0.001819610595703," 0.001819610595703]""",0.004844665527343001,0.002967834472656,0.0,0.0,0.018218994140625,4.76837158203125e-06,0.00029277801513600003,0.00017356872558500002,0.5074151234567901,0.507415895061728,7.716049382716048e-07
2598372608822,259837260882,2,0,376502864798,1.0,"""[0",0.0,0.0,0.0,0.0,9.5367431640625e-07,9.5367431640625e-07,9.5367431640625e-07,9.5367431640625e-07,9.5367431640625e-07," 9.5367431640625e-07]""",0.0,0.0,0.0,0.0,0.018218994140625,0.0,7.62939453125e-06,7.62939453125e-06,0.5070613425925921,0.507062885802469,1.5432098765432092e-06
2598372608822,259837260882,2,0,21250647,1.0,"""[0",0.0,0.0,0.0,0.0,0.0,0.0,0.0,0.0,0.0,"0]""",0.0,0.0,0.0,0.0,0.018218994140625,0.0,9.5367431640625e-07,9.5367431640625e-07,0.507395833333333,0.507396219135802,3.858024691358024e-07
2598372608822,259837260882,2,0,21389249,1.0,"""[0",0.0,0.0,0.0,0.0,0.0,0.0,0.0,0.0,0.0,"0]""",0.0,0.0,0.0,0.0,0.018218994140625,0.0007944107055660001,0.000804901123046,0.000804901123046,0.507766975308642,0.5077673611111111,3.858024691358024e-07
2598372608822,259837260882,2,0,376502864798,1.0,"""[0",0.0,0.0,0.0,0.0,0.0,0.0,0.0,0.0,0.0," 0]""",0.0,0.0,0.0,0.0,0.018218994140625,0.0008020401000970001,0.0008201599121090001,0.0008201599121090001,0.5070597993827161,0.507060185185185,3.858024691358024e-07
2598372608822,259837260882,2,0,21250647,1.0,"""[0.0007247924804680001",0.0008144378662100001,0.0011882781982420001,0.002796173095703,0.005279541015625,0.007331848144531,0.007614135742187,0.009445190429687,0.011245727539062,0.0145263671875," 0.021728515625]""",0.0230712890625,0.007194519042968001,0.0,0.0,0.018218994140625,0.00045108795166,0.002555847167968,0.001354217529296,0.507396219135802,0.5074074074074071,1.118827160493827e-05
2598372608822,259837260882,2,0,21250647,1.0,"""[4.386901855468751e-05",5.245208740234376e-05,0.0007658004760740001,0.006683349609375001,0.008163452148437,0.008316040039062,0.008407592773437,0.008926391601562,0.01019287109375,0.011978149414062," 0.012603759765625002]""",0.012619018554687,0.006965637207031,0.0,0.0,0.018218994140625,0.000788688659667,0.005081176757812,0.0035057067871090003,0.5074074074074071,0.507412422839506,5.015432098765432e-06
2598372608822,259837260882,2,0,113865479473,1.0,"""[9.5367431640625e-07",9.5367431640625e-07,9.5367431640625e-07,9.5367431640625e-07,9.5367431640625e-07,9.5367431640625e-07,9.5367431640625e-07,9.5367431640625e-07,9.5367431640625e-07,9.5367431640625e-07," 9.5367431640625e-07]""",0.0,0.0,0.0,0.0,0.018218994140625,0.0008144378662100001,0.000810623168945,0.000810623168945,0.502685185185185,0.502685570987654,3.858024691358024e-07
2598372608822,259837260882,2,0,77436999321,1.0,"""[0.007919311523437",0.007919311523437,0.007919311523437,0.007919311523437,0.007919311523437,0.007919311523437,0.007919311523437,0.007919311523437,0.007919311523437,0.007919311523437," 0.007919311523437]""",0.007919311523437,0.007919311523437,0.0,0.0,0.018218994140625,0.0,0.00023269653320300002,0.00023269653320300002,0.5061504629629631,0.506150848765432,3.858024691358024e-07
2598372608822,259837260882,2,0,21389249,1.0,"""[4.482269287109376e-05",0.001276016235351,0.001960754394531,0.00537109375,0.007591247558593001,0.008255004882812,0.008941650390625,0.009902954101562,0.011138916015625,0.013168334960937," 0.022308349609375]""",0.02227783203125,0.008209228515625,0.0,0.0,0.018218994140625,0.000696182250976,0.005081176757812,0.0028648376464840003,0.507754629629629,0.5077662037037031,1.157407407407407e-05
2598372608822,259837260882,2,0,77436999321,1.0,"""[0.00042438507080000003",0.0005941390991210001,0.0013198852539060002,0.001827239990234,0.00314712524414,0.003982543945312,0.005767822265625001,0.006118774414062,0.007331848144531,0.007553100585937," 0.007575988769531]""",0.007560729980468001,0.0038108825683590003,0.0,0.0,0.018218994140625,0.00025177001953100004,0.001373291015625,0.0005531311035150001,0.506128472222222,0.506134259259259,5.787037037037036e-06
2598372608822,259837260882,2,0,21250647,1.0,"""[0",0.0,0.0,4.76837158203125e-06,1.3351440429687502e-05,2.1934509277343753e-05,3.0517578125e-05,4.00543212890625e-05,0.000130653381347,0.000130653381347," 0.000130653381347]""",0.00021362304687500003,4.863739013671876e-05,0.0,0.0,0.018218994140625,0.0008010864257810001,0.0008125305175780001,0.0008125305175780001,0.507412422839506,0.507413966049382,1.5432098765432092e-06
2598372608822,259837260882,2,0,24290057413,1.0,"""[0",0.0,0.0,0.0,0.0,0.0,0.0,0.0,0.0,0.0," 0]""",0.0,0.0,0.0,0.0,0.018218994140625,0.0,9.5367431640625e-07,9.5367431640625e-07,0.503584104938271,0.5035844907407401,3.858024691358024e-07
2598372608822,259837260882,2,0,24290057413,1.0,"""[0",0.0,0.0,4.76837158203125e-06,1.3351440429687502e-05,2.1934509277343753e-05,3.0517578125e-05,4.00543212890625e-05,0.00019836425781200002,0.00019836425781200002," 0.00019836425781200002]""",0.0014114379882810002,8.583068847656251e-05,0.0,0.0,0.018218994140625,0.0008058547973630001,0.0008201599121090001,0.0008201599121090001,0.5035829475308641,0.503584876543209,1.929012345679012e-06
2598372608822,259837260882,2,0,113865479473,1.0,"""[0",0.0,0.0,0.0,0.0,0.0,0.0,0.0,0.0,0.0," 0]""",0.0,0.0,0.0,0.0,0.018218994140625,0.0,9.5367431640625e-07,9.5367431640625e-07,0.502684799382716,0.502685185185185,3.858024691358024e-07
2598372608822,259837260882,2,0,24290057413,1.0,"""[0",0.0,0.0,0.0,0.0,0.0,0.0,0.0,0.0,0.0," 0]""",0.0,0.0,0.0,0.0,0.018218994140625,0.0,6.67572021484375e-06,6.67572021484375e-06,0.503586805555555,0.503587962962962,1.157407407407407e-06
2598372608822,259837260882,2,0,113865479473,1.0,"""[9.918212890625001e-05",0.000673294067382,0.001171112060546,0.00166893005371,0.005653381347656,0.007194519042968001,0.008163452148437,0.008590698242187,0.01068115234375,0.013275146484375002," 0.021759033203125]""",0.02911376953125,0.006889343261718001,0.0,0.0,0.018218994140625,0.000560760498046,0.005226135253906,0.002052307128906,0.5026678240740741,0.502684027777777,1.62037037037037e-05
2598372608822,259837260882,2,0,21389249,1.0,"""[0",0.0,0.0,0.0,0.0,0.0,0.0,0.0,0.0,0.0,"0]""",0.0,0.0,0.0,0.0,0.018218994140625,0.0,9.5367431640625e-07,9.5367431640625e-07,0.507766975308642,0.5077673611111111,3.858024691358024e-07
2598372608822,259837260882,2,0,376502864798,1.0,"""[3.24249267578125e-05",0.000568389892578,0.0010910034179680002,0.002582550048828,0.004074096679687,0.007232666015625001,0.008926391601562,0.010101318359375,0.011398315429687,0.013626098632812," 0.02294921875]""",0.022979736328125003,0.007034301757812,0.0,0.0,0.018218994140625,0.000544548034667,0.005088806152343001,0.001918792724609,0.507043209876543,0.5070582561728391,1.504629629629629e-05
2598372608822,259837260882,2,0,376502864798,1.0,"""[0",0.0,0.0,0.00022888183593700002,0.000247001647949,0.001232147216796,0.002220153808593,0.002235412597656,0.008895874023437,0.008895874023437," 0.008895874023437]""",0.008773803710937,0.005531311035156,0.0,0.0,0.018218994140625,0.0,0.00021266937255800001,7.915496826171875e-05,0.507060185185185,0.5070613425925921,1.157407407407407e-06
2598372608822,259837260882,2,0,24290057413,1.0,"""[0",0.0,0.0,9.5367431640625e-07,9.5367431640625e-07,9.5367431640625e-07,1.9073486328125e-06,1.9073486328125e-06,1.9073486328125e-06,2.86102294921875e-06," 2.86102294921875e-06]""",0.0,0.0,0.0,0.0,0.018218994140625,0.0,6.67572021484375e-06,5.7220458984375e-06,0.503587962962962,0.5035906635802471,2.7006172839506168e-06
2598372608822,259837260882,2,0,113865479473,1.0,"""[0",0.0,0.0,0.0,0.0,0.0,0.0,0.0,0.0,0.0," 0]""",0.000370025634765,0.000123023986816,0.0,0.0,0.018218994140625,0.0008144378662100001,0.0008144378662100001,0.0008134841918940001,0.502684027777777,0.502685185185185,1.157407407407407e-06
2598372608822,259837260882,2,0,376502864798,1.0,"""[0",0.0,0.0,0.0,0.0,0.0,0.0,0.0,0.0,0.0," 0]""",0.0,0.0,0.0,0.0,0.018218994140625,0.0,9.5367431640625e-07,9.5367431640625e-07,0.5070594135802461,0.5070597993827161,3.858024691358024e-07
2598372608822,259837260882,2,0,24290057413,1.0,"""[0",0.0,0.0,9.727478027343751e-05,0.000114440917968,0.000154495239257,0.00019359588623000002,0.00021171569824200001,0.0035705566406250004,0.0035705566406250004," 0.0035705566406250004]""",0.008010864257812,0.00396728515625,0.0,0.0,0.018218994140625,0.0,5.054473876953126e-05,5.054473876953126e-05,0.503585648148148,0.503586805555555,1.157407407407407e-06
2598372608822,259837260882,2,0,21250647,1.0,"""[0",0.0,1.9073486328125e-06,8.58306884765625e-06,1.52587890625e-05,2.1934509277343753e-05,2.8610229492187503e-05,3.528594970703125e-05,4.196166992187501e-05,0.00039386749267500003," 0.00039386749267500003]""",0.00046157836914,8.392333984375001e-05,0.0,0.0,0.018218994140625,4.76837158203125e-06,1.0490417480468752e-05,1.0490417480468752e-05,0.507415895061728,0.507417824074074,1.929012345679012e-06
2598372608822,259837260882,2,0,376502864798,1.0,"""[0",0.0,0.0,0.0,0.0,0.0,0.0,0.0,0.0,0.0," 0]""",0.00028324127197200004,7.05718994140625e-05,0.0,0.0,0.018218994140625,0.0008020401000970001,0.0008211135864250001,0.0008201599121090001,0.5070582561728391,0.5070597993827161,1.5432098765432092e-06
2598372608822,259837260882,2,0,24290057413,1.0,"""[0.005126953125",0.005126953125,0.005126953125,0.005126953125,0.005126953125,0.005126953125,0.005126953125,0.005126953125,0.005126953125,0.005126953125," 0.005126953125]""",0.0,0.0,0.0,0.0,0.018218994140625,0.0,9.5367431640625e-07,9.5367431640625e-07,0.5035844907407401,0.503584876543209,3.858024691358024e-07
2598372608822,259837260882,2,0,24290057413,1.0,"""[9.5367431640625e-07",9.5367431640625e-07,9.5367431640625e-07,9.5367431640625e-07,9.5367431640625e-07,9.5367431640625e-07,9.5367431640625e-07,9.5367431640625e-07,9.5367431640625e-07,9.5367431640625e-07," 9.5367431640625e-07]""",0.0,0.0,0.0,0.0,0.018218994140625,0.0008058547973630001,0.000819206237792,0.000819206237792,0.503584876543209,0.503585262345679,3.858024691358024e-07
2598372608822,259837260882,2,0,21250647,1.0,"""[0",0.0,0.0,0.0,0.0,8.58306884765625e-06,1.811981201171875e-05,1.811981201171875e-05,1.811981201171875e-05,1.811981201171875e-05," 1.811981201171875e-05]""",0.0,0.0,0.0,0.0,0.018218994140625,0.0,9.5367431640625e-07,9.5367431640625e-07,0.507413194444444,0.5074135802469131,3.858024691358024e-07
2598372608822,259837260882,2,0,24290057413,1.0,"""[0.00799560546875",0.00799560546875,0.00799560546875,0.00799560546875,0.00799560546875,0.008010864257812,0.008010864257812,0.008010864257812,0.008010864257812,0.008010864257812," 0.008010864257812]""",0.00799560546875,0.006561279296875001,0.0,0.0,0.018218994140625,0.0,0.000276565551757,0.000222206115722,0.503584876543209,0.503585648148148,7.716049382716048e-07
2598372608822,259837260882,2,0,24290057413,1.0,"""[3.4332275390625e-05",0.0010433197021480001,0.0014705657958980001,0.002490997314453,0.004913330078125,0.006706237792968001,0.0078125,0.008575439453125,0.010223388671875,0.012741088867187," 0.01837158203125]""",0.01861572265625,0.006370544433593001,0.0,0.0,0.018218994140625,0.000528335571289,0.005104064941406,0.0019454956054680002,0.503562885802469,0.5035829475308641,2.006172839506172e-05
2598372608822,259837260882,2,0,21250647,1.0,"""[0.004104614257812",0.004104614257812,0.004104614257812,0.004104614257812,0.0057373046875,0.005767822265625001,0.005790710449218001,0.00787353515625,0.00787353515625,0.00787353515625," 0.00787353515625]""",0.007888793945312,0.0050048828125,0.0,0.0,0.018218994140625,2.86102294921875e-06,0.00023555755615200003,0.00013256072998000002,0.507413966049382,0.5074151234567901,1.157407407407407e-06
2598372608822,259837260882,2,0,77436999321,1.0,"""[0",0.0,0.0,0.0,0.0,0.0,0.0,0.0,0.0,0.0," 0]""",0.0,0.0,0.0,0.0,0.018218994140625,0.0,9.5367431640625e-07,9.5367431640625e-07,0.5061489197530861,0.506149305555555,3.858024691358024e-07
2598372608822,259837260882,2,0,113865479473,1.0,"""[0",0.0,0.0,0.0,0.0,0.0,0.0,0.0,0.0,0.0," 0]""",0.0,0.0,0.0,0.0,0.018218994140625,0.0,9.5367431640625e-07,9.5367431640625e-07,0.502685185185185,0.502685570987654,3.858024691358024e-07
2598372608822,259837260882,2,0,21250647,1.0,"""[0.001321792602539",0.001321792602539,0.001321792602539,0.001321792602539,0.001321792602539,0.001321792602539,0.001321792602539,0.001321792602539,0.001321792602539,0.001321792602539," 0.001321792602539]""",0.0,0.0,0.0,0.0,0.018218994140625,0.0,9.5367431640625e-07,9.5367431640625e-07,0.5074135802469131,0.507413966049382,3.858024691358024e-07
2598372608822,259837260882,2,0,77436999321,1.0,"""[0",0.0,0.0,0.0,9.5367431640625e-07,9.5367431640625e-07,9.5367431640625e-07,9.5367431640625e-07,1.9073486328125e-06,1.9073486328125e-06," 1.9073486328125e-06]""",0.000134468078613,1.9073486328125e-05,0.0,0.0,0.018218994140625,0.0,4.76837158203125e-06,3.814697265625e-06,0.506152391975308,0.5061550925925921,2.7006172839506168e-06
2598372608822,259837260882,2,0,77436999321,1.0,"""[0",0.0,0.0,0.0,0.007293701171875001,0.007331848144531,0.007369995117187,0.007659912109375001,0.007659912109375001,0.007659912109375001," 0.007659912109375001]""",0.007652282714843001,0.004692077636718001,0.0,0.0,0.018218994140625,0.0,0.00014781951904200002,5.245208740234376e-05,0.506149305555555,0.5061504629629631,1.157407407407407e-06
