UniqJobId,collection_id,instance_index,priority,machine_id,sample_rate,cpu_usage_distribution1,cpu_usage_distribution2,cpu_usage_distribution3,cpu_usage_distribution4,cpu_usage_distribution5,cpu_usage_distribution6,cpu_usage_distribution7,cpu_usage_distribution8,cpu_usage_distribution9,cpu_usage_distribution10,cpu_usage_distribution11,max_cpu,avg_cpu,cycles_per_instruction,memory_accesses_per_instruction,assigned_memory,page_cache_memory,max_memory,avg_memory,start_time,end_time,time_window
31740,3174,0,0,21393415,1.0,"""[5.912780761718751e-05",6.29425048828125e-05,6.67572021484375e-05,7.152557373046875e-05,7.534027099609375e-05,7.915496826171875e-05,8.392333984375001e-05,8.773803710937501e-05,0.00010395050048800001,0.000123023986816," 0.000300407409667]""",0.000300407409667,8.773803710937501e-05,4.4943976402282715,0.020803602412343,0.0005760192871090001,9.441375732421876e-05,0.00035381317138600003,0.000351905822753,0.505902777777777,0.5060185185185181,0.00011574074074
31740,3174,0,0,21393415,1.0,"""[5.531311035156251e-05",5.912780761718751e-05,6.389617919921875e-05,6.866455078125e-05,7.2479248046875e-05,7.724761962890625e-05,8.20159912109375e-05,8.678436279296876e-05,0.00010204315185500001,0.000124931335449," 0.0026206970214840003]""",0.0026054382324210003,9.918212890625001e-05,4.570650577545166,0.018907176330685,0.0005760192871090001,8.773803710937501e-05,0.000361442565917,0.00034618377685500005,0.502662037037037,0.502777777777777,0.00011574074074
31740,3174,0,0,21393415,1.0,"""[6.4849853515625e-05",6.771087646484375e-05,7.152557373046875e-05,7.43865966796875e-05,7.82012939453125e-05,8.106231689453125e-05,8.392333984375001e-05,8.773803710937501e-05,0.00010490417480400001,0.000123977661132," 0.00032615661621000004]""",0.00032615661621000004,8.773803710937501e-05,4.330398082733154,0.017634276300668,0.0005760192871090001,9.536743164062501e-05,0.00035285949707000003,0.000349998474121,0.506597222222222,0.5067129629629631,0.00011574074074
31740,3174,0,0,21393415,1.0,"""[4.863739013671876e-05",5.340576171875001e-05,5.817413330078126e-05,6.389617919921875e-05,6.866455078125e-05,7.343292236328125e-05,7.915496826171875e-05,8.392333984375001e-05,9.441375732421876e-05,0.000123023986816," 0.00250244140625]""",0.0024986267089840003,0.00010108947753900001,4.675572872161865,0.018663039430975,0.0005760192871090001,8.392333984375001e-05,0.000357627868652,0.00034427642822200004,0.500810185185185,0.500925925925925,0.00011574074074
31740,3174,0,0,21393415,1.0,"""[5.912780761718751e-05",6.29425048828125e-05,6.67572021484375e-05,7.05718994140625e-05,7.43865966796875e-05,7.82012939453125e-05,8.20159912109375e-05,8.583068847656251e-05,9.441375732421876e-05,0.000116348266601," 0.000864028930664]""",0.000956535339355,8.392333984375001e-05,4.493936538696289,0.017274755984544,0.0005760192871090001,8.487701416015626e-05,0.00034618377685500005,0.00034427642822200004,0.500925925925925,0.501041666666666,0.00011574074074
31740,3174,0,0,21393415,1.0,"""[6.198883056640625e-05",6.580352783203125e-05,6.961822509765625e-05,7.2479248046875e-05,7.62939453125e-05,8.0108642578125e-05,8.392333984375001e-05,8.773803710937501e-05,0.00010395050048800001,0.000123023986816," 0.002693176269531]""",0.0027008056640620004,0.00010395050048800001,4.741044044494628,0.020029373466968002,0.0005760192871090001,9.727478027343751e-05,0.00036334991455000003,0.000351905822753,0.5087962962962961,0.508912037037037,0.00011574074074
31740,3174,0,0,21393415,1.0,"""[5.435943603515626e-05",5.912780761718751e-05,6.29425048828125e-05,6.771087646484375e-05,7.152557373046875e-05,7.62939453125e-05,8.0108642578125e-05,8.487701416015626e-05,9.441375732421876e-05,0.00011825561523400002," 0.00036525726318300004]""",0.00036525726318300004,8.0108642578125e-05,4.398981094360351,0.0207364205271,0.0005760192871090001,9.250640869140626e-05,0.00035285949707000003,0.000350952148437,0.504976851851851,0.5050925925925921,0.00011574074074
31740,3174,0,0,21393415,1.0,"""[5.531311035156251e-05",5.912780761718751e-05,6.389617919921875e-05,6.866455078125e-05,7.2479248046875e-05,7.724761962890625e-05,8.106231689453125e-05,8.583068847656251e-05,9.822845458984376e-05,0.00012111663818300001," 0.0007715225219720001]""",0.000744819641113,8.964538574218751e-05,4.172799587249755,0.018593113869428,0.0005760192871090001,9.059906005859376e-05,0.000361442565917,0.000349044799804,0.503587962962962,0.503703703703703,0.00011574074074
31740,3174,0,0,21393415,1.0,"""[5.817413330078126e-05",6.198883056640625e-05,6.580352783203125e-05,6.961822509765625e-05,7.343292236328125e-05,7.724761962890625e-05,8.106231689453125e-05,8.487701416015626e-05,9.155273437500001e-05,0.00011730194091700002," 0.000308036804199]""",0.000308036804199,8.20159912109375e-05,2.547723770141601,0.010065585374832,0.0005760192871090001,9.536743164062501e-05,0.000351905822753,0.000349998474121,0.507754629629629,0.5078703703703701,0.00011574074074
31740,3174,0,0,21393415,0.9933333396911621,"""[5.722045898437501e-05",6.103515625e-05,6.4849853515625e-05,6.961822509765625e-05,7.343292236328125e-05,7.82012939453125e-05,8.20159912109375e-05,8.678436279296876e-05,0.00010204315185500001,0.000123977661132," 0.002582550048828]""",0.002460479736328,0.00010299682617100001,4.965554237365722,0.020879430696368002,0.0005760192871090001,8.392333984375001e-05,0.00035572052001900005,0.00034523010253900005,0.500578703703703,0.500694444444444,0.00011574074074
31740,3174,0,0,21393415,1.0,"""[6.389617919921875e-05",6.67572021484375e-05,6.961822509765625e-05,7.343292236328125e-05,7.62939453125e-05,8.0108642578125e-05,8.296966552734376e-05,8.678436279296876e-05,0.00010013580322200001,0.0001220703125," 0.00032901763916]""",0.000329971313476,8.583068847656251e-05,4.73615837097168,0.020277218893170003,0.0005760192871090001,9.632110595703126e-05,0.000350952148437,0.000349044799804,0.508449074074074,0.5085648148148141,0.00011574074074
31740,3174,0,0,21393415,1.0,"""[6.389617919921875e-05",6.67572021484375e-05,7.05718994140625e-05,7.343292236328125e-05,7.724761962890625e-05,8.0108642578125e-05,8.392333984375001e-05,8.773803710937501e-05,0.000106811523437,0.000128746032714," 0.003192901611328]""",0.003192901611328,0.00010585784912100001,4.330398082733154,0.017634276300668,0.0005760192871090001,9.441375732421876e-05,0.00036430358886700004,0.000350952148437,0.5067129629629631,0.506828703703703,0.00011574074074
31740,3174,0,0,21393415,0.943333327770233,"""[5.531311035156251e-05",5.912780761718751e-05,6.29425048828125e-05,6.771087646484375e-05,7.152557373046875e-05,7.62939453125e-05,8.0108642578125e-05,8.487701416015626e-05,9.250640869140626e-05,0.000115394592285," 0.000741958618164]""",0.002059936523437,0.00010204315185500001,4.565661907196044,0.018704377114772002,0.0005760192871090001,8.869171142578126e-05,0.00035667419433500004,0.00034618377685500005,0.502893518518518,0.503009259259259,0.00011574074074
31740,3174,0,0,21393415,1.0,"""[6.008148193359376e-05",6.389617919921875e-05,6.771087646484375e-05,7.152557373046875e-05,7.534027099609375e-05,7.82012939453125e-05,8.20159912109375e-05,8.583068847656251e-05,9.822845458984376e-05,0.00012111663818300001," 0.00033187866210900003]""",0.00032901763916,8.487701416015626e-05,4.330398082733154,0.017634276300668,0.0005760192871090001,9.441375732421876e-05,0.000350952148437,0.000349044799804,0.506828703703703,0.5069444444444441,0.00011574074074
31740,3174,0,0,21393415,1.0,"""[5.912780761718751e-05",6.29425048828125e-05,6.67572021484375e-05,7.05718994140625e-05,7.534027099609375e-05,7.915496826171875e-05,8.296966552734376e-05,8.678436279296876e-05,0.00010395050048800001,0.000126838684082," 0.0024528503417960003]""",0.0024528503417960003,0.00010395050048800001,4.504522323608398,0.018937062472105002,0.0005760192871090001,9.441375732421876e-05,0.00035476684570300005,0.000350952148437,0.5069444444444441,0.507060185185185,0.00011574074074
31740,3174,0,0,21393415,1.0,"""[6.389617919921875e-05",6.67572021484375e-05,7.05718994140625e-05,7.43865966796875e-05,7.82012939453125e-05,8.20159912109375e-05,8.487701416015626e-05,9.250640869140626e-05,0.000109672546386,0.000125885009765," 0.002601623535156]""",0.0026054382324210003,0.000110626220703,4.856683254241943,0.019334508106112,0.0005760192871090001,9.727478027343751e-05,0.00036525726318300004,0.00035285949707000003,0.5090277777777771,0.509143518518518,0.00011574074074
31740,3174,0,0,21393415,1.0,"""[6.103515625e-05",6.4849853515625e-05,6.866455078125e-05,7.152557373046875e-05,7.534027099609375e-05,7.915496826171875e-05,8.296966552734376e-05,8.583068847656251e-05,9.822845458984376e-05,0.00011920928955000001," 0.00030231475830000003]""",0.00030231475830000003,8.392333984375001e-05,4.86380386352539,0.019291721284389003,0.0005760192871090001,9.822845458984376e-05,0.00035285949707000003,0.000350952148437,0.509143518518518,0.5092592592592591,0.00011574074074
31740,3174,0,0,21393415,1.0,"""[6.29425048828125e-05",6.580352783203125e-05,6.961822509765625e-05,7.343292236328125e-05,7.724761962890625e-05,8.106231689453125e-05,8.392333984375001e-05,8.773803710937501e-05,0.00010585784912100001,0.000123977661132," 0.00032520294189400005]""",0.00032520294189400005,8.773803710937501e-05,4.498271465301513,0.018668456003069,0.0005760192871090001,9.822845458984376e-05,0.000351905822753,0.000349998474121,0.509375,0.5094907407407401,0.00011574074074
31740,3174,0,0,21393415,1.0,"""[5.817413330078126e-05",6.198883056640625e-05,6.580352783203125e-05,6.961822509765625e-05,7.343292236328125e-05,7.724761962890625e-05,8.106231689453125e-05,8.487701416015626e-05,9.346008300781251e-05,0.0001220703125," 0.00018501281738200003]""",0.00018501281738200003,8.296966552734376e-05,4.487357139587402,0.020700106397271,0.0005760192871090001,9.441375732421876e-05,0.000349044799804,0.000349044799804,0.505671296296296,0.505751929012345,8.063271604938273e-05
31740,3174,0,0,21393415,0.983333349227905,"""[6.103515625e-05",6.4849853515625e-05,6.866455078125e-05,7.2479248046875e-05,7.534027099609375e-05,7.915496826171875e-05,8.296966552734376e-05,8.678436279296876e-05,0.00010299682617100001,0.000126838684082," 0.003437042236328]""",0.0036125183105460003,0.000106811523437,5.338748455047607,0.024581696838140002,0.0005760192871090001,9.155273437500001e-05,0.000361442565917,0.000350952148437,0.503935185185185,0.504050925925925,0.00011574074074
31740,3174,0,0,21393415,1.0,"""[5.817413330078126e-05",6.198883056640625e-05,6.580352783203125e-05,6.961822509765625e-05,7.343292236328125e-05,7.724761962890625e-05,8.106231689453125e-05,8.487701416015626e-05,9.250640869140626e-05,0.00011825561523400002," 0.000627517700195]""",0.000638961791992,8.20159912109375e-05,4.703139781951904,0.018867764621973003,0.0005760192871090001,8.678436279296876e-05,0.000348091125488,0.00034618377685500005,0.502083333333333,0.502199074074074,0.00011574074074
31740,3174,0,0,21393415,1.0,"""[5.340576171875001e-05",5.817413330078126e-05,6.29425048828125e-05,6.771087646484375e-05,7.2479248046875e-05,7.724761962890625e-05,8.20159912109375e-05,8.678436279296876e-05,0.00010013580322200001,0.00012016296386700001," 0.001039505004882]""",0.0010662078857420001,8.583068847656251e-05,4.501872539520263,0.019395438954234002,0.0005760192871090001,8.296966552734376e-05,0.00034427642822200004,0.00034332275390600004,0.500231481481481,0.500347222222222,0.00011574074074
31740,3174,0,0,21393415,0.996666669845581,"""[5.245208740234376e-05",5.722045898437501e-05,6.103515625e-05,6.580352783203125e-05,7.05718994140625e-05,7.534027099609375e-05,8.0108642578125e-05,8.392333984375001e-05,9.250640869140626e-05,0.00011825561523400002," 0.002189636230468]""",0.002189636230468,9.632110595703126e-05,4.965554237365722,0.020879430696368002,0.0005760192871090001,8.392333984375001e-05,0.000360488891601,0.00034523010253900005,0.500347222222222,0.500462962962963,0.00011574074074
31740,3174,0,0,21393415,1.0,"""[5.054473876953126e-05",5.531311035156251e-05,6.008148193359376e-05,6.4849853515625e-05,6.866455078125e-05,7.343292236328125e-05,7.82012939453125e-05,8.296966552734376e-05,8.773803710937501e-05,0.00011730194091700002," 0.00259780883789]""",0.002593994140625,9.441375732421876e-05,4.669720649719238,0.022934263572096002,0.0005760192871090001,8.773803710937501e-05,0.000357627868652,0.00034618377685500005,0.502430555555555,0.502546296296296,0.00011574074074
31740,3174,0,0,21393415,0.996666669845581,"""[6.29425048828125e-05",6.580352783203125e-05,6.961822509765625e-05,7.343292236328125e-05,7.724761962890625e-05,8.106231689453125e-05,8.392333984375001e-05,8.773803710937501e-05,0.000106811523437,0.000124931335449," 0.00038528442382800005]""",0.00038623809814400005,9.059906005859376e-05,5.083550930023193,0.020905409008264,0.0005760192871090001,9.536743164062501e-05,0.000351905822753,0.000349998474121,0.50636574074074,0.5064814814814811,0.00011574074074
31740,3174,0,0,21393415,1.0,"""[5.435943603515626e-05",5.912780761718751e-05,6.29425048828125e-05,6.771087646484375e-05,7.2479248046875e-05,7.62939453125e-05,8.106231689453125e-05,8.583068847656251e-05,9.822845458984376e-05,0.00012016296386700001," 0.00039291381835900003]""",0.000391006469726,8.296966552734376e-05,4.398981094360351,0.0207364205271,0.0005760192871090001,9.250640869140626e-05,0.000350952148437,0.000349044799804,0.50474537037037,0.5048611111111111,0.00011574074074
31740,3174,0,0,21393415,1.0,"""[5.722045898437501e-05",6.103515625e-05,6.4849853515625e-05,6.866455078125e-05,7.343292236328125e-05,7.724761962890625e-05,8.106231689453125e-05,8.583068847656251e-05,9.727478027343751e-05,0.00012111663818300001," 0.000575065612792]""",0.000578880310058,8.392333984375001e-05,4.191060543060302,0.016201304271817003,0.0005760192871090001,8.487701416015626e-05,0.00034618377685500005,0.00034332275390600004,0.501157407407407,0.501273148148148,0.00011574074074
31740,3174,0,0,21393415,1.0,"""[5.722045898437501e-05",6.198883056640625e-05,6.580352783203125e-05,6.961822509765625e-05,7.43865966796875e-05,7.82012939453125e-05,8.296966552734376e-05,8.678436279296876e-05,0.00010395050048800001,0.000127792358398," 0.0028533935546870004]""",0.0028228759765620004,0.00010585784912100001,4.386294841766357,0.020344657823443,0.0005760192871090001,9.346008300781251e-05,0.00036239624023400003,0.000351905822753,0.5050925925925921,0.505208333333333,0.00011574074074
31740,3174,0,0,21393415,1.0,"""[6.103515625e-05",6.4849853515625e-05,6.771087646484375e-05,7.152557373046875e-05,7.534027099609375e-05,7.82012939453125e-05,8.20159912109375e-05,8.583068847656251e-05,9.632110595703126e-05,0.00012111663818300001," 0.00033378601074200004]""",0.000336647033691,8.392333984375001e-05,4.694079875946044,0.020355323329567,0.0005760192871090001,9.441375732421876e-05,0.000351905822753,0.000349998474121,0.507060185185185,0.5071759259259261,0.00011574074074
31740,3174,0,0,21393415,1.0,"""[6.103515625e-05",6.4849853515625e-05,6.866455078125e-05,7.2479248046875e-05,7.62939453125e-05,8.0108642578125e-05,8.392333984375001e-05,8.773803710937501e-05,0.00010395050048800001,0.000124931335449," 0.00299072265625]""",0.003013610839843,0.00010395050048800001,4.022512912750244,0.015896711498498,0.0005760192871090001,8.583068847656251e-05,0.000360488891601,0.00034523010253900005,0.501504629629629,0.50162037037037,0.00011574074074
31740,3174,0,0,21393415,1.0,"""[5.912780761718751e-05",6.198883056640625e-05,6.580352783203125e-05,6.961822509765625e-05,7.343292236328125e-05,7.724761962890625e-05,8.106231689453125e-05,8.487701416015626e-05,9.536743164062501e-05,0.000129699707031," 0.003044128417968]""",0.003044128417968,0.00010585784912100001,4.4943976402282715,0.020803602412343,0.0005760192871090001,9.441375732421876e-05,0.00036334991455000003,0.00035285949707000003,0.5057870370370371,0.505871527777777,8.449074074074074e-05
31740,3174,0,0,21393415,1.0,"""[5.722045898437501e-05",6.103515625e-05,6.580352783203125e-05,6.961822509765625e-05,7.43865966796875e-05,7.915496826171875e-05,8.296966552734376e-05,8.773803710937501e-05,0.00010585784912100001,0.000126838684082," 0.0024566650390620004]""",0.002479553222656,0.00010204315185500001,4.703139781951904,0.018867764621973003,0.0005760192871090001,8.678436279296876e-05,0.000357627868652,0.00034618377685500005,0.501967592592592,0.502083333333333,0.00011574074074
31740,3174,0,0,21393415,1.0,"""[6.008148193359376e-05",6.389617919921875e-05,6.771087646484375e-05,7.152557373046875e-05,7.534027099609375e-05,7.915496826171875e-05,8.296966552734376e-05,8.678436279296876e-05,0.00010108947753900001,0.000124931335449," 0.0025596618652340003]""",0.0025596618652340003,0.00010013580322200001,3.8548049926757812,0.015583474189043002,0.0005760192871090001,9.632110595703126e-05,0.00036239624023400003,0.000350952148437,0.5081018518518511,0.508217592592592,0.00011574074074
31740,3174,0,0,21393415,1.0,"""[6.580352783203125e-05",6.866455078125e-05,7.2479248046875e-05,7.62939453125e-05,7.915496826171875e-05,8.296966552734376e-05,8.678436279296876e-05,9.632110595703126e-05,0.000112533569335,0.000128746032714," 0.002124786376953]""",0.002124786376953,0.000109672546386,5.083550930023193,0.020905409008264,0.0005760192871090001,9.536743164062501e-05,0.00036525726318300004,0.00035285949707000003,0.5062500000000001,0.50636574074074,0.00011574074074
31740,3174,0,0,21393415,1.0,"""[6.103515625e-05",6.4849853515625e-05,6.866455078125e-05,7.2479248046875e-05,7.724761962890625e-05,8.106231689453125e-05,8.487701416015626e-05,9.155273437500001e-05,0.000111579895019,0.00013160705566400002," 0.002628326416015]""",0.0026702880859370004,0.000109672546386,4.398981094360351,0.0207364205271,0.0005760192871090001,9.250640869140626e-05,0.000360488891601,0.000351905822753,0.5048611111111111,0.504976851851851,0.00011574074074
31740,3174,0,0,21393415,1.0,"""[6.103515625e-05",6.4849853515625e-05,6.866455078125e-05,7.2479248046875e-05,7.62939453125e-05,8.0108642578125e-05,8.392333984375001e-05,8.773803710937501e-05,0.00010395050048800001,0.000123977661132," 0.00028228759765600004]""",0.00028324127197200004,8.583068847656251e-05,4.741044044494628,0.020029373466968002,0.0005760192871090001,9.727478027343751e-05,0.000350952148437,0.000349998474121,0.508912037037037,0.5090277777777771,0.00011574074074
31740,3174,0,0,21393415,1.0,"""[6.29425048828125e-05",6.580352783203125e-05,6.961822509765625e-05,7.343292236328125e-05,7.724761962890625e-05,8.106231689453125e-05,8.392333984375001e-05,8.773803710937501e-05,0.00010490417480400001,0.000123023986816," 0.00024127960205000003]""",0.00024127960205000003,8.678436279296876e-05,4.3164496421813965,0.018187738955020002,0.0005760192871090001,9.346008300781251e-05,0.000350952148437,0.000349998474121,0.505208333333333,0.5053240740740741,0.00011574074074
31740,3174,0,0,21393415,1.0,"""[5.435943603515626e-05",5.912780761718751e-05,6.29425048828125e-05,6.771087646484375e-05,7.152557373046875e-05,7.62939453125e-05,8.0108642578125e-05,8.487701416015626e-05,9.441375732421876e-05,0.000123023986816," 0.0025138854980460003]""",0.0024986267089840003,0.00010108947753900001,3.8548049926757812,0.015583474189043002,0.0005760192871090001,9.536743164062501e-05,0.00036334991455000003,0.000351905822753,0.5078703703703701,0.507986111111111,0.00011574074074
31740,3174,0,0,21393415,1.0,"""[6.198883056640625e-05",6.4849853515625e-05,6.866455078125e-05,7.2479248046875e-05,7.534027099609375e-05,7.915496826171875e-05,8.20159912109375e-05,8.583068847656251e-05,9.727478027343751e-05,0.000123023986816," 0.00035667419433500004]""",0.00035667419433500004,8.392333984375001e-05,3.8548049926757812,0.015583474189043002,0.0005760192871090001,9.632110595703126e-05,0.000350952148437,0.000349044799804,0.507986111111111,0.5081018518518511,0.00011574074074
31740,3174,0,0,21393415,1.0,"""[5.912780761718751e-05",6.29425048828125e-05,6.67572021484375e-05,7.152557373046875e-05,7.534027099609375e-05,8.0108642578125e-05,8.392333984375001e-05,8.773803710937501e-05,0.000109672546386,0.00013160705566400002," 0.003162384033203]""",0.0032005310058590003,0.000109672546386,5.223952293395996,0.024097641929984003,0.0005760192871090001,9.155273437500001e-05,0.000361442565917,0.000351905822753,0.504166666666666,0.504282407407407,0.00011574074074
31740,3174,0,0,21393415,1.0,"""[5.340576171875001e-05",5.722045898437501e-05,6.198883056640625e-05,6.580352783203125e-05,7.05718994140625e-05,7.534027099609375e-05,8.0108642578125e-05,8.392333984375001e-05,9.250640869140626e-05,0.00011920928955000001," 0.002216339111328]""",0.002246856689453,9.536743164062501e-05,4.887733459472656,0.022713521495461002,0.0005760192871090001,9.250640869140626e-05,0.00036239624023400003,0.000350952148437,0.504629629629629,0.50474537037037,0.00011574074074
31740,3174,0,0,21393415,0.996666669845581,"""[5.626678466796876e-05",6.008148193359376e-05,6.4849853515625e-05,6.866455078125e-05,7.2479248046875e-05,7.62939453125e-05,8.0108642578125e-05,8.392333984375001e-05,8.869171142578126e-05,0.00011825561523400002," 0.000517845153808]""",0.000518798828125,8.106231689453125e-05,4.565661907196044,0.018704377114772002,0.0005760192871090001,8.869171142578126e-05,0.000349998474121,0.000348091125488,0.502777777777777,0.502893518518518,0.00011574074074
31740,3174,0,0,21393415,1.0,"""[6.389617919921875e-05",6.67572021484375e-05,7.05718994140625e-05,7.343292236328125e-05,7.724761962890625e-05,8.0108642578125e-05,8.392333984375001e-05,8.678436279296876e-05,0.00010299682617100001,0.000123977661132," 0.000327110290527]""",0.000327110290527,8.869171142578126e-05,4.694079875946044,0.020355323329567,0.0005760192871090001,9.441375732421876e-05,0.000351905822753,0.000349044799804,0.507291666666666,0.5074074074074071,0.00011574074074
31740,3174,0,0,21393415,1.0,"""[5.817413330078126e-05",6.198883056640625e-05,6.580352783203125e-05,7.05718994140625e-05,7.43865966796875e-05,7.82012939453125e-05,8.20159912109375e-05,8.583068847656251e-05,0.00010013580322200001,0.000123977661132," 0.0010128021240230001]""",0.000995635986328,8.487701416015626e-05,4.946974277496337,0.020200829952955003,0.0005760192871090001,8.583068847656251e-05,0.000349044799804,0.000348091125488,0.50162037037037,0.501736111111111,0.00011574074074
31740,3174,0,0,21393415,1.0,"""[6.008148193359376e-05",6.389617919921875e-05,6.771087646484375e-05,7.152557373046875e-05,7.534027099609375e-05,8.0108642578125e-05,8.392333984375001e-05,8.773803710937501e-05,0.00010585784912100001,0.000126838684082," 0.002182006835937]""",0.002182006835937,0.000109672546386,4.3164496421813965,0.018187738955020002,0.0005760192871090001,9.441375732421876e-05,0.000361442565917,0.000350952148437,0.5055555555555551,0.505671296296296,0.00011574074074
31740,3174,0,0,21393415,1.0,"""[5.817413330078126e-05",6.198883056640625e-05,6.580352783203125e-05,7.05718994140625e-05,7.43865966796875e-05,7.82012939453125e-05,8.20159912109375e-05,8.583068847656251e-05,9.727478027343751e-05,0.00012016296386700001," 0.00035476684570300005]""",0.00035476684570300005,8.392333984375001e-05,2.261375904083252,0.008856757543981,0.0005760192871090001,9.536743164062501e-05,0.000351905822753,0.000349998474121,0.507523148148148,0.5076388888888881,0.00011574074074
31740,3174,0,0,21393415,1.0,"""[5.531311035156251e-05",6.008148193359376e-05,6.389617919921875e-05,6.866455078125e-05,7.2479248046875e-05,7.724761962890625e-05,8.106231689453125e-05,8.583068847656251e-05,9.918212890625001e-05,0.0001220703125," 0.0031585693359370004]""",0.0031394958496090003,0.00010299682617100001,4.946974277496337,0.020200829952955003,0.0005760192871090001,8.583068847656251e-05,0.000360488891601,0.00034618377685500005,0.501736111111111,0.501851851851851,0.00011574074074
31740,3174,0,0,21393415,0.996666669845581,"""[5.340576171875001e-05",5.817413330078126e-05,6.198883056640625e-05,6.67572021484375e-05,7.152557373046875e-05,7.62939453125e-05,8.106231689453125e-05,8.583068847656251e-05,0.00010013580322200001,0.000123977661132," 0.00244140625]""",0.002128601074218,0.00010013580322200001,4.732255935668945,0.021466610953211,0.0005760192871090001,9.059906005859376e-05,0.000358581542968,0.000350952148437,0.503703703703703,0.503819444444444,0.00011574074074
31740,3174,0,0,21393415,1.0,"""[5.531311035156251e-05",5.912780761718751e-05,6.389617919921875e-05,6.866455078125e-05,7.343292236328125e-05,7.724761962890625e-05,8.20159912109375e-05,8.678436279296876e-05,0.00010299682617100001,0.000125885009765," 0.00053596496582]""",0.000539779663085,8.869171142578126e-05,4.899105072021484,0.019939124584197002,0.0005760192871090001,8.678436279296876e-05,0.000348091125488,0.00034618377685500005,0.501851851851851,0.501967592592592,0.00011574074074
31740,3174,0,0,21393415,1.0,"""[6.580352783203125e-05",6.961822509765625e-05,7.2479248046875e-05,7.62939453125e-05,7.915496826171875e-05,8.296966552734376e-05,8.678436279296876e-05,9.632110595703126e-05,0.000111579895019,0.000126838684082," 0.00031471252441400005]""",0.000311851501464,9.346008300781251e-05,4.9954400062561035,0.020890183746814003,0.0005760192871090001,9.536743164062501e-05,0.00035285949707000003,0.000351905822753,0.506134259259259,0.5062500000000001,0.00011574074074
31740,3174,0,0,21393415,1.0,"""[6.198883056640625e-05",6.580352783203125e-05,6.961822509765625e-05,7.343292236328125e-05,7.724761962890625e-05,8.106231689453125e-05,8.487701416015626e-05,9.155273437500001e-05,0.000109672546386,0.000127792358398," 0.003288269042968]""",0.00347900390625,0.00010871887207,5.0836763381958,0.02350614964962,0.0005760192871090001,9.250640869140626e-05,0.00036239624023400003,0.000350952148437,0.504398148148148,0.504513888888888,0.00011574074074
31740,3174,0,0,21393415,1.0,"""[6.29425048828125e-05",6.580352783203125e-05,6.961822509765625e-05,7.343292236328125e-05,7.62939453125e-05,8.0108642578125e-05,8.296966552734376e-05,8.678436279296876e-05,0.00010299682617100001,0.000128746032714," 0.00302505493164]""",0.00302505493164,0.00010490417480400001,4.73615837097168,0.020277218893170003,0.0005760192871090001,9.632110595703126e-05,0.00036334991455000003,0.000350952148437,0.5083333333333331,0.508449074074074,0.00011574074074
31740,3174,0,0,21393415,1.0,"""[6.103515625e-05",6.4849853515625e-05,6.771087646484375e-05,7.152557373046875e-05,7.534027099609375e-05,7.915496826171875e-05,8.296966552734376e-05,8.678436279296876e-05,0.00010395050048800001,0.000125885009765," 0.00296401977539]""",0.002967834472656,0.000107765197753,4.736370086669921,0.020266495645046,0.0005760192871090001,9.727478027343751e-05,0.00036430358886700004,0.000350952148437,0.5085648148148141,0.508680555555555,0.00011574074074
31740,3174,0,0,21393415,0.943333327770233,"""[5.722045898437501e-05",6.103515625e-05,6.4849853515625e-05,6.866455078125e-05,7.2479248046875e-05,7.62939453125e-05,8.106231689453125e-05,8.487701416015626e-05,9.155273437500001e-05,0.000114440917968," 0.0009422302246090001]""",0.0009536743164060001,8.487701416015626e-05,4.72807502746582,0.022894991561770002,0.0005760192871090001,8.964538574218751e-05,0.000357627868652,0.000348091125488,0.503009259259259,0.5031249999999999,0.00011574074074
31740,3174,0,0,21393415,1.0,"""[5.626678466796876e-05",6.008148193359376e-05,6.4849853515625e-05,6.866455078125e-05,7.343292236328125e-05,7.724761962890625e-05,8.20159912109375e-05,8.583068847656251e-05,0.00010108947753900001,0.0001220703125," 0.000518798828125]""",0.000518798828125,8.296966552734376e-05,3.759135961532592,0.014670477248728001,0.0005760192871090001,8.583068847656251e-05,0.00034618377685500005,0.00034427642822200004,0.501388888888888,0.501504629629629,0.00011574074074
31740,3174,0,0,21393415,1.0,"""[6.29425048828125e-05",6.67572021484375e-05,7.05718994140625e-05,7.343292236328125e-05,7.724761962890625e-05,8.106231689453125e-05,8.392333984375001e-05,8.773803710937501e-05,0.000107765197753,0.000127792358398," 0.002750396728515]""",0.002754211425781,0.00010490417480400001,4.86380386352539,0.019291721284389003,0.0005760192871090001,9.822845458984376e-05,0.00036716461181600005,0.00035476684570300005,0.5092592592592591,0.509375,0.00011574074074
31740,3174,0,0,21393415,1.0,"""[6.389617919921875e-05",6.67572021484375e-05,6.961822509765625e-05,7.2479248046875e-05,7.534027099609375e-05,7.82012939453125e-05,8.106231689453125e-05,8.392333984375001e-05,8.678436279296876e-05,0.000107765197753," 0.000952720642089]""",0.0009536743164060001,8.773803710937501e-05,4.4943976402282715,0.020803602412343,0.0005760192871090001,9.441375732421876e-05,0.00035285949707000003,0.000351905822753,0.505871527777777,0.505902777777777,3.125e-05
31740,3174,0,0,21393415,1.0,"""[6.389617919921875e-05",6.67572021484375e-05,7.05718994140625e-05,7.343292236328125e-05,7.724761962890625e-05,8.106231689453125e-05,8.392333984375001e-05,8.773803710937501e-05,0.00010490417480400001,0.0001220703125," 0.000361442565917]""",0.000361442565917,8.773803710937501e-05,5.0836763381958,0.02350614964962,0.0005760192871090001,9.155273437500001e-05,0.000349998474121,0.000349044799804,0.504282407407407,0.504398148148148,0.00011574074074
31740,3174,0,0,21393415,1.0,"""[5.531311035156251e-05",5.912780761718751e-05,6.389617919921875e-05,6.866455078125e-05,7.2479248046875e-05,7.724761962890625e-05,8.106231689453125e-05,8.583068847656251e-05,9.727478027343751e-05,0.00011825561523400002," 0.000432968139648]""",0.00043869018554600005,8.20159912109375e-05,4.669720649719238,0.022934263572096002,0.0005760192871090001,8.773803710937501e-05,0.000350952148437,0.00034713745117100005,0.502546296296296,0.502662037037037,0.00011574074074
31740,3174,0,0,21393415,0.996666669845581,"""[6.008148193359376e-05",6.389617919921875e-05,6.771087646484375e-05,7.152557373046875e-05,7.534027099609375e-05,7.82012939453125e-05,8.20159912109375e-05,8.583068847656251e-05,9.822845458984376e-05,0.00011920928955000001," 0.00033950805664]""",0.00034523010253900005,8.392333984375001e-05,5.0836763381958,0.02350614964962,0.0005760192871090001,9.250640869140626e-05,0.000350952148437,0.000349998474121,0.504513888888888,0.504629629629629,0.00011574074074
31740,3174,0,0,21393415,0.996666669845581,"""[5.626678466796876e-05",6.008148193359376e-05,6.389617919921875e-05,6.866455078125e-05,7.343292236328125e-05,7.724761962890625e-05,8.20159912109375e-05,8.583068847656251e-05,9.822845458984376e-05,0.00011920928955000001," 0.000574111938476]""",0.0005769729614250001,8.296966552734376e-05,4.965554237365722,0.020879430696368002,0.0005760192871090001,8.392333984375001e-05,0.00034713745117100005,0.00034427642822200004,0.500694444444444,0.500810185185185,0.00011574074074
31740,3174,0,0,21393415,0.996666669845581,"""[5.435943603515626e-05",5.817413330078126e-05,6.198883056640625e-05,6.67572021484375e-05,7.152557373046875e-05,7.534027099609375e-05,8.0108642578125e-05,8.392333984375001e-05,9.059906005859376e-05,0.000115394592285," 0.0029716491699210003]""",0.0030212402343750004,9.918212890625001e-05,4.769495010375976,0.02396372705698,0.0005760192871090001,8.964538574218751e-05,0.00036239624023400003,0.000349044799804,0.5031249999999999,0.50324074074074,0.00011574074074
31740,3174,0,0,21393415,1.0,"""[5.722045898437501e-05",6.103515625e-05,6.580352783203125e-05,6.961822509765625e-05,7.43865966796875e-05,7.915496826171875e-05,8.296966552734376e-05,8.773803710937501e-05,0.00010395050048800001,0.000123023986816," 0.000269889831542]""",0.000309944152832,8.583068847656251e-05,4.3164496421813965,0.018187738955020002,0.0005760192871090001,9.346008300781251e-05,0.00035381317138600003,0.000351905822753,0.505439814814814,0.5055555555555551,0.00011574074074
31740,3174,0,0,21393415,1.0,"""[5.912780761718751e-05",6.198883056640625e-05,6.4849853515625e-05,6.866455078125e-05,7.2479248046875e-05,7.534027099609375e-05,7.915496826171875e-05,8.296966552734376e-05,8.583068847656251e-05,0.00010204315185500001," 0.000370025634765]""",0.000370025634765,7.62939453125e-05,4.4943976402282715,0.020803602412343,0.0005760192871090001,9.441375732421876e-05,0.000349044799804,0.000348091125488,0.505751929012345,0.5057870370370371,3.5108024691358025e-05
31740,3174,0,0,21393415,1.0,"""[6.67572021484375e-05",7.05718994140625e-05,7.534027099609375e-05,8.0108642578125e-05,8.487701416015626e-05,9.155273437500001e-05,0.00010108947753900001,0.000111579895019,0.00012111663818300001,0.00013160705566400002," 0.00396728515625]""",0.004066467285156,0.000123023986816,4.4943976402282715,0.020803602412343,0.0005760192871090001,9.441375732421876e-05,0.0003662109375,0.00035381317138600003,0.5060185185185181,0.506134259259259,0.00011574074074
31740,3174,0,0,21393415,1.0,"""[5.817413330078126e-05",6.198883056640625e-05,6.580352783203125e-05,6.961822509765625e-05,7.43865966796875e-05,7.82012939453125e-05,8.20159912109375e-05,8.583068847656251e-05,0.00010013580322200001,0.000127792358398," 0.002983093261718]""",0.002979278564453,0.00010013580322200001,4.701505184173584,0.019066663458943003,0.0005760192871090001,8.773803710937501e-05,0.00035667419433500004,0.00034523010253900005,0.502199074074074,0.502314814814814,0.00011574074074
31740,3174,0,0,21393415,1.0,"""[5.340576171875001e-05",5.817413330078126e-05,6.198883056640625e-05,6.67572021484375e-05,7.05718994140625e-05,7.534027099609375e-05,7.915496826171875e-05,8.392333984375001e-05,8.773803710937501e-05,0.000114440917968," 0.000627517700195]""",0.0006132125854490001,7.915496826171875e-05,4.669720649719238,0.022934263572096002,0.0005760192871090001,8.773803710937501e-05,0.00035476684570300005,0.00034618377685500005,0.502314814814814,0.502430555555555,0.00011574074074
31740,3174,0,0,21393415,1.0,"""[5.722045898437501e-05",6.198883056640625e-05,6.580352783203125e-05,6.961822509765625e-05,7.43865966796875e-05,7.82012939453125e-05,8.296966552734376e-05,8.678436279296876e-05,0.00010299682617100001,0.000123023986816," 0.0006103515625]""",0.000604629516601,8.678436279296876e-05,4.741044044494628,0.020029373466968002,0.0005760192871090001,9.727478027343751e-05,0.000351905822753,0.000349998474121,0.508680555555555,0.5087962962962961,0.00011574074074
31740,3174,0,0,21393415,1.0,"""[5.626678466796876e-05",6.008148193359376e-05,6.389617919921875e-05,6.866455078125e-05,7.2479248046875e-05,7.62939453125e-05,8.0108642578125e-05,8.487701416015626e-05,9.059906005859376e-05,0.000114440917968," 0.0006189346313470001]""",0.0006141662597650001,8.20159912109375e-05,4.769495010375976,0.02396372705698,0.0005760192871090001,8.964538574218751e-05,0.00035476684570300005,0.000349998474121,0.50324074074074,0.503356481481481,0.00011574074074
31740,3174,0,0,21393415,1.0,"""[5.531311035156251e-05",6.008148193359376e-05,6.389617919921875e-05,6.866455078125e-05,7.2479248046875e-05,7.724761962890625e-05,8.106231689453125e-05,8.583068847656251e-05,0.00010108947753900001,0.000129699707031," 0.003028869628906]""",0.0032043457031250004,0.00010204315185500001,4.322803974151611,0.019943241029977,0.0005760192871090001,9.059906005859376e-05,0.000361442565917,0.000348091125488,0.503356481481481,0.503472222222222,0.00011574074074
31740,3174,0,0,21393415,1.0,"""[6.29425048828125e-05",6.580352783203125e-05,6.961822509765625e-05,7.343292236328125e-05,7.62939453125e-05,8.0108642578125e-05,8.392333984375001e-05,8.678436279296876e-05,0.00010395050048800001,0.000124931335449," 0.0028038024902340003]""",0.0028038024902340003,0.00010490417480400001,3.140175342559814,0.01301054470241,0.0005760192871090001,9.536743164062501e-05,0.00036334991455000003,0.000351905822753,0.5074074074074071,0.507523148148148,0.00011574074074
31740,3174,0,0,21393415,1.0,"""[6.103515625e-05",6.389617919921875e-05,6.771087646484375e-05,7.152557373046875e-05,7.534027099609375e-05,7.915496826171875e-05,8.296966552734376e-05,8.678436279296876e-05,0.00010395050048800001,0.000129699707031," 0.002937316894531]""",0.0029411315917960003,0.00010490417480400001,2.261375904083252,0.008856757543981,0.0005760192871090001,9.536743164062501e-05,0.00036525726318300004,0.000351905822753,0.5076388888888881,0.507754629629629,0.00011574074074
31740,3174,0,0,21393415,1.0,"""[5.817413330078126e-05",6.198883056640625e-05,6.67572021484375e-05,7.05718994140625e-05,7.43865966796875e-05,7.915496826171875e-05,8.296966552734376e-05,8.678436279296876e-05,0.00010490417480400001,0.000126838684082," 0.001943588256835]""",0.001943588256835,0.00010585784912100001,3.668568611145019,0.016728492453694,0.0005760192871090001,8.296966552734376e-05,0.000357627868652,0.00034427642822200004,0.5001157407407401,0.500231481481481,0.00011574074074
31740,3174,0,0,21393415,0.9933333396911621,"""[6.008148193359376e-05",6.389617919921875e-05,6.771087646484375e-05,7.152557373046875e-05,7.534027099609375e-05,7.915496826171875e-05,8.296966552734376e-05,8.678436279296876e-05,9.918212890625001e-05,0.00012016296386700001," 0.000350952148437]""",0.000473976135253,8.296966552734376e-05,5.338748455047607,0.024581696838140002,0.0005760192871090001,9.155273437500001e-05,0.000350952148437,0.000349044799804,0.504050925925925,0.504166666666666,0.00011574074074
31740,3174,0,0,21393415,1.0,"""[5.912780761718751e-05",6.29425048828125e-05,6.67572021484375e-05,7.05718994140625e-05,7.43865966796875e-05,7.82012939453125e-05,8.20159912109375e-05,8.583068847656251e-05,9.632110595703126e-05,0.000123977661132," 0.000277519226074]""",0.000276565551757,8.487701416015626e-05,3.965422391891479,0.01617258042097,0.0005760192871090001,9.632110595703126e-05,0.000350952148437,0.000349044799804,0.508217592592592,0.5083333333333331,0.00011574074074
31740,3174,0,0,21393415,1.0,"""[5.722045898437501e-05",6.103515625e-05,6.4849853515625e-05,6.961822509765625e-05,7.343292236328125e-05,7.82012939453125e-05,8.20159912109375e-05,8.583068847656251e-05,0.00010013580322200001,0.0001220703125," 0.0007047653198240001]""",0.0007047653198240001,8.583068847656251e-05,4.965554237365722,0.020879430696368002,0.0005760192871090001,8.392333984375001e-05,0.00034713745117100005,0.00034427642822200004,0.500462962962963,0.500578703703703,0.00011574074074
31740,3174,0,0,21393415,1.0,"""[6.008148193359376e-05",6.389617919921875e-05,6.771087646484375e-05,7.152557373046875e-05,7.534027099609375e-05,7.915496826171875e-05,8.296966552734376e-05,8.678436279296876e-05,0.00010585784912100001,0.000128746032714," 0.00284194946289]""",0.00284194946289,0.00010299682617100001,4.493936538696289,0.017274755984544,0.0005760192871090001,8.487701416015626e-05,0.000358581542968,0.00034427642822200004,0.501041666666666,0.501157407407407,0.00011574074074
31740,3174,0,0,21393415,1.0,"""[5.722045898437501e-05",6.103515625e-05,6.580352783203125e-05,6.961822509765625e-05,7.43865966796875e-05,7.82012939453125e-05,8.296966552734376e-05,8.678436279296876e-05,0.00010490417480400001,0.000128746032714," 0.002082824707031]""",0.0020713806152340003,0.00010204315185500001,3.759135961532592,0.014670477248728001,0.0005760192871090001,8.487701416015626e-05,0.000359535217285,0.00034427642822200004,0.501273148148148,0.501388888888888,0.00011574074074
31740,3174,0,0,21393415,1.0,"""[6.29425048828125e-05",6.67572021484375e-05,6.961822509765625e-05,7.343292236328125e-05,7.62939453125e-05,8.0108642578125e-05,8.392333984375001e-05,8.678436279296876e-05,0.00010299682617100001,0.000125885009765," 0.002571105957031]""",0.002567291259765,0.00010395050048800001,4.694079875946044,0.020355323329567,0.0005760192871090001,9.441375732421876e-05,0.000361442565917,0.000349998474121,0.5071759259259261,0.507291666666666,0.00011574074074
31740.0,3174.0,0,0,21393415.0,1.0,"""[6.866455078125e-05",7.152557373046875e-05,7.43865966796875e-05,7.82012939453125e-05,8.106231689453125e-05,8.487701416015626e-05,8.773803710937501e-05,0.00010204315185500001,0.000116348266601,0.000130653381347," 0.003284454345703]""",0.00328064,0.000116348,4.512941837,0.018427111,0.000576019,9.54e-05,0.000365257,0.000352859,0.506481481,0.506597222,0.000115741
31740.0,3174.0,0,0,21393415.0,1.0,"""[6.389617919921875e-05",6.771087646484375e-05,7.05718994140625e-05,7.43865966796875e-05,7.82012939453125e-05,8.20159912109375e-05,8.487701416015626e-05,9.155273437500001e-05,0.000109672546386,0.000127792358398," 0.003334045410156]""",0.00333786,0.000106812,4.316449642,0.018187739,0.000576019,9.35e-05,0.000364304,0.000351906,0.505324074,0.505439815,0.000115741
31740.0,3174.0,0,0,21393415.0,1.0,"""[5.054473876953126e-05",5.531311035156251e-05,6.008148193359376e-05,6.4849853515625e-05,6.961822509765625e-05,7.43865966796875e-05,7.915496826171875e-05,8.392333984375001e-05,8.964538574218751e-05,0.000115394592285," 0.00048065185546800006]""",0.000480652,7.92e-05,4.172799587,0.018593114,0.000576019,9.06e-05,0.000355721,0.000350952,0.503472222,0.503587963,0.000115741
31740.0,3174.0,0,0,21393415.0,1.0,"""[5.245208740234376e-05",5.722045898437501e-05,6.198883056640625e-05,6.67572021484375e-05,7.152557373046875e-05,7.724761962890625e-05,8.20159912109375e-05,8.678436279296876e-05,0.00010108947753900001,0.00012111663818300001," 0.000329971313476]""",0.000329971,8.2e-05,5.338748455,0.024581697,0.000576019,9.06e-05,0.000350952,0.000349045,0.503819444,0.503935185,0.000115741
