UniqJobId,collection_id,instance_index,priority,machine_id,sample_rate,cpu_usage_distribution1,cpu_usage_distribution2,cpu_usage_distribution3,cpu_usage_distribution4,cpu_usage_distribution5,cpu_usage_distribution6,cpu_usage_distribution7,cpu_usage_distribution8,cpu_usage_distribution9,cpu_usage_distribution10,cpu_usage_distribution11,max_cpu,avg_cpu,cycles_per_instruction,memory_accesses_per_instruction,assigned_memory,page_cache_memory,max_memory,avg_memory,start_time,end_time,time_window
374108869770,37410886977,0,0,376036691611,1.0,"""[0",0.0,0.0,0.0,0.0,4.291534423828126e-05,8.583068847656251e-05,8.583068847656251e-05,8.583068847656251e-05,8.583068847656251e-05," 8.583068847656251e-05]""",0.001453399658203,6.29425048828125e-05,0.0,0.0,0.026031494140625003,5.435943603515626e-05,3.147125244140625e-05,3.147125244140625e-05,0.501063657407407,0.501065200617284,1.5432098765432092e-06
374108869770,37410886977,0,0,376470366037,1.0,"""[0.00026130676269500003",0.00026130676269500003,0.00026130676269500003,0.002342224121093,0.0023612976074210003,0.004890441894531,0.0074462890625,0.007499694824218001,0.008438110351562,0.008438110351562," 0.008438110351562]""",0.008880615234375,0.008224487304687,0.0,0.0,0.026031494140625003,0.000464439392089,0.000865936279296,0.0008573532104490001,0.507509259259259,0.5075104166666661,1.157407407407407e-06
374108869770,37410886977,0,0,376036691611,1.0,"""[0",0.0,0.0,0.0,0.0,0.0,0.0,0.0,0.0,0.0," 0]""",0.0,0.0,0.0,0.0,0.026031494140625003,0.000330924987792,3.0517578125e-05,3.0517578125e-05,0.501422067901234,0.5014224537037031,3.858024691358024e-07
374108869770,37410886977,0,0,376470366037,1.0,"""[0",0.0,0.0,0.0,0.0,0.0,0.0,0.0,0.0,0.0,"0]""",0.0,0.0,0.0,0.0,0.026031494140625003,0.0,9.5367431640625e-07,9.5367431640625e-07,0.50810686728395,0.508107253086419,3.858024691358024e-07
374108869770,37410886977,0,0,21365709,1.0,"""[0",0.0,0.0,0.0,0.0,0.0,0.0,0.0,0.0,0.0," 0]""",0.0,0.0,0.0,0.0,0.026031494140625003,0.0,9.5367431640625e-07,9.5367431640625e-07,0.509180169753086,0.5091805555555551,3.858024691358024e-07
374108869770,37410886977,0,0,376036691611,1.0,"""[0",0.0,0.00027275085449200004,0.000299453735351,0.001689910888671,0.004425048828125,0.007209777832031,0.00860595703125,0.008697509765625,0.00885009765625," 0.00885009765625]""",0.010086059570312,0.005401611328125,0.0,0.0,0.026031494140625003,0.00032901763916,0.0008621215820310001,0.000688552856445,0.501657407407407,0.501659336419753,1.929012345679012e-06
374108869770,37410886977,0,0,21365709,1.0,"""[0.000144958496093",0.000144958496093,0.000144958496093,0.005561828613281,0.005599975585937,0.005897521972656,0.006202697753906,0.006233215332031,0.007659912109375001,0.007659912109375001," 0.007659912109375001]""",0.007827758789062,0.00433349609375,0.0,0.0,0.026031494140625003,0.000460624694824,0.0008325576782220001,0.0008268356323240001,0.509059027777777,0.5090609567901231,1.929012345679012e-06
374108869770,37410886977,0,0,376036691611,1.0,"""[9.5367431640625e-07",9.5367431640625e-07,9.5367431640625e-07,9.5367431640625e-07,9.5367431640625e-07,9.5367431640625e-07,9.5367431640625e-07,9.5367431640625e-07,9.5367431640625e-07,9.5367431640625e-07," 9.5367431640625e-07]""",0.0,0.0,0.0,0.0,0.026031494140625003,0.00021076202392500003,3.0517578125e-05,3.0517578125e-05,0.5013032407407401,0.501303626543209,3.858024691358024e-07
374108869770,37410886977,0,0,376470366037,1.0,"""[0",0.0,0.0,0.0,0.0,0.0,0.0,0.0,0.0,0.0," 0]""",0.0,0.0,0.0,0.0,0.026031494140625003,0.0,9.5367431640625e-07,9.5367431640625e-07,0.507511574074074,0.5075119598765431,3.858024691358024e-07
374108869770,37410886977,0,0,21365709,1.0,"""[0",0.0,0.0,0.0,0.0,0.0,0.0,0.0,0.0,0.0," 0]""",0.0,0.0,0.0,0.0,0.026031494140625003,0.00018501281738200003,3.147125244140625e-05,3.147125244140625e-05,0.509417052469135,0.509417438271604,3.858024691358024e-07
374108869770,37410886977,0,0,21365709,1.0,"""[0",0.0,0.0,0.0,0.0,0.0,0.0,0.0,0.0,0.0," 0]""",0.0,0.0,0.0,0.0,0.026031494140625003,0.0,9.5367431640625e-07,9.5367431640625e-07,0.509061728395061,0.50906211419753,3.858024691358024e-07
374108869770,37410886977,0,0,376470366037,1.0,"""[0.000308036804199",0.000308036804199,0.000308036804199,0.003089904785156,0.0031089782714840003,0.005264282226562,0.0074462890625,0.007499694824218001,0.008651733398437,0.008651733398437," 0.008651733398437]""",0.008880615234375,0.006195068359375001,0.0,0.0,0.026031494140625003,0.000149726867675,0.0008668899536130001,0.00047492980957000003,0.508104552469135,0.508106095679012,1.5432098765432092e-06
374108869770,37410886977,0,0,376036691611,1.0,"""[0",0.0,0.0,0.0,0.0,0.0,0.0,0.0,0.0,0.0,"0]""",2.2888183593750003e-05,2.2888183593750003e-05,0.0,0.0,0.026031494140625003,0.0,9.5367431640625e-07,9.5367431640625e-07,0.501064814814814,0.501065200617284,3.858024691358024e-07
374108869770,37410886977,0,0,376036691611,1.0,"""[0",0.0,0.0,0.0,0.0,1.3351440429687502e-05,2.6702880859375003e-05,2.6702880859375003e-05,2.6702880859375003e-05,2.6702880859375003e-05," 2.6702880859375003e-05]""",0.0,0.0,0.0,0.0,0.026031494140625003,0.0,9.5367431640625e-07,9.5367431640625e-07,0.5011836419753081,0.501184027777777,3.858024691358024e-07
374108869770,37410886977,0,0,376470366037,1.0,"""[0.008758544921875",0.008804321289062,0.00885009765625,0.008880615234375,0.008895874023437,0.0089111328125,0.008926391601562,0.008941650390625,0.008956909179687,0.00897216796875," 0.008987426757812]""",0.01788330078125,0.00909423828125,0.0,0.0,0.026031494140625003,0.00015830993652300002,0.0008440017700190001,0.0008440017700190001,0.5085648148148141,0.5085802469135801,1.5432098765432103e-05
374108869770,37410886977,0,0,376036691611,1.0,"""[0",0.007804870605468001,0.008773803710937,0.008819580078125,0.008865356445312,0.008895874023437,0.008926391601562,0.008941650390625,0.00897216796875,0.009002685546875," 0.0093994140625]""",0.02679443359375,0.008331298828125,0.0,0.0,0.026031494140625003,0.000321388244628,0.001167297363281,0.001062393188476,0.5020173611111111,0.502083333333333,6.597222222222222e-05
374108869770,37410886977,0,0,376470366037,1.0,"""[0",0.0,0.0,0.0,0.0,0.0,0.0,0.0,0.0,0.0," 0]""",0.0,0.0,0.0,0.0,0.026031494140625003,2.6702880859375003e-05,3.337860107421875e-05,3.337860107421875e-05,0.507629629629629,0.507630787037037,1.157407407407407e-06
374108869770,37410886977,0,0,376470366037,1.0,"""[0",0.0,0.0,0.0,0.0,0.0,0.0,0.0,0.0,0.0," 0]""",0.0,0.0,0.0,0.0,0.026031494140625003,0.00036239624023400003,3.337860107421875e-05,3.337860107421875e-05,0.5084637345679011,0.5084652777777771,1.5432098765432092e-06
374108869770,37410886977,0,0,376470366037,0.9923076629638671,"""[3.62396240234375e-05",0.008514404296875,0.008636474609375,0.008773803710937,0.008865356445312,0.008880615234375,0.0089111328125,0.008941650390625,0.00897216796875,0.009002685546875," 0.01025390625]""",0.02294921875,0.008621215820312,0.0,0.0,0.026031494140625003,0.000153541564941,0.001001358032226,0.0009365081787100001,0.508464506172839,0.5085648148148141,0.000100308641975
374108869770,37410886977,0,0,376470366037,1.0,"""[0",0.0,0.0,0.0,0.0,0.0,0.0,0.0,0.0,0.0," 0]""",0.002616882324218,0.000654220581054,0.0,0.0,0.026031494140625003,0.000464439392089,3.337860107421875e-05,3.337860107421875e-05,0.5075104166666661,0.5075119598765431,1.5432098765432092e-06
374108869770,37410886977,0,0,376470366037,1.0,"""[3.719329833984375e-05",0.00860595703125,0.008819580078125,0.008865356445312,0.008895874023437,0.0089111328125,0.008941650390625,0.008956909179687,0.008987426757812,0.009002685546875," 0.009613037109375]""",0.022064208984375,0.008590698242187,0.0,0.0,0.026031494140625003,0.000329971313476,0.00118064880371,0.0010051727294920001,0.508107253086419,0.508217592592592,0.00011033950617200001
374108869770,37410886977,0,0,21365709,1.0,"""[9.5367431640625e-07",9.5367431640625e-07,9.5367431640625e-07,9.5367431640625e-07,9.5367431640625e-07,9.5367431640625e-07,9.5367431640625e-07,9.5367431640625e-07,9.5367431640625e-07,9.5367431640625e-07," 9.5367431640625e-07]""",0.0,0.0,0.0,0.0,0.026031494140625003,0.00046539306640600004,2.8610229492187503e-05,2.8610229492187503e-05,0.50906211419753,0.5090625,3.858024691358024e-07
374108869770,37410886977,0,0,376036691611,1.0,"""[0",0.0,0.0,0.0,0.0,1.621246337890625e-05,3.24249267578125e-05,3.24249267578125e-05,3.24249267578125e-05,3.24249267578125e-05," 3.24249267578125e-05]""",0.0,0.0,0.0,0.0,0.026031494140625003,0.0,9.5367431640625e-07,9.5367431640625e-07,0.501421682098765,0.501422067901234,3.858024691358024e-07
374108869770,37410886977,0,0,376036691611,1.0,"""[0",0.0,2.1934509277343753e-05,6.580352783203125e-05,0.00026416778564400005,0.000462532043457,0.0036773681640620004,0.006935119628906,0.007232666015625001,0.007469177246093001," 0.007469177246093001]""",0.00946044921875,0.00482177734375,0.0,0.0,0.026031494140625003,0.000463485717773,0.000859260559082,0.0006875991821280001,0.500942515432098,0.5009444444444441,1.929012345679012e-06
374108869770,37410886977,0,0,376470366037,0.8333333134651181,"""[0",0.0,0.0,0.0,0.0,0.0,0.0,0.0,0.0,0.0," 0]""",0.0,0.0,0.0,0.0,0.026031494140625003,0.00018501281738200003,3.24249267578125e-05,3.147125244140625e-05,0.5078676697530861,0.507869984567901,2.314814814814814e-06
374108869770,37410886977,0,0,376036691611,1.0,"""[0.00026321411132800005",0.00026321411132800005,0.00026321411132800005,0.006446838378906,0.006477355957031,0.006759643554687,0.007049560546875001,0.007102966308593001,0.008148193359375,0.008148193359375," 0.008148193359375]""",0.009384155273437,0.006118774414062,0.0,0.0,0.026031494140625003,0.00020790100097600002,0.000853538513183,0.0008440017700190001,0.5017766203703701,0.5017781635802471,1.5432098765432092e-06
374108869770,37410886977,0,0,21365709,1.0,"""[3.337860107421875e-05",0.007705688476562,0.0079345703125,0.007949829101562,0.007965087890625,0.007980346679687,0.00799560546875,0.008010864257812,0.008026123046875,0.008041381835937," 0.00811767578125]""",0.01605224609375,0.007705688476562,0.0,0.0,0.026031494140625003,0.000430107116699,0.001260757446289,0.0011119842529290001,0.5087056327160491,0.5087962962962961,9.066358024691358e-05
374108869770,37410886977,0,0,376036691611,1.0,"""[0",0.0,0.0,0.0,0.0,0.0,0.0,0.0,0.0,0.0," 0]""",0.0,0.0,0.0,0.0,0.026031494140625003,0.00020885467529200002,3.0517578125e-05,3.0517578125e-05,0.501541666666666,0.5015420524691351,3.858024691358024e-07
374108869770,37410886977,0,0,376036691611,1.0,"""[0",0.0,0.000109672546386,0.00024223327636700001,0.000329971313476,0.00041866302490200006,0.0037879943847650005,0.007194519042968001,0.007736206054687,0.008209228515625," 0.008209228515625]""",0.009292602539062,0.005043029785156,0.0,0.0,0.026031494140625003,0.00018405914306600003,0.0008621215820310001,0.000548362731933,0.5020142746913581,0.502016203703703,1.929012345679012e-06
374108869770,37410886977,0,0,376036691611,1.0,"""[0",0.0,0.0,0.0,0.0,0.0,0.0,0.0,0.0,0.0," 0]""",0.0,0.0,0.0,0.0,0.026031494140625003,0.0,9.5367431640625e-07,9.5367431640625e-07,0.5013028549382711,0.5013032407407401,3.858024691358024e-07
374108869770,37410886977,0,0,376036691611,1.0,"""[0",0.0,0.0,0.0,0.0,0.0,0.0,0.0,0.0,0.0," 0]""",0.0,0.0,0.0,0.0,0.026031494140625003,0.0,9.5367431640625e-07,9.5367431640625e-07,0.500945216049382,0.500945601851851,3.858024691358024e-07
374108869770,37410886977,0,0,376470366037,1.0,"""[0.000615119934082",0.000615119934082,0.000615119934082,0.000615119934082,0.000615119934082,0.0045166015625,0.008407592773437,0.008407592773437,0.008407592773437,0.008407592773437," 0.008407592773437]""",0.008407592773437,0.004203796386718001,0.0,0.0,0.026031494140625003,0.00034332275390600004,0.000872611999511,0.000872611999511,0.507986111111111,0.5079868827160491,7.716049382716048e-07
374108869770,37410886977,0,0,376470366037,1.0,"""[0.008941650390625",0.008941650390625,0.008941650390625,0.008941650390625,0.008941650390625,0.008941650390625,0.008941650390625,0.008956909179687,0.008956909179687,0.008956909179687," 0.008956909179687]""",0.009078979492187,0.008956909179687,0.0,0.0,0.026031494140625003,0.000335693359375,0.0008459091186520001,0.0008459091186520001,0.508217592592592,0.5082229938271601,5.4012345679012335e-06
374108869770,37410886977,0,0,21365709,1.0,"""[0.007530212402343001",0.0079345703125,0.007949829101562,0.007965087890625,0.007980346679687,0.007980346679687,0.00799560546875,0.008010864257812,0.008026123046875,0.008041381835937," 0.00811767578125]""",0.008651733398437,0.007980346679687,0.0,0.0,0.026031494140625003,0.000124931335449,0.000800132751464,0.000800132751464,0.508912037037037,0.508939814814814,2.777777777777777e-05
374108869770,37410886977,0,0,376036691611,1.0,"""[0.008758544921875",0.008804321289062,0.00885009765625,0.008880615234375,0.008895874023437,0.008926391601562,0.008941650390625,0.008956909179687,0.008987426757812,0.009002685546875," 0.009078979492187]""",0.021087646484375,0.008834838867187,0.0,0.0,0.026031494140625003,0.000186920166015,0.000849723815917,0.0008201599121090001,0.501273148148148,0.5013001543209871,2.7006172839506174e-05
374108869770,37410886977,0,0,21365709,1.0,"""[0.007858276367187",0.0079345703125,0.007949829101562,0.007965087890625,0.007980346679687,0.00799560546875,0.008010864257812,0.008010864257812,0.008026123046875,0.008041381835937," 0.008071899414062]""",0.0169677734375,0.007965087890625,0.0,0.0,0.026031494140625003,0.000309944152832,0.001062393188476,0.000864028930664,0.5092592592592591,0.509296682098765,3.742283950617283e-05
374108869770,37410886977,0,0,376470366037,1.0,"""[7.62939453125e-06",7.62939453125e-06,7.62939453125e-06,0.000933647155761,0.000950813293457,0.0010128021240230001,0.0010738372802730001,0.0010910034179680002,0.004890441894531,0.004890441894531," 0.004890441894531]""",0.004158020019531,0.002079010009765,0.0,0.0,0.026031494140625003,5.245208740234376e-05,2.002716064453125e-05,1.0490417480468752e-05,0.507869598765432,0.5078703703703701,7.716049382716048e-07
374108869770,37410886977,0,0,376470366037,1.0,"""[0",0.0,0.0,0.0,0.0,0.0,9.5367431640625e-07,9.5367431640625e-07,9.5367431640625e-07,9.5367431640625e-07," 9.5367431640625e-07]""",0.0,0.0,0.0,0.0,0.026031494140625003,0.00018215179443300001,3.0517578125e-05,3.0517578125e-05,0.508583333333333,0.508584104938271,7.716049382716048e-07
374108869770,37410886977,0,0,376036691611,0.995327115058898,"""[3.910064697265625e-05",0.008636474609375,0.008758544921875,0.00885009765625,0.008880615234375,0.008895874023437,0.008926391601562,0.008956909179687,0.00897216796875,0.009002685546875," 0.01025390625]""",0.0313720703125,0.008590698242187,0.0,0.0,0.026031494140625003,0.00017833709716700002,0.0010128021240230001,0.000952720642089,0.501422067901234,0.501504629629629,8.256172839506173e-05
374108869770,37410886977,0,0,376470366037,1.0,"""[0",0.0,0.0,0.0,0.0,0.0,0.0,0.0,0.0,0.0," 0]""",0.0,0.0,0.0,0.0,0.026031494140625003,0.0,9.5367431640625e-07,9.5367431640625e-07,0.507630401234567,0.507630787037037,3.858024691358024e-07
374108869770,37410886977,0,0,376036691611,1.0,"""[0",0.0,0.0,0.0,0.0,0.0,0.0,0.0,0.0,0.0," 0]""",0.000472068786621,0.00015735626220700002,0.0,0.0,0.026031494140625003,0.00046825408935500005,3.24249267578125e-05,3.24249267578125e-05,0.5009444444444441,0.500945601851851,1.157407407407407e-06
374108869770,37410886977,0,0,376470366037,0.9729729890823361,"""[0.00036716461181600005",0.00124168395996,0.005050659179687,0.008697509765625,0.008865356445312,0.008895874023437,0.008926391601562,0.008956909179687,0.008987426757812,0.009002685546875," 0.009048461914062]""",0.0228271484375,0.006904602050781,0.0,0.0,0.026031494140625003,0.00037670135498000005,0.0012798309326170001,0.000995635986328,0.507393132716049,0.5074074074074071,1.4274691358024692e-05
374108869770,37410886977,0,0,376470366037,1.0,"""[6.198883056640625e-05",0.00031661987304600005,0.000986099243164,0.001214981079101,0.002323150634765,0.007919311523437,0.00860595703125,0.008743286132812,0.008865356445312,0.0089111328125," 0.008941650390625]""",0.009048461914062,0.00506591796875,0.0,0.0,0.026031494140625003,0.000299453735351,0.001239776611328,0.0007219314575190001,0.507630787037037,0.5076388888888881,8.10185185185185e-06
374108869770,37410886977,0,0,376470366037,1.0,"""[9.5367431640625e-07",9.5367431640625e-07,9.5367431640625e-07,9.5367431640625e-07,9.5367431640625e-07,9.5367431640625e-07,9.5367431640625e-07,9.5367431640625e-07,9.5367431640625e-07,9.5367431640625e-07," 9.5367431640625e-07]""",0.0,0.0,0.0,0.0,0.026031494140625003,0.000464439392089,3.337860107421875e-05,3.337860107421875e-05,0.5075119598765431,0.507512345679012,3.858024691358024e-07
374108869770,37410886977,0,0,21365709,1.0,"""[0",0.0,0.0,0.0,0.0,0.0,0.0,0.0,0.0,0.0," 0]""",0.005775451660156,0.0019245147705070002,0.0,0.0,0.026031494140625003,0.00046539306640600004,2.9563903808593753e-05,2.9563903808593753e-05,0.5090609567901231,0.50906211419753,1.157407407407407e-06
374108869770,37410886977,0,0,21365709,1.0,"""[0.00014591217041000002",0.00014591217041000002,0.00014591217041000002,0.0010662078857420001,0.0010833740234370002,0.003807067871093,0.006553649902343001,0.006584167480468001,0.007759094238281,0.007759094238281," 0.007759094238281]""",0.008026123046875,0.005592346191406,0.0,0.0,0.026031494140625003,0.00045871734619100005,0.0008401870727530001,0.000834465026855,0.50882137345679,0.508822916666666,1.5432098765432092e-06
374108869770,37410886977,0,0,21365709,1.0,"""[1.1444091796875002e-05",1.1444091796875002e-05,1.1444091796875002e-05,1.1444091796875002e-05,1.1444091796875002e-05,1.1444091796875002e-05,1.1444091796875002e-05,1.1444091796875002e-05,1.1444091796875002e-05,1.1444091796875002e-05," 1.1444091796875002e-05]""",0.0,0.0,0.0,0.0,0.026031494140625003,0.0,9.5367431640625e-07,9.5367431640625e-07,0.50870524691358,0.5087056327160491,3.858024691358024e-07
374108869770,37410886977,0,0,376036691611,0.9744898080825801,"""[0.000110626220703",0.008651733398437,0.008773803710937,0.00885009765625,0.008880615234375,0.008895874023437,0.008926391601562,0.008956909179687,0.00897216796875,0.009002685546875," 0.009124755859375]""",0.045654296875,0.008560180664062,0.0,0.0,0.026031494140625003,0.00017738342285100002,0.001014709472656,0.0009536743164060001,0.50166049382716,0.501736111111111,7.561728395061728e-05
374108869770,37410886977,0,0,376470366037,1.0,"""[1.9073486328125e-05",1.9073486328125e-05,1.9073486328125e-05,1.9073486328125e-05,1.9073486328125e-05,1.9073486328125e-05,1.9073486328125e-05,1.9073486328125e-05,1.9073486328125e-05,1.9073486328125e-05," 1.9073486328125e-05]""",0.0,0.0,0.0,0.0,0.026031494140625003,0.0,9.5367431640625e-07,9.5367431640625e-07,0.508225308641975,0.508225694444444,3.858024691358024e-07
374108869770,37410886977,0,0,376470366037,1.0,"""[0",0.0,0.0,0.0,0.0,0.0,0.0,0.0,0.0,0.0," 0]""",0.000289916992187,0.000144958496093,0.0,0.0,0.026031494140625003,0.00037384033203100004,3.4332275390625e-05,3.4332275390625e-05,0.508701388888888,0.508702160493827,7.716049382716048e-07
374108869770,37410886977,0,0,376036691611,1.0,"""[0",0.0,0.0,0.0,0.0,0.0,0.0,0.0,0.0,0.0," 0]""",0.006622314453125001,0.0022087097167960003,0.0,0.0,0.026031494140625003,0.000357627868652,3.0517578125e-05,3.0517578125e-05,0.5021350308641971,0.502136188271604,1.157407407407407e-06
374108869770,37410886977,0,0,376470366037,1.0,"""[0.008834838867187",0.00885009765625,0.008865356445312,0.008895874023437,0.0089111328125,0.008926391601562,0.008956909179687,0.00897216796875,0.008987426757812,0.009017944335937," 0.009048461914062]""",0.017974853515625,0.008926391601562,0.0,0.0,0.026031494140625003,0.000350952148437,0.0008516311645500001,0.0008506774902340001,0.508680555555555,0.5086994598765431,1.890432098765432e-05
374108869770,37410886977,0,0,376036691611,1.0,"""[0",0.0,0.0,0.0,0.0,0.0,0.0,0.0,0.0,0.0," 0]""",0.000299453735351,0.00010013580322200001,0.0,0.0,0.026031494140625003,0.00021076202392500003,3.147125244140625e-05,3.0517578125e-05,0.501302083333333,0.5013032407407401,1.157407407407407e-06
374108869770,37410886977,0,0,376470366037,1.0,"""[0",0.0,0.0,0.0,0.0,0.0,0.0,0.0,0.0,0.0," 0]""",0.0,0.0,0.0,0.0,0.026031494140625003,2.6702880859375003e-05,3.24249267578125e-05,3.24249267578125e-05,0.507630787037037,0.507631172839506,3.858024691358024e-07
374108869770,37410886977,0,0,376470366037,0.8571428656578061,"""[0",0.0,0.0,0.0,0.0,0.0,0.0,0.0,0.0,0.0," 0]""",0.0,0.0,0.0,0.0,0.026031494140625003,0.00018405914306600003,3.24249267578125e-05,3.147125244140625e-05,0.50834375,0.508346450617283,2.7006172839506168e-06
374108869770,37410886977,0,0,376036691611,1.0,"""[0",0.0,0.000154495239257,0.000329971313476,0.0027313232421870004,0.005149841308593001,0.006622314453125001,0.00811767578125,0.00836181640625,0.008544921875," 0.008544921875]""",0.01641845703125,0.006072998046875001,0.0,0.0,0.026031494140625003,0.00020790100097600002,0.000852584838867,0.000518798828125,0.501538194444444,0.50154012345679,1.929012345679012e-06
374108869770,37410886977,0,0,376036691611,1.0,"""[0",0.0,0.0,0.0,0.0,0.0,0.0,0.0,0.0,0.0," 0]""",0.0,0.0,0.0,0.0,0.026031494140625003,0.000349044799804,2.9563903808593753e-05,2.9563903808593753e-05,0.501898148148148,0.501898533950617,3.858024691358024e-07
374108869770,37410886977,0,0,376036691611,1.0,"""[0",0.0,0.0,0.0,0.0,0.0,0.0,0.0,0.0,0.0," 0]""",0.0,0.0,0.0,0.0,0.026031494140625003,0.0,9.5367431640625e-07,9.5367431640625e-07,0.501302469135802,0.5013028549382711,3.858024691358024e-07
374108869770,37410886977,0,0,376036691611,0.9688715934753411,"""[0.0006875991821280001",0.0086669921875,0.008819580078125,0.008865356445312,0.008895874023437,0.0089111328125,0.008941650390625,0.008956909179687,0.008987426757812,0.009002685546875," 0.009979248046875]""",0.07958984375,0.008560180664062,0.0,0.0,0.026031494140625003,0.000432968139648,0.0012741088867180002,0.0011043548583980001,0.5008267746913581,0.500925925925925,9.915123456790125e-05
374108869770,37410886977,0,0,376036691611,1.0,"""[0",0.0,0.0,0.0,0.0,0.0,0.0,0.0,0.0,0.0," 0]""",0.0,0.0,0.0,0.0,0.026031494140625003,0.0,9.5367431640625e-07,9.5367431640625e-07,0.502016589506172,0.5020169753086421,3.858024691358024e-07
374108869770,37410886977,0,0,376470366037,1.0,"""[0",0.0,0.0,0.0,0.0,0.0,0.0,0.0,0.0,0.0," 0]""",0.00339126586914,0.000847816467285,0.0,0.0,0.026031494140625003,0.000155448913574,3.24249267578125e-05,3.24249267578125e-05,0.508106095679012,0.508107638888888,1.5432098765432092e-06
374108869770,37410886977,0,0,376470366037,1.0,"""[0",0.0,0.0,0.0,0.0,0.0,0.0,0.0,0.0,0.0," 0]""",0.0,0.0,0.0,0.0,0.026031494140625003,0.00046539306640600004,3.24249267578125e-05,3.24249267578125e-05,0.50775,0.507750385802469,3.858024691358024e-07
374108869770,37410886977,0,0,376470366037,1.0,"""[0",0.0,0.0,0.0,0.0,0.0,0.0,0.0,0.0,0.0,"0]""",0.0,0.0,0.0,0.0,0.026031494140625003,0.000155448913574,3.24249267578125e-05,3.24249267578125e-05,0.508107638888888,0.5081080246913581,3.858024691358024e-07
374108869770,37410886977,0,0,21365709,1.0,"""[0",0.0,0.0,0.0,0.0,0.0,0.0,0.0,0.0,0.0,"0]""",0.0,0.0,0.0,0.0,0.026031494140625003,0.0,9.5367431640625e-07,9.5367431640625e-07,0.5088236882716051,0.508824074074074,3.858024691358024e-07
374108869770,37410886977,0,0,21365709,1.0,"""[0",0.007644653320312,0.0079345703125,0.007949829101562,0.007965087890625,0.007980346679687,0.00799560546875,0.008010864257812,0.008041381835937,0.008056640625," 0.008956909179687]""",0.020477294921875,0.00762939453125,0.0,0.0,0.026031494140625003,0.00030231475830000003,0.001115798950195,0.00105857849121,0.509180941358024,0.5092592592592591,7.83179012345679e-05
374108869770,37410886977,0,0,21365709,1.0,"""[0",0.0,0.0,0.0,0.0,0.0,0.0,0.0,0.0,0.0," 0]""",0.007713317871093001,0.002571105957031,0.0,0.0,0.026031494140625003,0.000349998474121,2.9563903808593753e-05,2.9563903808593753e-05,0.50953549382716,0.509536651234567,1.157407407407407e-06
374108869770,37410886977,0,0,21365709,1.0,"""[0.007369995117187",0.007598876953125001,0.007720947265625001,0.007888793945312,0.007949829101562,0.007965087890625,0.007980346679687,0.008010864257812,0.008026123046875,0.008056640625," 0.008071899414062]""",0.008148193359375,0.007843017578125,0.0,0.0,0.026031494140625003,0.00032615661621000004,0.0010967254638670001,0.000865936279296,0.5094907407407401,0.509533950617283,4.3209876543209875e-05
374108869770,37410886977,0,0,376470366037,1.0,"""[0",0.0,0.0,0.0,0.0,0.0,0.0,0.0,0.0,0.0,"0]""",0.0,0.0,0.0,0.0,0.026031494140625003,0.0,9.5367431640625e-07,9.5367431640625e-07,0.5078688271604931,0.5078692129629631,3.858024691358024e-07
374108869770,37410886977,0,0,376036691611,0.9923076629638671,"""[0.00848388671875",0.00872802734375,0.008773803710937,0.008834838867187,0.008865356445312,0.008880615234375,0.008895874023437,0.0089111328125,0.008941650390625,0.008956909179687," 0.00897216796875]""",0.022491455078125003,0.008758544921875,0.0,0.0,0.026031494140625003,0.00033378601074200004,0.0009918212890620002,0.0008811950683590001,0.502083333333333,0.5021334876543211,5.015432098765432e-05
374108869770,37410886977,0,0,376470366037,1.0,"""[0.008865356445312",0.008865356445312,0.008865356445312,0.008865356445312,0.008865356445312,0.008880615234375,0.008880615234375,0.008880615234375,0.008880615234375,0.008880615234375," 0.008880615234375]""",0.009033203125,0.00762939453125,0.0,0.0,0.026031494140625003,0.00013160705566400002,0.0008449554443350001,0.0008449554443350001,0.5081018518518511,0.508104552469135,2.7006172839506168e-06
374108869770,37410886977,0,0,376036691611,1.0,"""[1.2397766113281252e-05",1.2397766113281252e-05,1.2397766113281252e-05,1.2397766113281252e-05,1.2397766113281252e-05,1.2397766113281252e-05,1.2397766113281252e-05,1.2397766113281252e-05,1.2397766113281252e-05,1.2397766113281252e-05," 1.2397766113281252e-05]""",2.5749206542968753e-05,2.5749206542968753e-05,0.0,0.0,0.026031494140625003,0.0,9.5367431640625e-07,9.5367431640625e-07,0.501541280864197,0.501541666666666,3.858024691358024e-07
374108869770,37410886977,0,0,376036691611,1.0,"""[0",0.0,0.0,0.0,0.0,0.0,0.0,0.0,0.0,0.0," 0]""",0.006370544433593001,0.0031852722167960003,0.0,0.0,0.026031494140625003,0.00020790100097600002,3.0517578125e-05,3.0517578125e-05,0.5017781635802471,0.501778935185185,7.716049382716048e-07
374108869770,37410886977,0,0,376470366037,1.0,"""[0",0.0,0.000109672546386,0.00024223327636700001,0.002906799316406,0.005592346191406,0.006645202636718001,0.007728576660156,0.00787353515625,0.007949829101562," 0.007949829101562]""",0.009140014648437,0.006095886230468001,0.0,0.0,0.026031494140625003,0.000357627868652,0.000865936279296,0.0005531311035150001,0.5084618055555551,0.5084637345679011,1.929012345679012e-06
374108869770,37410886977,0,0,376470366037,1.0,"""[6.866455078125e-05",0.00010108947753900001,0.00020217895507800002,0.000348091125488,0.00592041015625,0.006385803222656,0.006706237792968001,0.0079345703125,0.008377075195312,0.008682250976562," 0.00885009765625]""",0.008590698242187,0.004371643066406,0.0,0.0,0.026031494140625003,5.626678466796876e-05,0.000773429870605,0.00046157836914,0.50775,0.507754629629629,4.629629629629629e-06
374108869770,37410886977,0,0,376470366037,1.0,"""[0",0.0,0.00013160705566400002,0.000275611877441,0.00028610229492100005,0.000297546386718,0.0037879943847650005,0.007331848144531,0.0078125,0.008224487304687," 0.008224487304687]""",0.009017944335937,0.004936218261718001,0.0,0.0,0.026031494140625003,0.000369071960449,0.0008735656738280001,0.000700950622558,0.5086994598765431,0.508701388888888,1.929012345679012e-06
374108869770,37410886977,0,0,376470366037,1.0,"""[0",0.0,0.0,0.0,0.0,1.2397766113281252e-05,2.5749206542968753e-05,2.5749206542968753e-05,2.5749206542968753e-05,2.5749206542968753e-05," 2.5749206542968753e-05]""",0.0,0.0,0.0,0.0,0.026031494140625003,0.0,9.5367431640625e-07,9.5367431640625e-07,0.5077492283950611,0.5077496141975301,3.858024691358024e-07
374108869770,37410886977,0,0,376470366037,1.0,"""[0",0.0,0.0,0.0,0.0,0.0,0.0,0.0,0.0,0.0,"0]""",0.0,0.0,0.0,0.0,0.026031494140625003,0.0,9.5367431640625e-07,9.5367431640625e-07,0.5077496141975301,0.50775,3.858024691358024e-07
374108869770,37410886977,0,0,376470366037,1.0,"""[0",0.0,0.0,0.0,0.0,0.0,0.0,0.0,0.0,0.0," 0]""",0.0,0.0,0.0,0.0,0.026031494140625003,0.00037384033203100004,3.4332275390625e-05,3.4332275390625e-05,0.508702160493827,0.5087025462962961,3.858024691358024e-07
374108869770,37410886977,0,0,376470366037,1.0,"""[0",0.0,0.0,0.0,0.0,0.0,0.0,0.0,0.0,0.0," 0]""",0.000281333923339,0.00014114379882800002,0.0,0.0,0.026031494140625003,0.00018215179443300001,3.147125244140625e-05,3.147125244140625e-05,0.508582561728395,0.508583333333333,7.716049382716048e-07
374108869770,37410886977,0,0,21365709,1.0,"""[0",0.007652282714843001,0.007919311523437,0.007949829101562,0.007965087890625,0.007980346679687,0.00799560546875,0.008026123046875,0.008041381835937,0.008071899414062," 0.009414672851562]""",0.009429931640625,0.00775146484375,0.0,0.0,0.026031494140625003,0.000154495239257,0.0009708404541010001,0.0009050369262690001,0.50929899691358,0.509375,7.60030864197531e-05
374108869770,37410886977,0,0,376036691611,1.0,"""[0",0.0,0.0,0.0,0.0,0.0,0.0,0.0,0.0,0.0,"0]""",0.0,0.0,0.0,0.0,0.026031494140625003,0.0,9.5367431640625e-07,9.5367431640625e-07,0.501540895061728,0.501541280864197,3.858024691358024e-07
374108869770,37410886977,0,0,376036691611,1.0,"""[0",0.0,0.0,0.0,0.0,0.0,0.0,0.0,0.0,0.0,"0]""",0.0,0.0,0.0,0.0,0.0,0.0,9.5367431640625e-07,9.5367431640625e-07,0.501064429012345,0.501064814814814,3.858024691358024e-07
374108869770,37410886977,0,0,376036691611,1.0,"""[0",0.0,0.0,0.0,0.0,0.0,0.0,0.0,0.0,0.0," 0]""",0.0,0.0,0.0,0.0,0.026031494140625003,0.00033473968505800004,3.0517578125e-05,2.9563903808593753e-05,0.501659336419753,0.501660879629629,1.5432098765432092e-06
374108869770,37410886977,0,0,376470366037,0.9964028596878051,"""[4.386901855468751e-05",0.008453369140625,0.00848388671875,0.008514404296875,0.008529663085937,0.008560180664062,0.008590698242187,0.008651733398437,0.008712768554687,0.0089111328125," 0.009109497070312]""",0.022216796875,0.008438110351562,0.0,0.0,0.026031494140625003,0.00015640258789,0.0010051727294920001,0.0009403228759760001,0.5082260802469131,0.5083333333333331,0.000107253086419
374108869770,37410886977,0,0,376470366037,1.0,"""[0",0.0,0.00013160705566400002,0.00028610229492100005,0.00169563293457,0.003105163574218,0.005195617675781,0.007331848144531,0.00787353515625,0.00836181640625," 0.00836181640625]""",0.009033203125,0.005592346191406,0.0,0.0,0.026031494140625003,0.000179290771484,0.0008859634399410001,0.000707626342773,0.5078657407407401,0.5078676697530861,1.929012345679012e-06
374108869770,37410886977,0,0,376036691611,0.9958158731460571,"""[3.910064697265625e-05",0.008560180664062,0.008712768554687,0.008804321289062,0.008865356445312,0.008895874023437,0.0089111328125,0.008941650390625,0.00897216796875,0.009002685546875," 0.009841918945312]""",0.031982421875,0.008544921875,0.0,0.0,0.026031494140625003,0.00040531158447200004,0.001245498657226,0.001110076904296,0.501065200617284,0.501157407407407,9.220679012345679e-05
374108869770,37410886977,0,0,376470366037,1.0,"""[4.00543212890625e-05",0.00860595703125,0.00872802734375,0.008758544921875,0.0087890625,0.008819580078125,0.00885009765625,0.008895874023437,0.008941650390625,0.008987426757812," 0.009979248046875]""",0.020751953125,0.00860595703125,0.0,0.0,0.026031494140625003,0.000317573547363,0.0011653900146480001,0.0010128021240230001,0.5078703703703701,0.5079853395061721,0.000114969135802
374108869770,37410886977,0,0,376036691611,0.9767441749572751,"""[0.008590698242187",0.008682250976562,0.008773803710937,0.008834838867187,0.008865356445312,0.008880615234375,0.008895874023437,0.0089111328125,0.008926391601562,0.008941650390625," 0.008956909179687]""",0.02056884765625,0.009002685546875,0.0,0.0,0.026031494140625003,0.00044441223144500003,0.0008316040039060001,0.0008316040039060001,0.500925925925925,0.500942515432098,1.6589506172839503e-05
374108869770,37410886977,0,0,376036691611,1.0,"""[0.008590698242187",0.008682250976562,0.008758544921875,0.008819580078125,0.008865356445312,0.008880615234375,0.008895874023437,0.0089111328125,0.008926391601562,0.008956909179687," 0.00897216796875]""",0.0267333984375,0.00885009765625,0.0,0.0,0.026031494140625003,0.00018501281738200003,0.0009346008300780001,0.0008573532104490001,0.501736111111111,0.5017766203703701,4.050925925925925e-05
374108869770,37410886977,0,0,376470366037,0.9892857074737541,"""[0.008270263671875",0.008514404296875,0.008575439453125,0.008697509765625,0.008819580078125,0.008880615234375,0.0089111328125,0.008941650390625,0.00897216796875,0.009002685546875," 0.009140014648437]""",0.022918701171875003,0.008758544921875,0.0,0.0,0.026031494140625003,0.000441551208496,0.001285552978515,0.0011215209960930002,0.5076388888888881,0.507746913580246,0.000108024691358
374108869770,37410886977,0,0,376470366037,1.0,"""[0",0.0,0.0,0.0,0.0,0.0,0.0,0.0,0.0,0.0,"0]""",0.0,0.0,0.0,0.0,0.026031494140625003,0.0,9.5367431640625e-07,9.5367431640625e-07,0.5083452932098761,0.5083456790123451,3.858024691358024e-07
374108869770,37410886977,0,0,376470366037,1.0,"""[0",0.0,0.0,0.0,0.0,0.0,0.0,0.0,0.0,0.0," 0]""",0.0,0.0,0.0,0.0,0.026031494140625003,0.0,9.5367431640625e-07,9.5367431640625e-07,0.508225694444444,0.5082260802469131,3.858024691358024e-07
374108869770,37410886977,0,0,376036691611,1.0,"""[0",0.0,0.0,0.0,0.0,9.5367431640625e-07,9.5367431640625e-07,9.5367431640625e-07,9.5367431640625e-07,9.5367431640625e-07," 9.5367431640625e-07]""",0.0,0.0,0.0,0.0,0.026031494140625003,0.00018405914306600003,2.9563903808593753e-05,2.9563903808593753e-05,0.5020173611111111,0.50201774691358,3.858024691358024e-07
374108869770,37410886977,0,0,21365709,1.0,"""[0",0.0,6.580352783203125e-05,0.000154495239257,0.0030822753906250004,0.006034851074218001,0.006538391113281,0.007064819335937,0.007278442382812,0.007431030273437," 0.007431030273437]""",0.008026123046875,0.005744934082031,0.0,0.0,0.026031494140625003,0.00018405914306600003,0.000835418701171,0.000507354736328,0.5094151234567901,0.509417052469135,1.929012345679012e-06
374108869770,37410886977,0,0,376470366037,1.0,"""[0",0.0,0.0,0.0,0.0,0.0,0.0,0.0,0.0,0.0," 0]""",0.0,0.0,0.0,0.0,0.026031494140625003,0.0,9.5367431640625e-07,9.5367431640625e-07,0.507988040123456,0.5079884259259261,3.858024691358024e-07
374108869770,37410886977,0,0,376036691611,0.9913420081138611,"""[4.673004150390626e-05",0.008575439453125,0.008651733398437,0.008712768554687,0.008834838867187,0.008880615234375,0.0089111328125,0.008941650390625,0.00897216796875,0.009002685546875," 0.009140014648437]""",0.030242919921875003,0.008575439453125,0.0,0.0,0.026031494140625003,0.00018119812011700001,0.001001358032226,0.0009355545043940001,0.501184027777777,0.501273148148148,8.912037037037037e-05
374108869770,37410886977,0,0,376470366037,1.0,"""[0",0.0,0.0,0.0,0.0,0.0,0.0,0.0,0.0,0.0,"0]""",0.0,0.0,0.0,0.0,0.026031494140625003,0.000358581542968,3.147125244140625e-05,3.147125244140625e-05,0.5082260802469131,0.508226466049382,3.858024691358024e-07
374108869770,37410886977,0,0,21365709,1.0,"""[0.00017642974853500002",0.00017642974853500002,0.00017642974853500002,0.003620147705078,0.00363540649414,0.005195617675781,0.006790161132812,0.006843566894531,0.007293701171875001,0.007293701171875001," 0.007293701171875001]""",0.008041381835937,0.005516052246093001,0.0,0.0,0.026031494140625003,0.00018119812011700001,0.0008277893066400001,0.0008211135864250001,0.50917824074074,0.509179783950617,1.5432098765432092e-06
374108869770,37410886977,0,0,21365709,1.0,"""[0",0.0,0.0,0.0,0.0,0.0,0.0,0.0,0.0,0.0," 0]""",0.0,0.0,0.0,0.0,0.026031494140625003,0.0,9.5367431640625e-07,9.5367431640625e-07,0.508823302469135,0.5088236882716051,3.858024691358024e-07
374108869770,37410886977,0,0,21365709,1.0,"""[0",0.0,0.0,0.0,0.0,0.0,0.0,0.0,0.0,0.0," 0]""",0.0,0.0,0.0,0.0,0.026031494140625003,0.000349998474121,2.9563903808593753e-05,2.9563903808593753e-05,0.509536651234567,0.509537037037037,3.858024691358024e-07
374108869770,37410886977,0,0,21365709,1.0,"""[0",0.0,0.001123428344726,0.002265930175781,0.004402160644531,0.006561279296875001,0.007003784179687,0.007461547851562,0.007614135742187,0.0076904296875," 0.0076904296875]""",0.009918212890625,0.006401062011718001,0.0,0.0,0.026031494140625003,1.3351440429687502e-05,0.000822067260742,0.000654220581054,0.508939814814814,0.5089417438271601,1.929012345679012e-06
374108869770,37410886977,0,0,376036691611,1.0,"""[0.004928588867187",0.004928588867187,0.004928588867187,0.004928588867187,0.004928588867187,0.005966186523437,0.007003784179687,0.007003784179687,0.007003784179687,0.007003784179687," 0.007003784179687]""",0.00921630859375,0.005020141601562,0.0,0.0,0.026031494140625003,4.959106445312501e-05,0.0008459091186520001,0.0005149841308590001,0.501061728395061,0.501063657407407,1.929012345679012e-06
374108869770,37410886977,0,0,376036691611,1.0,"""[0",0.0,0.0,0.0,0.0,0.0,0.0,0.0,0.0,0.0," 0]""",0.0,0.0,0.0,0.0,0.026031494140625003,0.0,0.0,0.0,0.5018977623456791,0.501898148148148,3.858024691358024e-07
374108869770,37410886977,0,0,376470366037,1.0,"""[0",0.0,0.00013160705566400002,0.00028610229492100005,0.00235366821289,0.004447937011718001,0.006141662597656,0.007858276367187,0.008026123046875,0.008132934570312," 0.008132934570312]""",0.008941650390625,0.005889892578125001,0.0,0.0,0.026031494140625003,0.000464439392089,0.0008668899536130001,0.0005273818969720001,0.507746913580246,0.507748842592592,1.929012345679012e-06
374108869770,37410886977,0,0,376470366037,1.0,"""[0.0087890625",0.008804321289062,0.00885009765625,0.008865356445312,0.008865356445312,0.008880615234375,0.008880615234375,0.008895874023437,0.008895874023437,0.0089111328125," 0.0089111328125]""",0.009017944335937,0.008880615234375,0.0,0.0,0.026031494140625003,0.000160217285156,0.0008449554443350001,0.0008449554443350001,0.5083333333333331,0.508341820987654,8.487654320987653e-06
374108869770,37410886977,0,0,376470366037,1.0,"""[0.0087890625",0.008804321289062,0.008819580078125,0.00885009765625,0.008865356445312,0.008895874023437,0.0089111328125,0.008941650390625,0.008956909179687,0.008987426757812," 0.009002685546875]""",0.00946044921875,0.008865356445312,0.0,0.0,0.026031494140625003,0.00033950805664,0.000842094421386,0.000842094421386,0.508449074074074,0.5084618055555551,1.273148148148148e-05
374108869770,37410886977,0,0,376036691611,0.9807692170143121,"""[0.008621215820312",0.00885009765625,0.008865356445312,0.008865356445312,0.008880615234375,0.008895874023437,0.0089111328125,0.0089111328125,0.008926391601562,0.008941650390625," 0.008941650390625]""",0.01971435546875,0.0089111328125,0.0,0.0,0.026031494140625003,3.147125244140625e-05,0.000822067260742,0.000822067260742,0.501041666666666,0.501061728395061,2.006172839506172e-05
374108869770,37410886977,0,0,21365709,1.0,"""[0.007392883300781",0.007545471191406,0.007667541503906,0.0078125,0.007888793945312,0.0079345703125,0.007965087890625,0.00799560546875,0.008026123046875,0.008041381835937," 0.008087158203125]""",0.008087158203125,0.007858276367187,0.0,0.0,0.026031494140625003,0.000442504882812,0.0010299682617180002,0.0008506774902340001,0.5090277777777771,0.509059027777777,3.125e-05
374108869770,37410886977,0,0,376036691611,1.0,"""[0.00836181640625",0.00872802734375,0.0087890625,0.00885009765625,0.008865356445312,0.008895874023437,0.0089111328125,0.008926391601562,0.008956909179687,0.00897216796875," 0.008987426757812]""",0.01055908203125,0.008865356445312,0.0,0.0,0.026031494140625003,0.000308036804199,0.000879287719726,0.0008277893066400001,0.501388888888888,0.501418981481481,3.0092592592592593e-05
374108869770,37410886977,0,0,376036691611,0.954023003578186,"""[0.008621215820312",0.00872802734375,0.0087890625,0.00885009765625,0.008865356445312,0.008880615234375,0.0089111328125,0.008926391601562,0.008941650390625,0.00897216796875," 0.008987426757812]""",0.0557861328125,0.00885009765625,0.0,0.0,0.026031494140625003,0.00018501281738200003,0.0008935928344720001,0.00084114074707,0.501504629629629,0.501538194444444,3.3564814814814815e-05
374108869770,37410886977,0,0,376470366037,0.9926199316978451,"""[0.008193969726562",0.00860595703125,0.0087890625,0.008865356445312,0.008880615234375,0.008895874023437,0.0089111328125,0.008926391601562,0.008941650390625,0.008956909179687," 0.00897216796875]""",0.023040771484375003,0.00885009765625,0.0,0.0,0.026031494140625003,2.0980834960937503e-05,0.001003265380859,0.00086498260498,0.507523148148148,0.507627700617283,0.00010455246913500001
374108869770,37410886977,0,0,376470366037,1.0,"""[1.9073486328125e-06",0.008438110351562,0.008499145507812,0.008544921875,0.008621215820312,0.0087890625,0.008865356445312,0.0089111328125,0.008941650390625,0.008987426757812," 0.009063720703125]""",0.02374267578125,0.00836181640625,0.0,0.0,0.026031494140625003,0.00034332275390600004,0.0012035369873040001,0.00107192993164,0.508583719135802,0.508680555555555,9.683641975308643e-05
374108869770,37410886977,0,0,376036691611,1.0,"""[0",0.0,2.1934509277343753e-05,6.580352783203125e-05,0.00017642974853500002,0.00028610229492100005,0.0037193298339840003,0.007194519042968001,0.007347106933593001,0.007423400878906," 0.007423400878906]""",0.008926391601562,0.004615783691406,0.0,0.0,0.026031494140625003,0.00034427642822200004,0.0008430480957030001,0.0006752014160150001,0.501895061728395,0.50189699074074,1.929012345679012e-06
374108869770,37410886977,0,0,376036691611,1.0,"""[0",0.0,0.0,0.0,0.0,0.0,0.0,0.0,0.0,0.0,"0]""",0.0,0.0,0.0,0.0,0.026031494140625003,0.0,9.5367431640625e-07,9.5367431640625e-07,0.5020169753086421,0.5020173611111111,3.858024691358024e-07
374108869770,37410886977,0,0,376470366037,1.0,"""[1.52587890625e-05",1.52587890625e-05,1.52587890625e-05,1.52587890625e-05,1.52587890625e-05,1.52587890625e-05,1.52587890625e-05,1.52587890625e-05,1.52587890625e-05,1.52587890625e-05," 1.52587890625e-05]""",0.0,0.0,0.0,0.0,0.026031494140625003,0.0,9.5367431640625e-07,9.5367431640625e-07,0.507511188271604,0.507511574074074,3.858024691358024e-07
374108869770,37410886977,0,0,376036691611,1.0,"""[6.580352783203125e-05",0.0086669921875,0.008773803710937,0.008834838867187,0.008865356445312,0.008895874023437,0.008926391601562,0.008956909179687,0.00897216796875,0.009002685546875," 0.009078979492187]""",0.02545166015625,0.008499145507812,0.0,0.0,0.026031494140625003,0.00030326843261700004,0.00114631652832,0.001075744628906,0.501541666666666,0.50162037037037,7.870370370370372e-05
374108869770,37410886977,0,0,21365709,1.0,"""[0.006683349609375001",0.006683349609375001,0.006683349609375001,0.006683349609375001,0.007026672363281,0.007064819335937,0.007102966308593001,0.007415771484375001,0.007415771484375001,0.007415771484375001," 0.007415771484375001]""",0.008026123046875,0.0037841796875,0.0,0.0,0.026031494140625003,0.000320434570312,0.000828742980957,0.000823020935058,0.509296682098765,0.509298225308642,1.5432098765432092e-06
374108869770,37410886977,0,0,376036691611,1.0,"""[0.00015735626220700002",0.008209228515625,0.008697509765625,0.0087890625,0.00885009765625,0.008880615234375,0.0089111328125,0.008941650390625,0.00897216796875,0.009002685546875," 0.00909423828125]""",0.027618408203125003,0.00823974609375,0.0,0.0,0.026031494140625003,0.00031375885009700004,0.0011444091796870002,0.001028060913085,0.501779320987654,0.501851851851851,7.253086419753086e-05
374108869770,37410886977,0,0,376470366037,1.0,"""[0",0.0,1.9073486328125e-06,8.58306884765625e-06,1.52587890625e-05,2.1934509277343753e-05,2.8610229492187503e-05,3.528594970703125e-05,4.196166992187501e-05,0.000244140625," 0.000244140625]""",0.000860214233398,0.000107765197753,0.0,0.0,0.026031494140625003,0.00034332275390600004,0.00029468536376900005,0.00013256072998000002,0.5079868827160491,0.5079899691358021,3.0864197530864187e-06
374108869770,37410886977,0,0,376470366037,1.0,"""[0",0.0,0.00013160705566400002,0.00028610229492100005,0.002662658691406,0.00506591796875,0.006248474121093001,0.007461547851562,0.0079345703125,0.008346557617187," 0.008346557617187]""",0.008956909179687,0.006050109863281,0.0,0.0,0.026031494140625003,2.5749206542968753e-05,0.0008707046508780001,0.0006980895996090001,0.507627700617283,0.507629629629629,1.929012345679012e-06
374108869770,37410886977,0,0,376470366037,1.0,"""[0.006553649902343001",0.006553649902343001,0.006553649902343001,0.006553649902343001,0.006553649902343001,0.007759094238281,0.008956909179687,0.008956909179687,0.008956909179687,0.008956909179687," 0.008956909179687]""",0.00897216796875,0.007766723632812,0.0,0.0,0.026031494140625003,0.00032424926757800005,0.0008583068847650001,0.0008544921875,0.5079853395061721,0.507986111111111,7.716049382716048e-07
374108869770,37410886977,0,0,376470366037,1.0,"""[0",0.0,0.00013160705566400002,0.00028610229492100005,0.001056671142578,0.001827239990234,0.004623413085937,0.007461547851562,0.00799560546875,0.008468627929687," 0.008468627929687]""",0.008941650390625,0.005378723144531,0.0,0.0,0.026031494140625003,0.000358581542968,0.0008707046508780001,0.000529289245605,0.5082229938271601,0.508224922839506,1.929012345679012e-06
374108869770,37410886977,0,0,376036691611,1.0,"""[0",0.0,0.0,0.0,0.0,0.0,0.0,0.0,0.0,0.0," 0]""",0.0,0.0,0.0,0.0,0.026031494140625003,0.0,9.5367431640625e-07,9.5367431640625e-07,0.501778935185185,0.501779320987654,3.858024691358024e-07
374108869770,37410886977,0,0,21365709,1.0,"""[0",0.0,0.0,0.0,0.0,0.0,0.0,0.0,0.0,0.0,"0]""",0.0,0.0,0.0,0.0,0.026031494140625003,0.0,9.5367431640625e-07,9.5367431640625e-07,0.5092986111111111,0.50929899691358,3.858024691358024e-07
374108869770,37410886977,0,0,21365709,1.0,"""[0",0.0,0.0,0.0,0.0,0.0,0.0,0.0,0.0,0.0," 0]""",0.0,0.0,0.0,0.0,0.026031494140625003,0.00018501281738200003,3.147125244140625e-05,3.147125244140625e-05,0.509417438271604,0.509417824074074,3.858024691358024e-07
374108869770,37410886977,0,0,21365709,1.0,"""[0",0.0,0.0,0.0,0.0,0.0,0.0,0.0,0.0,0.0," 0]""",0.003833770751953,0.0007667541503900001,0.0,0.0,0.026031494140625003,0.00018119812011700001,2.8610229492187503e-05,2.8610229492187503e-05,0.509179783950617,0.509181712962963,1.929012345679012e-06
374108869770,37410886977,0,0,21365709,1.0,"""[1.3351440429687502e-05",1.3351440429687502e-05,1.3351440429687502e-05,1.3351440429687502e-05,1.3351440429687502e-05,1.3351440429687502e-05,1.3351440429687502e-05,1.3351440429687502e-05,1.3351440429687502e-05,1.3351440429687502e-05," 1.3351440429687502e-05]""",0.0,0.0,0.0,0.0,0.026031494140625003,0.0,9.5367431640625e-07,9.5367431640625e-07,0.509417438271604,0.509417824074074,3.858024691358024e-07
374108869770,37410886977,0,0,21365709,1.0,"""[0",0.0,0.0,0.0,0.0,9.5367431640625e-07,9.5367431640625e-07,9.5367431640625e-07,9.5367431640625e-07,9.5367431640625e-07," 9.5367431640625e-07]""",0.0,0.0,0.0,0.0,0.026031494140625003,0.0,4.76837158203125e-06,4.76837158203125e-06,0.5089432870370371,0.508943672839506,3.858024691358024e-07
374108869770,37410886977,0,0,21365709,1.0,"""[0",0.0,0.0,0.0,0.0,8.58306884765625e-06,1.811981201171875e-05,1.811981201171875e-05,1.811981201171875e-05,1.811981201171875e-05," 1.811981201171875e-05]""",0.0,0.0,0.0,0.0,0.026031494140625003,0.0,9.5367431640625e-07,9.5367431640625e-07,0.509535879629629,0.509536651234567,7.716049382716048e-07
374108869770,37410886977,0,0,21365709,1.0,"""[0",0.007675170898437,0.007904052734375,0.0079345703125,0.007965087890625,0.007980346679687,0.00799560546875,0.008010864257812,0.008026123046875,0.008041381835937," 0.009521484375]""",0.01605224609375,0.007720947265625001,0.0,0.0,0.026031494140625003,0.00015163421630800001,0.0009622573852530001,0.0009012222290030001,0.50906211419753,0.509143518518518,8.140432098765433e-05
374108869770,37410886977,0,0,21365709,1.0,"""[0",0.0,0.0,0.0,0.0,0.0,0.0,0.0,0.0,0.0," 0]""",0.0,0.0,0.0,0.0,0.026031494140625003,0.0,9.5367431640625e-07,9.5367431640625e-07,0.5089429012345671,0.5089432870370371,3.858024691358024e-07
374108869770,37410886977,0,0,376470366037,1.0,"""[0",0.0,0.0,0.0,0.0,0.0,0.0,0.0,0.0,0.0," 0]""",0.0,0.0,0.0,0.0,0.026031494140625003,0.00034332275390600004,0.00029373168945300005,0.00029373168945300005,0.5079899691358021,0.507990354938271,3.858024691358024e-07
374108869770,37410886977,0,0,376036691611,1.0,"""[0",0.00872802734375,0.008804321289062,0.008865356445312,0.008880615234375,0.0089111328125,0.008926391601562,0.008956909179687,0.008987426757812,0.009002685546875," 0.009979248046875]""",0.017730712890625,0.008560180664062,0.0,0.0,0.026031494140625003,0.000153541564941,0.00099754333496,0.0009479522705070001,0.501898148148148,0.501967592592592,6.944444444444444e-05
374108869770,37410886977,0,0,376470366037,1.0,"""[0",0.0,0.0,0.0,0.0,0.0,0.0,0.0,0.0,0.0," 0]""",0.0,0.0,0.0,0.0,0.026031494140625003,0.00046539306640600004,3.337860107421875e-05,3.24249267578125e-05,0.507748842592592,0.50775,1.157407407407407e-06
374108869770,37410886977,0,0,376036691611,1.0,"""[0.000319480895996",0.000319480895996,0.000319480895996,0.005828857421875001,0.005867004394531,0.006912231445312,0.007965087890625,0.008010864257812,0.008041381835937,0.008041381835937," 0.008041381835937]""",0.01666259765625,0.006072998046875001,0.0,0.0,0.026031494140625003,0.000351905822753,0.0008516311645500001,0.0008506774902340001,0.5021334876543211,0.5021350308641971,1.5432098765432092e-06
374108869770,37410886977,0,0,376470366037,1.0,"""[0",0.0,0.0,0.0,0.0,0.0,0.0,0.0,0.0,0.0,"0]""",0.0,0.0,0.0,0.0,0.0,0.0,0.0,0.0,0.507869984567901,0.5078703703703701,3.858024691358024e-07
374108869770,37410886977,0,0,21365709,1.0,"""[0.007530212402343001",0.0079345703125,0.007949829101562,0.007965087890625,0.007980346679687,0.00799560546875,0.00799560546875,0.008010864257812,0.008026123046875,0.008041381835937," 0.008071899414062]""",0.01605224609375,0.00799560546875,0.0,0.0,0.026031494140625003,0.000441551208496,0.0009460449218750001,0.000828742980957,0.5087962962962961,0.50882137345679,2.5077160493827152e-05
374108869770,37410886977,0,0,376036691611,1.0,"""[0.008697509765625",0.008804321289062,0.008865356445312,0.008880615234375,0.008895874023437,0.008926391601562,0.008941650390625,0.008956909179687,0.008987426757812,0.009002685546875," 0.009048461914062]""",0.0294189453125,0.008880615234375,0.0,0.0,0.026031494140625003,0.000310897827148,0.0009584426879880001,0.0008468627929680001,0.50162037037037,0.501657407407407,3.7037037037037037e-05
374108869770,37410886977,0,0,376470366037,1.0,"""[0",0.0,0.0,0.0,0.0,0.0,0.0,0.0,0.0,0.0,"0]""",0.0,0.0,0.0,0.0,0.026031494140625003,0.0,9.5367431640625e-07,9.5367431640625e-07,0.508583333333333,0.508583719135802,3.858024691358024e-07
374108869770,37410886977,0,0,376470366037,1.0,"""[0",0.0,0.0,0.0,0.0,0.0,0.0,0.0,0.0,0.0,"0]""",0.0,0.0,0.0,0.0,0.026031494140625003,0.0,9.5367431640625e-07,9.5367431640625e-07,0.50846412037037,0.508464506172839,3.858024691358024e-07
374108869770,37410886977,0,0,376470366037,1.0,"""[0.000248908996582",0.000248908996582,0.000248908996582,0.004280090332031,0.004295349121093001,0.005722045898437,0.007186889648437,0.007240295410156,0.008346557617187,0.008346557617187," 0.008346557617187]""",0.008880615234375,0.005752563476562,0.0,0.0,0.026031494140625003,0.00017833709716700002,0.0008687973022460001,0.000696182250976,0.508341820987654,0.50834375,1.929012345679012e-06
374108869770,37410886977,0,0,376470366037,1.0,"""[0",0.0,0.0,0.0,0.0,0.0,0.0,0.0,0.0,0.0," 0]""",0.0,0.0,0.0,0.0,0.026031494140625003,0.000358581542968,3.147125244140625e-05,3.147125244140625e-05,0.508224922839506,0.5082260802469131,1.157407407407407e-06
374108869770,37410886977,0,0,376470366037,1.0,"""[0",0.0,0.0,0.0,0.0,0.0,0.0,0.0,0.0,0.0," 0]""",0.0,0.0,0.0,0.0,0.026031494140625003,0.0,9.5367431640625e-07,9.5367431640625e-07,0.5085829475308641,0.508583333333333,3.858024691358024e-07
374108869770,37410886977,0,0,376470366037,0.9965986609458921,"""[3.910064697265625e-05",0.008438110351562,0.008514404296875,0.008590698242187,0.00885009765625,0.008880615234375,0.0089111328125,0.008941650390625,0.00897216796875,0.009002685546875," 0.01025390625]""",0.022705078125,0.008590698242187,0.0,0.0,0.026031494140625003,0.000127792358398,0.0009765625,0.000908851623535,0.5079884259259261,0.5081018518518511,0.00011342592592500001
374108869770,37410886977,0,0,376036691611,1.0,"""[0",0.0,0.0,0.0,0.0,0.0,0.0,0.0,0.0,0.0," 0]""",0.00023746490478500002,7.915496826171875e-05,0.0,0.0,0.026031494140625003,0.00018405914306600003,2.9563903808593753e-05,2.9563903808593753e-05,0.502016203703703,0.5020173611111111,1.157407407407407e-06
374108869770,37410886977,0,0,21365709,1.0,"""[4.100799560546875e-05",0.007492065429687,0.007774353027343001,0.0079345703125,0.007949829101562,0.007965087890625,0.00799560546875,0.008010864257812,0.008026123046875,0.008056640625," 0.00970458984375]""",0.018585205078125,0.007606506347656,0.0,0.0,0.026031494140625003,0.00042629241943300004,0.0012569427490230001,0.001153945922851,0.5089432870370371,0.5090277777777771,8.449074074074074e-05
374108869770,37410886977,0,0,376470366037,1.0,"""[0",0.0,0.0,0.0,0.0,0.0,0.0,0.0,0.0,0.0,"0]""",0.0,0.0,0.0,0.0,0.026031494140625003,0.0,9.5367431640625e-07,9.5367431640625e-07,0.507987654320987,0.507988040123456,3.858024691358024e-07
374108869770,37410886977,0,0,21365709,1.0,"""[0",0.0,0.0,0.0,0.0,0.0,0.0,0.0,0.0,0.0,"0]""",0.0,0.0,0.0,0.0,0.026031494140625003,0.0,9.5367431640625e-07,9.5367431640625e-07,0.508942515432098,0.5089429012345671,3.858024691358024e-07
374108869770,37410886977,0,0,376470366037,1.0,"""[0",0.008499145507812,0.00872802734375,0.008804321289062,0.00885009765625,0.008880615234375,0.008895874023437,0.008926391601562,0.008941650390625,0.008956909179687," 0.008987426757812]""",0.0181884765625,0.008468627929687,0.0,0.0,0.026031494140625003,0.00033187866210900003,0.00118064880371,0.0010299682617180002,0.5083456790123451,0.508449074074074,0.00010339506172800001
374108869770,37410886977,0,0,376470366037,1.0,"""[4.00543212890625e-05",0.001827239990234,0.004997253417968001,0.007659912109375001,0.008636474609375,0.008743286132812,0.008804321289062,0.008865356445312,0.008926391601562,0.008987426757812," 0.009140014648437]""",0.009140014648437,0.006881713867187,0.0,0.0,0.026031494140625003,0.00012016296386700001,0.0009994506835930002,0.000745773315429,0.5075119598765431,0.507523148148148,1.118827160493827e-05
374108869770,37410886977,0,0,376036691611,1.0,"""[0.008499145507812",0.008682250976562,0.008758544921875,0.008804321289062,0.00885009765625,0.008865356445312,0.008895874023437,0.0089111328125,0.008926391601562,0.008941650390625," 0.008956909179687]""",0.009567260742187,0.008834838867187,0.0,0.0,0.026031494140625003,0.00041675567626900005,0.000861167907714,0.000833511352539,0.501157407407407,0.501180941358024,2.353395061728394e-05
374108869770,37410886977,0,0,21365709,1.0,"""[0.007453918457031",0.007644653320312,0.0079345703125,0.007949829101562,0.007980346679687,0.00799560546875,0.008026123046875,0.008041381835937,0.008071899414062,0.008087158203125," 0.008102416992187]""",0.02484130859375,0.007980346679687,0.0,0.0,0.026031494140625003,0.00015735626220700002,0.0008096694946280001,0.000804901123046,0.509143518518518,0.50917824074074,3.472222222222222e-05
374108869770,37410886977,0,0,376036691611,1.0,"""[0.008270263671875",0.008773803710937,0.00885009765625,0.008865356445312,0.008880615234375,0.008895874023437,0.0089111328125,0.008926391601562,0.008941650390625,0.008956909179687," 0.00897216796875]""",0.023956298828125003,0.008987426757812,0.0,0.0,0.026031494140625003,0.00032520294189400005,0.0009107589721670001,0.000833511352539,0.501851851851851,0.501895061728395,4.3209876543209875e-05
