UniqJobId,collection_id,instance_index,priority,machine_id,sample_rate,cpu_usage_distribution1,cpu_usage_distribution2,cpu_usage_distribution3,cpu_usage_distribution4,cpu_usage_distribution5,cpu_usage_distribution6,cpu_usage_distribution7,cpu_usage_distribution8,cpu_usage_distribution9,cpu_usage_distribution10,cpu_usage_distribution11,max_cpu,avg_cpu,cycles_per_instruction,memory_accesses_per_instruction,assigned_memory,page_cache_memory,max_memory,avg_memory,start_time,end_time,time_window
414256149355,4142561493,55,0,21244001,1.0,"""[0.001087188720703",0.003711700439453,0.004043579101562,0.004219055175781,0.004463195800781,0.004722595214843001,0.004936218261718001,0.005149841308593001,0.005439758300781,0.005821228027343001," 0.007072448730468001]""",0.013031005859375002,0.004722595214843001,0.9205153584480281,0.001306444406509,0.013992309570312,0.00023937225341700002,0.013092041015625002,0.013031005859375002,0.508912037037037,0.5090277777777771,0.00011574074074
414256149355,4142561493,55,0,21244001,1.0,"""[3.528594970703125e-05",0.005126953125,0.005859375,0.006088256835937,0.006256103515625001,0.006385803222656,0.006515502929687,0.006645202636718001,0.006805419921875001,0.007156372070312," 0.0113525390625]""",0.011398315429687,0.006370544433593001,0.9535439014434811,0.0008586951880710001,0.01873779296875,0.00024223327636700001,0.0177001953125,0.01708984375,0.5094907407407401,0.509530478395061,3.973765432098765e-05
414256149355,4142561493,55,0,21244001,1.0,"""[0.000115394592285",0.003982543945312,0.004493713378906,0.004707336425781,0.00506591796875,0.005401611328125,0.005622863769531,0.005836486816406,0.006050109863281,0.006462097167968001," 0.007400512695312]""",0.013641357421875002,0.005233764648437,0.9434921145439141,0.0016031640116120002,0.007743835449218001,0.00023937225341700002,0.009765625,0.007003784179687,0.5083333333333331,0.508449074074074,0.00011574074074
414256149355,4142561493,55,0,21244001,1.0,"""[0.0032806396484370004",0.00531005859375,0.005760192871093001,0.006027221679687,0.006248474121093001,0.006423950195312,0.006561279296875001,0.006690979003906,0.006858825683593001,0.007034301757812," 0.0074462890625]""",0.014633178710937,0.006256103515625001,0.9434921145439141,0.001603164128027,0.011611938476562,0.00023937225341700002,0.011474609375,0.010787963867187,0.508449074074074,0.5085648148148141,0.00011574074074
414256149355,4142561493,55,0,21244001,1.0,"""[0.00271987915039",0.005233764648437,0.005844116210937,0.006156921386718001,0.006462097167968001,0.006675720214843001,0.006820678710937,0.006942749023437,0.007057189941406,0.0072021484375," 0.007598876953125001]""",0.013626098632812,0.006416320800781,2.3818941116333,0.00849168933928,0.013992309570312,0.00023937225341700002,0.013137817382812,0.013031005859375002,0.509143518518518,0.5092592592592591,0.00011574074074
414256149355,4142561493,55,0,21244001,1.0,"""[0.0016498565673820002",0.0038757324218750004,0.00433349609375,0.004692077636718001,0.004928588867187,0.005180358886718001,0.005462646484375,0.005638122558593001,0.005897521972656,0.006240844726562," 0.007514953613281]""",0.012847900390625002,0.005126953125,1.348362207412719,0.002788173500448,0.021942138671875,0.000336647033691,0.024627685546875003,0.020477294921875,0.5076388888888881,0.507754629629629,0.00011574074074
414256149355,4142561493,55,0,21244001,1.0,"""[0",0.0,0.0,0.0,0.0,0.0,0.0,0.0,0.0,0.0,"0]""",0.0,0.0,0.9535439014434811,0.0008586951880710001,0.018890380859375,0.000276565551757,4.577636718750001e-05,4.577636718750001e-05,0.5095316358024691,0.509532021604938,3.858024691358024e-07
414256149355,4142561493,55,0,21244001,1.0,"""[4.673004150390626e-05",0.0034904479980460003,0.006217956542968001,0.006332397460937,0.006881713867187,0.006965637207031,0.0084228515625,0.009124755859375,0.009445190429687,0.010208129882812," 0.011062622070312]""",0.011062622070312,0.007179260253906,1.8402796983718872,0.005602289456874,0.023773193359375003,0.00025272369384700004,0.0220947265625,0.017578125,0.508217592592592,0.5082229938271601,5.4012345679012335e-06
414256149355,4142561493,55,0,21244001,1.0,"""[9.727478027343751e-05",0.00010395050048800001,0.000111579895019,0.00011825561523400002,0.000125885009765,0.00013637542724600002,0.00016880035400300002,0.0011882781982420001,0.004203796386718001,0.005439758300781," 0.006736755371093001]""",0.006790161132812,0.001489639282226,2.934617280960083,0.007383863907307,0.0078125,0.000335693359375,0.007278442382812,0.007064819335937,0.5069444444444441,0.507060185185185,0.00011574074074
414256149355,4142561493,55,0,21244001,1.0,"""[0.00010013580322200001",0.001056671142578,0.0029258728027340003,0.0035667419433590003,0.004119873046875,0.00439453125,0.004661560058593001,0.004890441894531,0.005096435546875,0.005462646484375," 0.006858825683593001]""",0.010574340820312,0.003974914550781,1.2268648147583,0.002171466592699,0.008499145507812,0.000335693359375,0.008926391601562,0.0078125,0.507060185185185,0.5071759259259261,0.00011574074074
414256149355,4142561493,55,0,21244001,1.0,"""[0.001300811767578",0.004814147949218001,0.005355834960937,0.006034851074218001,0.00640869140625,0.006622314453125001,0.006820678710937,0.006973266601562,0.007125854492187,0.007286071777343001," 0.007453918457031]""",0.014572143554687,0.006256103515625001,2.115117073059082,0.007180011831223,0.013992309570312,0.00023937225341700002,0.013137817382812,0.013076782226562,0.5090277777777771,0.509143518518518,0.00011574074074
414256149355,4142561493,55,0,21244001,1.0,"""[0.002120971679687",0.0036773681640620004,0.004234313964843001,0.004692077636718001,0.004981994628906,0.005264282226562,0.005523681640625,0.005836486816406,0.00616455078125,0.006492614746093001," 0.007461547851562]""",0.010574340820312,0.005165100097656,2.631652355194091,0.006889336742460001,0.010467529296875,0.000336647033691,0.009933471679687,0.009689331054687,0.5074074074074071,0.507523148148148,0.00011574074074
414256149355,4142561493,55,0,21244001,1.0,"""[0",0.00286865234375,0.0037345886230460003,0.004241943359375,0.00457763671875,0.004837036132812,0.005126953125,0.005485534667968001,0.005760192871093001,0.006111145019531," 0.007034301757812]""",0.012481689453125002,0.004600524902343001,0.0,0.0,0.006797790527343001,0.00021934509277300002,0.008132934570312,0.003868103027343,0.507780478395061,0.5078703703703701,8.989197530864199e-05
414256149355,4142561493,55,0,21244001,1.0,"""[0.001247406005859",0.0036315917968750004,0.004005432128906,0.004318237304687,0.004745483398437,0.005119323730468001,0.005531311035156,0.00592041015625,0.006263732910156,0.006622314453125001," 0.007339477539062]""",0.012588500976562,0.005104064941406,0.9205153584480281,0.001306444406509,0.013458251953125002,0.00023937225341700002,0.013092041015625002,0.012496948242187,0.5087962962962961,0.508912037037037,0.00011574074074
414256149355,4142561493,55,0,21244001,1.0,"""[0.00160789489746",0.003654479980468,0.00439453125,0.004898071289062,0.005401611328125,0.005775451660156,0.006027221679687,0.006263732910156,0.006523132324218001,0.006767272949218001," 0.007217407226562]""",0.011856079101562,0.005447387695312,1.362918019294738,0.0027100627776230003,0.009979248046875,0.000335693359375,0.009628295898437,0.009262084960937,0.507291666666666,0.5074074074074071,0.00011574074074
414256149355,4142561493,55,0,21244001,1.0,"""[0.003173828125",0.00445556640625,0.004806518554687,0.005195617675781,0.005477905273437,0.005706787109375001,0.005928039550781,0.006149291992187,0.006462097167968001,0.006813049316406," 0.007614135742187]""",0.013473510742187,0.005661010742187,1.129908204078674,0.0017683666665100001,0.022705078125,0.00023078918457,0.022186279296875,0.021148681640625,0.5081018518518511,0.508217592592592,0.00011574074074
414256149355,4142561493,55,0,21244001,1.0,"""[7.915496826171875e-05",0.00010108947753900001,0.000116348266601,0.000130653381347,0.0015411376953120002,0.003921508789062,0.00537109375,0.006248474121093001,0.006797790527343001,0.007118225097656," 0.007797241210937]""",0.014511108398437,0.0034942626953120004,0.0,0.0,0.006507873535156,0.00034523010253900005,0.006004333496093001,0.005805969238281,0.506597222222222,0.5067129629629631,0.00011574074074
414256149355,4142561493,55,0,21244001,1.0,"""[0.0009050369262690001",0.00543212890625,0.005989074707031,0.00628662109375,0.006462097167968001,0.006637573242187,0.006790161132812,0.006904602050781,0.007026672363281,0.007171630859375001," 0.00750732421875]""",0.01409912109375,0.006454467773437,0.9428325891494751,0.0015946468338370002,0.012374877929687,0.00023937225341700002,0.01153564453125,0.011428833007812,0.508680555555555,0.5087962962962961,0.00011574074074
414256149355,4142561493,55,0,21244001,1.0,"""[9.441375732421876e-05",0.000112533569335,0.00013160705566400002,0.0009899139404290001,0.0030364990234370004,0.0036888122558590003,0.004142761230468001,0.004608154296875,0.00506591796875,0.005569458007812," 0.006324768066406]""",0.012115478515625002,0.003009796142578,0.8529586195945741,0.00103023124393,0.009765625,0.000335693359375,0.009063720703125,0.008941650390625,0.5071759259259261,0.507291666666666,0.00011574074074
414256149355,4142561493,55,0,21244001,1.0,"""[6.008148193359376e-05",0.00384521484375,0.00445556640625,0.004783630371093001,0.004981994628906,0.005271911621093001,0.0054931640625,0.005821228027343001,0.006233215332031,0.0067138671875," 0.010650634765625]""",0.010665893554687,0.005393981933593001,1.348362207412719,0.002788173500448,0.026824951171875003,0.00034332275390600004,0.025238037109375003,0.02386474609375,0.507754629629629,0.507779320987654,2.4691358024691353e-05
414256149355,4142561493,55,0,21244001,1.0,"""[0.0017852783203120002",0.00339126586914,0.0038795471191400005,0.004158020019531,0.004508972167968001,0.004829406738281,0.005157470703125,0.005409240722656,0.005859375,0.006278991699218001," 0.007713317871093001]""",0.013626098632812,0.004837036132812,1.031735181808471,0.00123852060642,0.01605224609375,0.00022983551025300002,0.017852783203125,0.01495361328125,0.507986111111111,0.5081018518518511,0.00011574074074
414256149355,4142561493,55,0,21244001,1.0,"""[0.001850128173828",0.0042724609375,0.004615783691406,0.004928588867187,0.005317687988281,0.00555419921875,0.005828857421875001,0.006050109863281,0.006362915039062,0.006935119628906," 0.007667541503906]""",0.007659912109375001,0.0054931640625,0.9434921145439141,0.001603164128027,0.012374877929687,0.00023937225341700002,0.011474609375,0.011398315429687,0.5085648148148141,0.508680555555555,0.00011574074074
414256149355,4142561493,55,0,21244001,1.0,"""[0.00189208984375",0.003284454345703,0.004051208496093001,0.00445556640625,0.004768371582031,0.004981994628906,0.005294799804687,0.005531311035156,0.005851745605468001,0.006256103515625001," 0.007110595703125001]""",0.013351440429687,0.004905700683593001,1.9585130214691162,0.004738105461001001,0.013397216796875002,0.000336647033691,0.016143798828125,0.012435913085937,0.507523148148148,0.5076388888888881,0.00011574074074
414256149355,4142561493,55,0,21244001,1.0,"""[0",0.0,0.0,0.0,0.0,0.0,0.0,0.0,0.0,0.0," 0]""",0.0,0.0,0.0,0.0,0.006507873535156,0.0,9.5367431640625e-07,9.5367431640625e-07,0.507780092592592,0.507780478395061,3.858024691358024e-07
414256149355,4142561493,55,0,21244001,1.0,"""[0",0.0,0.0,0.0,8.58306884765625e-06,2.1934509277343753e-05,3.528594970703125e-05,0.000287055969238,0.000287055969238,0.000287055969238," 0.000287055969238]""",0.000452995300292,9.536743164062501e-05,1.348362207412719,0.002788173500448,0.027008056640625003,0.00038433074951100003,5.817413330078126e-05,5.817413330078126e-05,0.507779320987654,0.507780478395061,1.157407407407407e-06
414256149355,4142561493,55,0,21244001,1.0,"""[0.002326965332031",0.00360107421875,0.003868103027343,0.004150390625,0.004470825195312,0.004753112792968001,0.005218505859375,0.005584716796875001,0.006072998046875001,0.006591796875," 0.007164001464843001]""",0.010162353515625,0.004920959472656,0.9535439014434811,0.0008586951880710001,0.018402099609375,0.00023937225341700002,0.01739501953125,0.017120361328125,0.509375,0.5094907407407401,0.00011574074074
414256149355,4142561493,55,0,21244001,1.0,"""[5.435943603515626e-05",0.0001220703125,0.00139045715332,0.0037956237792960003,0.005393981933593001,0.00592041015625,0.006401062011718001,0.006637573242187,0.006851196289062,0.007064819335937," 0.007453918457031]""",0.008026123046875,0.004722595214843001,0.0,0.0,0.006507873535156,0.00032901763916,0.004646301269531,0.002685546875,0.506534336419753,0.506597222222222,6.288580246913581e-05
414256149355,4142561493,55,0,21244001,1.0,"""[4.863739013671876e-05",0.003684997558593,0.004295349121093001,0.00469970703125,0.005142211914062,0.005447387695312,0.005790710449218001,0.006019592285156,0.006240844726562,0.006568908691406," 0.0072021484375]""",0.01263427734375,0.005126953125,0.0,0.0,0.006507873535156,0.00023269653320300002,0.0057373046875,0.004302978515625,0.508223765432098,0.5083333333333331,0.000109567901234
414256149355,4142561493,55,0,21244001,1.0,"""[0.002281188964843",0.003852844238281,0.004478454589843001,0.004951477050781,0.005409240722656,0.005706787109375001,0.006019592285156,0.00628662109375,0.006484985351562,0.006752014160156," 0.007843017578125]""",0.0140380859375,0.005500793457031,1.02807331085205,0.0012569744139900002,0.015899658203125,0.00023937225341700002,0.016876220703125,0.014663696289062,0.5092592592592591,0.509375,0.00011574074074
