UniqJobId,collection_id,instance_index,priority,machine_id,sample_rate,cpu_usage_distribution1,cpu_usage_distribution2,cpu_usage_distribution3,cpu_usage_distribution4,cpu_usage_distribution5,cpu_usage_distribution6,cpu_usage_distribution7,cpu_usage_distribution8,cpu_usage_distribution9,cpu_usage_distribution10,cpu_usage_distribution11,max_cpu,avg_cpu,cycles_per_instruction,memory_accesses_per_instruction,assigned_memory,page_cache_memory,max_memory,avg_memory,start_time,end_time,time_window
414256149354,4142561493,54,0,250621558170,0.996666669845581,"""[0.0026817321777340003",0.005996704101562,0.006813049316406,0.0074462890625,0.007965087890625,0.008209228515625,0.008392333984375,0.008499145507812,0.00860595703125,0.008682250976562," 0.0093994140625]""",0.01806640625,0.0076904296875,0.762508451938629,0.002580160740762,0.009323120117187,0.00033473968505800004,0.009994506835937,0.00860595703125,0.508680555555555,0.5087962962962961,0.00011574074074
414256149354,4142561493,54,0,250621558170,1.0,"""[0",0.0,0.0,0.0,0.0,8.58306884765625e-06,1.71661376953125e-05,1.71661376953125e-05,1.71661376953125e-05,1.71661376953125e-05," 1.71661376953125e-05]""",0.00130271911621,0.000245094299316,0.6221460700035091,0.002292972058057,0.0419921875,0.000288009643554,6.198883056640625e-05,6.198883056640625e-05,0.509255787037037,0.509256558641975,7.716049382716048e-07
414256149354,4142561493,54,0,250621558170,1.0,"""[0.004158020019531",0.004158020019531,0.004165649414062,0.00634765625,0.00640869140625,0.006561279296875001,0.006759643554687,0.006851196289062,0.007209777832031,0.0081787109375," 0.0081787109375]""",0.008132934570312,0.0050048828125,0.0,0.0,0.006507873535156,5.435943603515626e-05,0.00033378601074200004,0.00017261505126900002,0.509256944444444,0.5092592592592591,2.314814814814814e-06
414256149354,4142561493,54,0,250621558170,1.0,"""[2.2888183593750003e-05",2.2888183593750003e-05,2.2888183593750003e-05,2.2888183593750003e-05,2.2888183593750003e-05,2.2888183593750003e-05,2.2888183593750003e-05,2.2888183593750003e-05,2.2888183593750003e-05,2.2888183593750003e-05," 2.2888183593750003e-05]""",0.0,0.0,0.0,0.0,0.006507873535156,0.0,9.5367431640625e-07,9.5367431640625e-07,0.5092561728395061,0.509256558641975,3.858024691358024e-07
414256149354,4142561493,54,0,250621558170,1.0,"""[0.002994537353515",0.005523681640625,0.00634765625,0.0069580078125,0.007331848144531,0.007904052734375,0.00830078125,0.00848388671875,0.00860595703125,0.00872802734375," 0.009918212890625]""",0.020660400390625,0.007469177246093001,0.7826628088951111,0.0026131514459840004,0.011322021484375002,0.00023269653320300002,0.014266967773437,0.010406494140625,0.509375,0.5094907407407401,0.00011574074074
414256149354,4142561493,54,0,250621558170,1.0,"""[0",0.0,0.0,0.0,0.0,0.0,0.0,0.0,0.0,0.0,"0]""",0.0,0.0,0.0,0.0,0.006507873535156,0.0,9.5367431640625e-07,9.5367431640625e-07,0.508591435185185,0.508591820987654,3.858024691358024e-07
414256149354,4142561493,54,0,250621558170,1.0,"""[0.0015335083007810002",0.0028953552246090003,0.003711700439453,0.004341125488281,0.004737854003906,0.005485534667968001,0.006118774414062,0.006767272949218001,0.007438659667968001,0.007827758789062," 0.009246826171875]""",0.018218994140625,0.0054931640625,0.762508511543273,0.0025801609735930002,0.0206298828125,0.00024032592773400003,0.02874755859375,0.019195556640625,0.5090277777777771,0.509143518518518,0.00011574074074
414256149354,4142561493,54,0,250621558170,1.0,"""[0",0.0,0.0,0.0,0.0,0.0,0.0,0.0,0.0,0.0," 0]""",0.0,0.0,0.0,0.0,0.006507873535156,0.0,9.5367431640625e-07,9.5367431640625e-07,0.509256558641975,0.509256944444444,3.858024691358024e-07
414256149354,4142561493,54,0,250621558170,1.0,"""[0.00047111511230400006",0.005119323730468001,0.006126403808593001,0.006820678710937,0.007324218749999999,0.007843017578125,0.008087158203125,0.00830078125,0.008514404296875,0.008682250976562," 0.01446533203125]""",0.028808593749999997,0.007339477539062,0.6763563752174371,0.002403889084234,0.0360107421875,0.00024127960205000003,0.03936767578125,0.0333251953125,0.509143518518518,0.509255787037037,0.00011226851851800001
414256149354,4142561493,54,0,250621558170,1.0,"""[0.00038528442382800005",0.006736755371093001,0.007392883300781,0.0079345703125,0.008224487304687,0.008438110351562,0.008544921875,0.008636474609375,0.008697509765625,0.008804321289062," 0.009628295898437]""",0.020721435546875,0.007965087890625,0.762508511543273,0.0025801609735930002,0.012298583984375002,0.00032424926757800005,0.011642456054687,0.011505126953125002,0.5087962962962961,0.508912037037037,0.00011574074074
414256149354,4142561493,54,0,250621558170,1.0,"""[9.5367431640625e-06",0.004463195800781,0.006622314453125001,0.007286071777343001,0.007537841796875001,0.007743835449218001,0.0079345703125,0.008056640625,0.0081787109375,0.008407592773437," 0.00897216796875]""",0.016754150390625,0.006996154785156,0.0,0.0,0.007453918457031,0.000328063964843,0.008377075195312,0.005531311035156,0.508591820987654,0.508680555555555,8.873456790123456e-05
414256149354,4142561493,54,0,250621558170,1.0,"""[0.00054931640625",0.0031890869140620004,0.0036468505859370004,0.004135131835937,0.004547119140625,0.005264282226562,0.006103515625,0.007102966308593001,0.0079345703125,0.008331298828125," 0.008865356445312]""",0.016326904296875,0.005569458007812,0.762508511543273,0.0025801609735930002,0.012832641601562,0.00024032592773400003,0.0133056640625,0.011947631835937,0.508912037037037,0.5090277777777771,0.00011574074074
