UniqJobId,collection_id,instance_index,priority,machine_id,sample_rate,cpu_usage_distribution1,cpu_usage_distribution2,cpu_usage_distribution3,cpu_usage_distribution4,cpu_usage_distribution5,cpu_usage_distribution6,cpu_usage_distribution7,cpu_usage_distribution8,cpu_usage_distribution9,cpu_usage_distribution10,cpu_usage_distribution11,max_cpu,avg_cpu,cycles_per_instruction,memory_accesses_per_instruction,assigned_memory,page_cache_memory,max_memory,avg_memory,start_time,end_time,time_window
414256149342,4142561493,42,0,375996971379,1.0,"""[0",0.0,0.0,0.0,0.0,0.0,0.0,0.0,0.0,0.0," 0]""",0.0,0.0,1.373189449310302,0.010009299032390001,0.024078369140625003,0.00015163421630800001,5.149841308593751e-05,5.149841308593751e-05,0.5082110339506171,0.508211419753086,3.858024691358024e-07
414256149342,4142561493,42,0,375996971379,0.996666669845581,"""[0.0015869140625",0.005638122558593001,0.006866455078125001,0.00762939453125,0.007919311523437,0.008087158203125,0.008209228515625,0.008331298828125,0.008438110351562,0.008575439453125," 0.009307861328125]""",0.01904296875,0.007553100585937,0.573799848556518,0.0018178583122780002,0.0185546875,0.00024032592773400003,0.017303466796875,0.01702880859375,0.5064814814814811,0.506597222222222,0.00011574074074
414256149342,4142561493,42,0,375996971379,0.9933333396911621,"""[0.000123977661132",0.000154495239257,0.00020313262939400002,0.000327110290527,0.004356384277343001,0.00579833984375,0.006629943847656,0.007209777832031,0.007766723632812,0.008316040039062," 0.009292602539062]""",0.017486572265625,0.004539489746093001,0.589250087738037,0.0014850192237640001,0.0185546875,0.00024032592773400003,0.01666259765625,0.016510009765625,0.507060185185185,0.5071759259259261,0.00011574074074
414256149342,4142561493,42,0,375996971379,0.996666669845581,"""[0.001506805419921",0.005241394042968001,0.006813049316406,0.007408142089843001,0.007614135742187,0.00787353515625,0.008071899414062,0.008209228515625,0.008407592773437,0.008651733398437," 0.009811401367187]""",0.022186279296875,0.007438659667968001,1.197600126266479,0.006156620569527001,0.017181396484375,0.00023937225341700002,0.01806640625,0.0159912109375,0.509143518518518,0.5092592592592591,0.00011574074074
414256149342,4142561493,42,0,375996971379,0.9933333396911621,"""[0.002616882324218",0.005767822265625001,0.006561279296875001,0.007095336914062,0.007453918457031,0.007644653320312,0.007827758789062,0.007980346679687,0.008132934570312,0.008331298828125," 0.008895874023437]""",0.02227783203125,0.007293701171875001,0.589250087738037,0.0014850192237640001,0.0185546875,0.00024032592773400003,0.0164794921875,0.016357421875,0.507291666666666,0.5074074074074071,0.00011574074074
414256149342,4142561493,42,0,375996971379,1.0,"""[7.05718994140625e-05",0.004386901855468001,0.005844116210937,0.006172180175781,0.006462097167968001,0.006805419921875001,0.007095336914062,0.00738525390625,0.00787353515625,0.010665893554687," 0.011672973632812]""",0.021759033203125,0.00689697265625,0.76704978942871,0.002560677705332,0.020172119140625,0.000250816345214,0.018798828125,0.01727294921875,0.5094907407407401,0.5095015432098761,1.080246913580246e-05
414256149342,4142561493,42,0,375996971379,1.0,"""[0",0.0,0.0,0.0,0.0,0.0,0.0,0.0,0.0,0.0," 0]""",0.00055980682373,0.000280380249023,0.724328756332397,0.002362855477258,0.0400390625,0.000388145446777,6.198883056640625e-05,6.103515625e-05,0.505252700617284,0.505253472222222,7.716049382716048e-07
414256149342,4142561493,42,0,375996971379,1.0,"""[0",0.0,0.0,7.62939453125e-06,1.4305114746093752e-05,2.1934509277343753e-05,2.9563903808593753e-05,3.62396240234375e-05,0.000200271606445,0.000357627868652," 0.000357627868652]""",0.001041412353515,9.346008300781251e-05,0.76704978942871,0.002560677705332,0.020172119140625,0.000285148620605,6.008148193359376e-05,6.008148193359376e-05,0.5095015432098761,0.509503472222222,1.929012345679012e-06
414256149342,4142561493,42,0,375996971379,0.9933333396911621,"""[0.001100540161132",0.005233764648437,0.00653076171875,0.007194519042968001,0.007827758789062,0.008148193359375,0.008285522460937,0.0084228515625,0.008529663085937,0.008636474609375," 0.00970458984375]""",0.03607177734375,0.007514953613281,0.724328756332397,0.002362855477258,0.0125732421875,0.000340461730957,0.012054443359375002,0.011611938476562,0.5048611111111111,0.504976851851851,0.00011574074074
414256149342,4142561493,42,0,375996971379,1.0,"""[0.000116348266601",0.000244140625,0.00457763671875,0.005767822265625001,0.006813049316406,0.007369995117187,0.007713317871093001,0.008056640625,0.008331298828125,0.008514404296875," 0.009078979492187]""",0.021881103515625,0.006210327148437,0.589250087738037,0.0014850192237640001,0.0185546875,0.00024032592773400003,0.01654052734375,0.0164794921875,0.5071759259259261,0.507291666666666,0.00011574074074
414256149342,4142561493,42,0,375996971379,1.0,"""[0.0035362243652340003",0.006019592285156,0.006637573242187,0.006973266601562,0.007225036621093001,0.007530212402343001,0.007736206054687,0.0079345703125,0.008132934570312,0.008331298828125," 0.009490966796875]""",0.01849365234375,0.007308959960937,0.589250087738037,0.0014850192237640001,0.01885986328125,0.00024032592773400003,0.017791748046875,0.0172119140625,0.5074074074074071,0.507523148148148,0.00011574074074
414256149342,4142561493,42,0,375996971379,0.9933333396911621,"""[0.0018844604492180002",0.005699157714843001,0.007209777832031,0.007698059082031,0.008071899414062,0.008316040039062,0.008438110351562,0.008514404296875,0.008590698242187,0.008697509765625," 0.009735107421875]""",0.03741455078125,0.007743835449218001,0.5983921885490411,0.002023807261139,0.014633178710937,0.000185966491699,0.01470947265625,0.013565063476562,0.5055555555555551,0.505671296296296,0.00011574074074
414256149342,4142561493,42,0,375996971379,0.9933333396911621,"""[0.0029754638671870004",0.00653076171875,0.007186889648437,0.007560729980468001,0.007904052734375,0.008148193359375,0.008331298828125,0.008468627929687,0.008590698242187,0.008697509765625," 0.009857177734375]""",0.030548095703125003,0.007888793945312,0.0,0.0,0.007965087890625,0.00011730194091700002,0.009841918945312,0.007125854492187,0.5076388888888881,0.507754629629629,0.00011574074074
414256149342,4142561493,42,0,375996971379,1.0,"""[1.9073486328125e-06",1.9073486328125e-06,1.9073486328125e-06,1.9073486328125e-06,1.9073486328125e-06,1.9073486328125e-06,1.9073486328125e-06,1.9073486328125e-06,1.9073486328125e-06,1.9073486328125e-06," 1.9073486328125e-06]""",0.0,0.0,0.0,0.0,0.006507873535156,0.0,9.5367431640625e-07,9.5367431640625e-07,0.5075937500000001,0.507594135802469,3.858024691358024e-07
414256149342,4142561493,42,0,375996971379,1.0,"""[0",0.0,0.0,0.0,0.0,0.0,0.0,0.0,0.0,0.0,"0]""",0.0,0.0,0.0,0.0,0.006507873535156,0.0,9.5367431640625e-07,9.5367431640625e-07,0.505253472222222,0.505253858024691,3.858024691358024e-07
414256149342,4142561493,42,0,375996971379,1.0,"""[0",0.0,0.0,0.0,8.58306884765625e-06,2.1934509277343753e-05,3.528594970703125e-05,0.000439643859863,0.000439643859863,0.000439643859863," 0.000439643859863]""",0.00068187713623,0.000125885009765,0.5983921885490411,0.002023807261139,0.015960693359375,0.00023937225341700002,7.05718994140625e-05,7.05718994140625e-05,0.505748456790123,0.50575,1.5432098765432092e-06
414256149342,4142561493,42,0,375996971379,0.996666669845581,"""[0.001064300537109",0.005950927734375001,0.007118225097656,0.007621765136718001,0.00811767578125,0.0084228515625,0.008529663085937,0.008590698242187,0.008651733398437,0.008712768554687," 0.009536743164062]""",0.022430419921875003,0.007827758789062,0.573799848556518,0.0018178579630330001,0.009475708007812,0.00024032592773400003,0.010345458984375,0.0086669921875,0.505902777777777,0.5060185185185181,0.00011574074074
414256149342,4142561493,42,0,375996971379,0.996666669845581,"""[0.002738952636718",0.006027221679687,0.006935119628906,0.007286071777343001,0.007659912109375001,0.007980346679687,0.008193969726562,0.00830078125,0.008468627929687,0.008621215820312," 0.009140014648437]""",0.05120849609375,0.007667541503906,1.373189449310302,0.010009299032390001,0.024078369140625003,0.00011730194091700002,0.02227783203125,0.022216796875,0.507986111111111,0.5081018518518511,0.00011574074074
414256149342,4142561493,42,0,375996971379,0.9933333396911621,"""[0.001781463623046",0.006805419921875001,0.007591247558593001,0.008026123046875,0.008209228515625,0.00836181640625,0.008468627929687,0.008529663085937,0.00860595703125,0.008697509765625," 0.00970458984375]""",0.020050048828125,0.008010864257812,0.573799848556518,0.0018178583122780002,0.0185546875,0.00024032592773400003,0.017333984375,0.0172119140625,0.5062500000000001,0.50636574074074,0.00011574074074
414256149342,4142561493,42,0,375996971379,0.9866666793823241,"""[5.531311035156251e-05",0.005691528320312,0.006614685058593001,0.007080078125,0.00750732421875,0.007858276367187,0.008148193359375,0.008316040039062,0.008438110351562,0.00860595703125," 0.0093994140625]""",0.03668212890625,0.007347106933593001,0.0,0.0,0.007720947265625001,0.00023937225341700002,0.008804321289062,0.006454467773437,0.508217592592592,0.5083333333333331,0.00011574074074
414256149342,4142561493,42,0,375996971379,1.0,"""[0.0001220703125",0.00014591217041000002,0.00016212463378900002,0.00019264221191400002,0.002323150634765,0.005790710449218001,0.006736755371093001,0.007194519042968001,0.007598876953125001,0.008255004882812," 0.008895874023437]""",0.017059326171875,0.004112243652343001,0.573799848556518,0.0018178583122780002,0.0185546875,0.00024032592773400003,0.017333984375,0.0172119140625,0.506597222222222,0.5067129629629631,0.00011574074074
414256149342,4142561493,42,0,375996971379,1.0,"""[1.9073486328125e-06",1.9073486328125e-06,1.9073486328125e-06,1.9073486328125e-06,1.9073486328125e-06,1.9073486328125e-06,1.9073486328125e-06,1.9073486328125e-06,1.9073486328125e-06,1.9073486328125e-06," 1.9073486328125e-06]""",0.0,0.0,0.724328756332397,0.002362855477258,0.0400390625,0.000388145446777,6.008148193359376e-05,6.008148193359376e-05,0.505253472222222,0.50525424382716,7.716049382716048e-07
414256149342,4142561493,42,0,375996971379,1.0,"""[0.004150390625",0.007179260253906,0.0076904296875,0.008026123046875,0.008224487304687,0.008346557617187,0.008468627929687,0.008560180664062,0.008636474609375,0.008758544921875," 0.00994873046875]""",0.0184326171875,0.008087158203125,1.373189449310302,0.010009299032390001,0.020050048828125,0.00011730194091700002,0.022369384765625003,0.01861572265625,0.5078703703703701,0.507986111111111,0.00011574074074
414256149342,4142561493,42,0,375996971379,0.996666669845581,"""[0.000165939331054",0.003864288330078,0.005134582519531,0.006561279296875001,0.007675170898437,0.008193969726562,0.00836181640625,0.00848388671875,0.008560180664062,0.008651733398437," 0.009414672851562]""",0.022491455078125003,0.007118225097656,0.573799848556518,0.0018178583122780002,0.0185546875,0.00024032592773400003,0.017242431640625,0.017120361328125,0.506134259259259,0.5062500000000001,0.00011574074074
414256149342,4142561493,42,0,375996971379,0.996666669845581,"""[0.001131057739257",0.006294250488281,0.007072448730468001,0.007453918457031,0.007827758789062,0.008041381835937,0.008255004882812,0.008407592773437,0.008529663085937,0.008651733398437," 0.009765625]""",0.01751708984375,0.007652282714843001,1.362878680229187,0.007537021767348001,0.0166015625,0.00023937225341700002,0.015548706054687,0.015457153320312,0.508449074074074,0.5085648148148141,0.00011574074074
414256149342,4142561493,42,0,375996971379,1.0,"""[0.00014686584472600002",0.006690979003906,0.007408142089843001,0.007919311523437,0.008224487304687,0.008392333984375,0.00848388671875,0.008544921875,0.008621215820312,0.008712768554687," 0.00921630859375]""",0.0162353515625,0.007774353027343001,1.362878680229187,0.007537021767348001,0.0166015625,0.00023937225341700002,0.015426635742187,0.015274047851562,0.508680555555555,0.5087962962962961,0.00011574074074
414256149342,4142561493,42,0,375996971379,1.0,"""[0.004051208496093001",0.006248474121093001,0.006927490234375001,0.007247924804687,0.007545471191406,0.007766723632812,0.007980346679687,0.008148193359375,0.00830078125,0.008499145507812," 0.008895874023437]""",0.022186279296875,0.007545471191406,1.362878680229187,0.007537021767348001,0.016845703125,0.00023937225341700002,0.015625,0.01556396484375,0.508912037037037,0.5090277777777771,0.00011574074074
414256149342,4142561493,42,0,375996971379,0.996666669845581,"""[0.0017166137695310002",0.004844665527343001,0.006011962890625001,0.006553649902343001,0.007026672363281,0.00738525390625,0.007637023925781,0.007858276367187,0.008041381835937,0.008285522460937," 0.008712768554687]""",0.02252197265625,0.006965637207031,1.362878680229187,0.007537021767348001,0.016937255859375,0.00023937225341700002,0.015838623046875,0.015716552734375,0.5090277777777771,0.509143518518518,0.00011574074074
414256149342,4142561493,42,0,375996971379,0.996666669845581,"""[0.002582550048828",0.005706787109375001,0.006385803222656,0.006828308105468001,0.00714111328125,0.007423400878906,0.007736206054687,0.007949829101562,0.008148193359375,0.008407592773437," 0.009201049804687]""",0.01800537109375,0.007179260253906,0.76704978942871,0.002560677705332,0.019866943359375,0.00023937225341700002,0.018646240234375,0.018585205078125,0.5092592592592591,0.509375,0.00011574074074
414256149342,4142561493,42,0,375996971379,1.0,"""[0.00271987915039",0.00457763671875,0.005874633789062,0.006423950195312,0.006851196289062,0.007156372070312,0.007431030273437,0.007827758789062,0.008087158203125,0.00836181640625," 0.00897216796875]""",0.0338134765625,0.006874084472656,0.76704978942871,0.002560677705332,0.02001953125,0.00023937225341700002,0.01873779296875,0.0186767578125,0.509375,0.5094907407407401,0.00011574074074
414256149342,4142561493,42,0,375996971379,0.983425438404083,"""[5.626678466796876e-05",0.005271911621093001,0.006111145019531,0.006523132324218001,0.007164001464843001,0.007591247558593001,0.007858276367187,0.008071899414062,0.008255004882812,0.00848388671875," 0.014419555664062]""",0.030059814453125003,0.007255554199218001,0.589250087738037,0.0014850192237640001,0.019195556640625,0.00024318695068300001,0.018035888671875,0.017486572265625,0.507523148148148,0.507592978395061,6.983024691358025e-05
414256149342,4142561493,42,0,375996971379,1.0,"""[2.5749206542968753e-05",2.5749206542968753e-05,2.5749206542968753e-05,2.5749206542968753e-05,2.5749206542968753e-05,2.5749206542968753e-05,2.5749206542968753e-05,2.5749206542968753e-05,2.5749206542968753e-05,2.5749206542968753e-05," 2.5749206542968753e-05]""",0.0,0.0,0.0,0.0,0.006507873535156,0.0,9.5367431640625e-07,9.5367431640625e-07,0.504318672839506,0.504319058641975,3.858024691358024e-07
414256149342,4142561493,42,0,375996971379,1.0,"""[0",0.0,0.0,0.0,0.0,0.0,0.0,0.0,0.0,0.0," 0]""",0.0,0.0,0.0,0.0,0.006507873535156,0.0,9.5367431640625e-07,9.5367431640625e-07,0.5075933641975301,0.5075937500000001,3.858024691358024e-07
414256149342,4142561493,42,0,375996971379,1.0,"""[3.814697265625e-06",3.814697265625e-06,3.814697265625e-06,3.814697265625e-06,3.814697265625e-06,3.814697265625e-06,3.814697265625e-06,3.814697265625e-06,3.814697265625e-06,3.814697265625e-06," 3.814697265625e-06]""",0.0,0.0,0.76704978942871,0.002560677705332,0.020172119140625,0.000285148620605,6.008148193359376e-05,6.008148193359376e-05,0.509503472222222,0.509503858024691,3.858024691358024e-07
414256149342,4142561493,42,0,375996971379,1.0,"""[9.5367431640625e-07",9.5367431640625e-07,9.5367431640625e-07,9.5367431640625e-07,9.5367431640625e-07,9.5367431640625e-07,9.5367431640625e-07,9.5367431640625e-07,9.5367431640625e-07,9.5367431640625e-07," 9.5367431640625e-07]""",0.0,0.0,0.589250087738037,0.0014850192237640001,0.019195556640625,0.00029182434082000003,6.771087646484375e-05,6.771087646484375e-05,0.5075949074074071,0.5075952932098761,3.858024691358024e-07
414256149342,4142561493,42,0,375996971379,0.996666669845581,"""[0.003467559814453",0.00567626953125,0.00689697265625,0.007400512695312,0.007736206054687,0.00799560546875,0.0081787109375,0.008331298828125,0.008468627929687,0.008590698242187," 0.009033203125]""",0.0341796875,0.007530212402343001,0.724328815937042,0.002362855477258,0.01177978515625,0.00033950805664,0.011444091796875002,0.0108642578125,0.504513888888888,0.504629629629629,0.00011574074074
414256149342,4142561493,42,0,375996971379,0.990000009536743,"""[0.0035057067871090003",0.0059814453125,0.007423400878906,0.007774353027343001,0.008163452148437,0.008331298828125,0.0084228515625,0.008499145507812,0.008560180664062,0.0086669921875," 0.009140014648437]""",0.021759033203125,0.00787353515625,1.362878680229187,0.007537021767348001,0.0166015625,0.00023937225341700002,0.015609741210937,0.0155029296875,0.5085648148148141,0.508680555555555,0.00011574074074
414256149342,4142561493,42,0,375996971379,0.996666669845581,"""[0.0013275146484370002",0.006629943847656,0.007545471191406,0.008010864257812,0.008209228515625,0.008331298828125,0.0084228515625,0.008499145507812,0.008560180664062,0.008651733398437," 0.0087890625]""",0.04534912109375,0.007919311523437,0.724328756332397,0.002362855477258,0.012374877929687,0.00033950805664,0.011566162109375002,0.011489868164062,0.50474537037037,0.5048611111111111,0.00011574074074
414256149342,4142561493,42,0,375996971379,1.0,"""[0.000135421752929",0.004158020019531,0.005813598632812,0.006889343261718001,0.007682800292968001,0.008056640625,0.008255004882812,0.008407592773437,0.008514404296875,0.0086669921875," 0.009490966796875]""",0.023223876953125003,0.007194519042968001,0.5983921289443971,0.002023807261139,0.0125732421875,0.00018501281738200003,0.012313842773437,0.011642456054687,0.5053240740740741,0.505439814814814,0.00011574074074
414256149342,4142561493,42,0,375996971379,1.0,"""[5.435943603515626e-05",0.002494812011718,0.005935668945312,0.006744384765625001,0.007423400878906,0.007766723632812,0.007965087890625,0.008148193359375,0.008285522460937,0.008468627929687," 0.009841918945312]""",0.017425537109375,0.006675720214843001,0.0,0.0,0.006507873535156,0.000113487243652,0.005416870117187,0.0028533935546870004,0.507594135802469,0.5076388888888881,4.475308641975308e-05
414256149342,4142561493,42,0,375996971379,1.0,"""[0",0.0,0.0,0.0,0.0,0.0,0.0,0.0,0.0,0.0," 0]""",0.0,0.0,0.0,0.0,0.006507873535156,0.0,9.5367431640625e-07,9.5367431640625e-07,0.508210262345679,0.5082106481481481,3.858024691358024e-07
414256149342,4142561493,42,0,375996971379,1.0,"""[0",0.0,0.0,0.0,0.0,0.0,0.0,0.0,0.0,0.0," 0]""",0.0,0.0,0.0,0.0,0.006507873535156,0.0,9.5367431640625e-07,9.5367431640625e-07,0.509501929012345,0.509502314814814,3.858024691358024e-07
414256149342,4142561493,42,0,375996971379,1.0,"""[0",0.0,0.0,0.0,8.58306884765625e-06,2.1934509277343753e-05,3.528594970703125e-05,0.000380516052246,0.000380516052246,0.000380516052246," 0.000380516052246]""",0.00042915344238200005,0.00014305114746000002,1.373189449310302,0.010009299032390001,0.024078369140625003,0.00015163421630800001,5.245208740234376e-05,5.149841308593751e-05,0.508209876543209,0.5082110339506171,1.157407407407407e-06
414256149342,4142561493,42,0,375996971379,0.990000009536743,"""[4.100799560546875e-05",0.007621765136718001,0.00799560546875,0.008255004882812,0.008392333984375,0.00848388671875,0.008529663085937,0.008575439453125,0.008636474609375,0.008697509765625," 0.01727294921875]""",0.037353515625,0.008407592773437,0.5983921885490411,0.002023807261139,0.015960693359375,0.000186920166015,0.0147705078125,0.014572143554687,0.505671296296296,0.505748456790123,7.716049382716049e-05
414256149342,4142561493,42,0,375996971379,1.0,"""[0",0.0,0.0,0.0,0.0,0.0,0.0,0.0,0.0,0.0," 0]""",0.0,0.0,0.0,0.0,0.006507873535156,0.0,9.5367431640625e-07,9.5367431640625e-07,0.504319058641975,0.504319444444444,3.858024691358024e-07
414256149342,4142561493,42,0,375996971379,1.0,"""[0",0.0,0.0,0.0,0.0,4.76837158203125e-06,1.0490417480468752e-05,1.0490417480468752e-05,1.0490417480468752e-05,1.0490417480468752e-05," 1.0490417480468752e-05]""",0.0,0.0,0.0,0.0,0.006507873535156,0.0,1.9073486328125e-06,1.9073486328125e-06,0.5057492283950611,0.5057496141975301,3.858024691358024e-07
414256149342,4142561493,42,0,375996971379,1.0,"""[0.0023307800292960003",0.0038795471191400005,0.00445556640625,0.005332946777343001,0.006301879882812,0.007293701171875001,0.00787353515625,0.008163452148437,0.008392333984375,0.008544921875," 0.009002685546875]""",0.017669677734375,0.006568908691406,0.573799848556518,0.0018178583122780002,0.0185546875,0.00024032592773400003,0.017303466796875,0.01715087890625,0.50636574074074,0.5064814814814811,0.00011574074074
414256149342,4142561493,42,0,375996971379,0.996666669845581,"""[0.002830505371093",0.007003784179687,0.0078125,0.008224487304687,0.00836181640625,0.008438110351562,0.008499145507812,0.008544921875,0.00860595703125,0.0086669921875," 0.0093994140625]""",0.02093505859375,0.00811767578125,0.724328756332397,0.002362855477258,0.012374877929687,0.00033950805664,0.011581420898437,0.011459350585937,0.504629629629629,0.50474537037037,0.00011574074074
414256149342,4142561493,42,0,375996971379,0.9933333396911621,"""[0.000130653381347",0.00031661987304600005,0.006622314453125001,0.007408142089843001,0.007766723632812,0.008071899414062,0.008255004882812,0.0084228515625,0.008514404296875,0.008575439453125," 0.008819580078125]""",0.019805908203125,0.006996154785156,0.589250087738037,0.0014850192237640001,0.0185546875,0.00024032592773400003,0.0169677734375,0.01678466796875,0.5069444444444441,0.507060185185185,0.00011574074074
414256149342,4142561493,42,0,375996971379,0.996666669845581,"""[0.001880645751953",0.006103515625,0.007431030273437,0.00787353515625,0.008132934570312,0.00830078125,0.008392333984375,0.008468627929687,0.008544921875,0.008636474609375," 0.009246826171875]""",0.02362060546875,0.007766723632812,0.5983921885490411,0.002023807261139,0.013351440429687,0.000185966491699,0.012420654296875002,0.01226806640625,0.505439814814814,0.5055555555555551,0.00011574074074
414256149342,4142561493,42,0,375996971379,1.0,"""[5.340576171875001e-05",0.0015583038330070002,0.007102966308593001,0.008071899414062,0.0084228515625,0.008499145507812,0.008560180664062,0.008621215820312,0.008697509765625,0.008834838867187," 0.010452270507812]""",0.021759033203125,0.007179260253906,0.0,0.0,0.006584167480468001,0.000226020812988,0.007034301757812,0.0034599304199210003,0.5057496141975301,0.5057870370370371,3.742283950617283e-05
414256149342,4142561493,42,0,375996971379,0.9901960492134091,"""[5.435943603515626e-05",0.00345230102539,0.006988525390625001,0.007774353027343001,0.0081787109375,0.008346557617187,0.008468627929687,0.008529663085937,0.008575439453125,0.008682250976562," 0.010345458984375]""",0.02227783203125,0.007408142089843001,0.0,0.0,0.007904052734375,0.00033187866210900003,0.009994506835937,0.006156921386718001,0.504319444444444,0.504398148148148,7.870370370370372e-05
414256149342,4142561493,42,0,375996971379,1.0,"""[5.817413330078126e-05",6.580352783203125e-05,8.392333984375001e-05,0.001117706298828,0.00177001953125,0.00213623046875,0.003028869628906,0.005691528320312,0.006111145019531,0.006355285644531," 0.006462097167968001]""",0.006462097167968001,0.003173828125,0.0,0.0,0.006507873535156,0.000160217285156,0.0009183883666990001,0.00047588348388600003,0.5082110339506171,0.508217592592592,6.558641975308642e-06
414256149342,4142561493,42,0,375996971379,1.0,"""[4.673004150390626e-05",0.00010299682617100001,0.00012111663818300001,0.00014209747314400002,0.00016975402832,0.000287055969238,0.00033283233642500003,0.00036811828613200005,0.00047588348388600003,0.007637023925781," 0.015899658203125]""",0.029205322265625003,0.0017528533935540001,1.373189449310302,0.010009299032390001,0.024078369140625003,0.000140190124511,0.022369384765625003,0.022064208984375,0.5081018518518511,0.508209876543209,0.000108024691358
414256149342,4142561493,42,0,375996971379,0.996666669845581,"""[0.000135421752929",0.005638122558593001,0.006607055664062,0.007133483886718001,0.007522583007812,0.007827758789062,0.008056640625,0.008224487304687,0.0084228515625,0.00860595703125," 0.009109497070312]""",0.04052734375,0.007339477539062,0.573799848556518,0.0018178583122780002,0.0185546875,0.00024032592773400003,0.01715087890625,0.01708984375,0.5067129629629631,0.506828703703703,0.00011574074074
414256149342,4142561493,42,0,375996971379,0.990000009536743,"""[0.0039024353027340003",0.007118225097656,0.007965087890625,0.008209228515625,0.008346557617187,0.008453369140625,0.008514404296875,0.008590698242187,0.0086669921875,0.008804321289062," 0.010162353515625]""",0.0242919921875,0.00823974609375,0.724328756332397,0.002362855477258,0.0369873046875,0.000340461730957,0.03729248046875,0.03460693359375,0.5050925925925921,0.505208333333333,0.00011574074074
414256149342,4142561493,42,0,375996971379,0.996666669845581,"""[0.0014495849609370002",0.0035820007324210003,0.00640869140625,0.007774353027343001,0.0081787109375,0.008392333984375,0.008499145507812,0.008560180664062,0.008621215820312,0.008682250976562," 0.00946044921875]""",0.02850341796875,0.007362365722656,0.0,0.0,0.008590698242187,0.00024032592773400003,0.008193969726562,0.00799560546875,0.5057870370370371,0.505902777777777,0.00011574074074
414256149342,4142561493,42,0,375996971379,1.0,"""[0",0.0,0.0,0.0,0.0,0.0,0.0,0.0,0.0,0.0," 0]""",0.0005884170532220001,0.00011730194091700002,0.589250087738037,0.0014850192237640001,0.019195556640625,0.00029182434082000003,6.580352783203125e-05,6.4849853515625e-05,0.507592978395061,0.5075949074074071,1.929012345679012e-06
414256149342,4142561493,42,0,375996971379,0.9933333396911621,"""[0.0024261474609370004",0.005912780761718001,0.007217407226562,0.007621765136718001,0.007919311523437,0.008148193359375,0.008316040039062,0.00848388671875,0.008575439453125,0.008697509765625," 0.00982666015625]""",0.0301513671875,0.007728576660156,0.573799848556518,0.0018178583122780002,0.016082763671875,0.00024032592773400003,0.017303466796875,0.014923095703125002,0.5060185185185181,0.506134259259259,0.00011574074074
414256149342,4142561493,42,0,375996971379,1.0,"""[2.9563903808593753e-05",0.000550270080566,0.007789611816406,0.00823974609375,0.00848388671875,0.008575439453125,0.008651733398437,0.008712768554687,0.008804321289062,0.008941650390625," 0.01898193359375]""",0.03521728515625,0.0078125,0.724328756332397,0.002362855477258,0.03973388671875,0.00034713745117100005,0.03741455078125,0.03314208984375,0.505208333333333,0.505252700617284,4.436728395061728e-05
