UniqJobId,collection_id,instance_index,priority,machine_id,sample_rate,cpu_usage_distribution1,cpu_usage_distribution2,cpu_usage_distribution3,cpu_usage_distribution4,cpu_usage_distribution5,cpu_usage_distribution6,cpu_usage_distribution7,cpu_usage_distribution8,cpu_usage_distribution9,cpu_usage_distribution10,cpu_usage_distribution11,max_cpu,avg_cpu,cycles_per_instruction,memory_accesses_per_instruction,assigned_memory,page_cache_memory,max_memory,avg_memory,start_time,end_time,time_window
451741062870,45174106287,0,0,1640208836,1.0,"""[0",0.0,0.0,0.0,8.58306884765625e-06,2.1934509277343753e-05,3.528594970703125e-05,0.00014686584472600002,0.00014686584472600002,0.00014686584472600002," 0.00014686584472600002]""",0.00024318695068300001,0.00012111663818300001,0.0,0.0,0.00126838684082,0.000109672546386,0.00012016296386700001,0.00011920928955000001,0.50264274691358,0.5026435185185181,7.716049382716048e-07
451741062870,45174106287,0,0,21285495,1.0,"""[2.0980834960937503e-05",2.0980834960937503e-05,2.0980834960937503e-05,2.0980834960937503e-05,2.0980834960937503e-05,2.0980834960937503e-05,2.0980834960937503e-05,2.0980834960937503e-05,2.0980834960937503e-05,2.0980834960937503e-05," 2.0980834960937503e-05]""",0.0,0.0,0.0,0.0,0.00126838684082,0.0,9.5367431640625e-07,9.5367431640625e-07,0.5066238425925921,0.506624228395061,3.858024691358024e-07
451741062870,45174106287,0,0,72026895311,1.0,"""[0",0.0,0.0,0.0,0.0,0.0,0.0,0.0,0.0,0.0," 0]""",0.000255584716796,6.389617919921875e-05,0.0,0.0,0.00126838684082,0.000107765197753,0.000123023986816,0.000123023986816,0.508287037037037,0.508288580246913,1.5432098765432092e-06
451741062870,45174106287,0,0,1578052391,1.0,"""[0",0.0,0.0,0.0,0.0,0.0,0.0,0.0,0.0,0.0," 0]""",0.0,0.0,0.0,0.0,0.00126838684082,0.0,9.5367431640625e-07,9.5367431640625e-07,0.501120756172839,0.5011215277777771,7.716049382716048e-07
451741062870,45174106287,0,0,40486423651,1.0,"""[0",0.0,0.0,0.0,0.0,0.0,0.0,0.0,0.0,0.0," 0]""",0.000319480895996,0.000153541564941,0.0,0.0,0.00126838684082,0.000106811523437,0.00011730194091700002,0.00011730194091700002,0.5010381944444441,0.501038966049382,7.716049382716048e-07
451741062870,45174106287,0,0,143876865086,1.0,"""[0",0.0,6.580352783203125e-05,0.00026416778564400005,0.000440597534179,0.0009469985961910001,0.0015411376953120002,0.0024871826171870004,0.004493713378906,0.00579833984375," 0.005874633789062]""",0.005867004394531,0.002067565917968,0.0,0.0,0.00126838684082,8.487701416015626e-05,0.00036811828613200005,0.00017642974853500002,0.5022835648148141,0.502287037037037,3.4722222222222215e-06
451741062870,45174106287,0,0,198556190123,1.0,"""[0.0013790130615230001",0.0013790130615230001,0.0013790130615230001,0.0013790130615230001,0.0013790130615230001,0.0015411376953120002,0.0017032623291010002,0.0017032623291010002,0.0017032623291010002,0.0017032623291010002," 0.0017032623291010002]""",0.0,0.0,0.0,0.0,0.00126838684082,2.7656555175781253e-05,9.5367431640625e-07,9.5367431640625e-07,0.501095293209876,0.5010956790123451,3.858024691358024e-07
451741062870,45174106287,0,0,104792148940,1.0,"""[0",0.0,0.0,0.0,0.0,0.0,0.0,0.0,0.0,0.0," 0]""",0.0015335083007810002,0.00038337707519500003,0.0,0.0,0.00126838684082,0.000107765197753,0.000126838684082,0.000126838684082,0.508491512345679,0.508493055555555,1.5432098765432092e-06
451741062870,45174106287,0,0,70609121212,1.0,"""[0",0.0,0.0,0.0,0.0,0.0,0.0,0.0,0.0,0.0," 0]""",0.0,0.0,0.0,0.0,0.00126838684082,0.0,9.5367431640625e-07,9.5367431640625e-07,0.5040547839506171,0.5040551697530861,3.858024691358024e-07
451741062870,45174106287,0,0,21365709,1.0,"""[0",0.0,0.0,0.0,0.0,0.0,0.0,0.0,0.0,0.0," 0]""",0.0,0.0,0.0,0.0,0.00126838684082,0.0,9.5367431640625e-07,9.5367431640625e-07,0.5073699845679011,0.507370756172839,7.716049382716048e-07
451741062870,45174106287,0,0,21218149,1.0,"""[0",0.0,0.0,9.5367431640625e-07,3.814697265625e-06,6.67572021484375e-06,8.58306884765625e-06,1.1444091796875002e-05,1.2397766113281252e-05,1.2397766113281252e-05," 1.2397766113281252e-05]""",0.0,0.0,0.0,0.0,0.00126838684082,0.0,9.5367431640625e-07,9.5367431640625e-07,0.506001543209876,0.506002700617283,1.157407407407407e-06
451741062870,45174106287,0,0,1713141410,1.0,"""[0",0.0,0.0,0.0,0.0,0.0,0.0,0.0,0.0,0.0,"0]""",0.0,0.0,0.0,0.0,0.00126838684082,0.0,9.5367431640625e-07,9.5367431640625e-07,0.506655092592592,0.5066554783950611,3.858024691358024e-07
451741062870,45174106287,0,0,70609121212,1.0,"""[0",0.0,0.0,0.0,0.0,0.0,0.0,0.0,0.0,0.0," 0]""",0.0,0.0,0.0,0.0,0.00126838684082,0.0,9.5367431640625e-07,9.5367431640625e-07,0.5040551697530861,0.504055555555555,3.858024691358024e-07
451741062870,45174106287,0,0,19875185082,1.0,"""[1.0490417480468752e-05",1.0490417480468752e-05,0.00021171569824200001,0.00042724609375,0.00139045715332,0.001827239990234,0.002967834472656,0.0038871765136710003,0.004058837890625,0.006187438964843001," 0.006187438964843001]""",0.006149291992187,0.002277374267578,0.0,0.0,0.00126838684082,7.2479248046875e-05,0.000358581542968,0.000196456909179,0.5005073302469131,0.500510802469135,3.4722222222222215e-06
451741062870,45174106287,0,0,21218149,1.0,"""[8.392333984375001e-05",0.000154495239257,0.0009689331054680001,0.0013656616210930002,0.002311706542968,0.0033683776855460003,0.004730224609375,0.0069580078125,0.008392333984375,0.010345458984375," 0.012542724609375002]""",0.011947631835937,0.004470825195312,0.0,0.0,0.00126838684082,7.724761962890625e-05,0.000883102416992,0.000531196594238,0.5059930555555551,0.5060007716049381,7.71604938271605e-06
451741062870,45174106287,0,0,1376335587,1.0,"""[9.5367431640625e-06",2.002716064453125e-05,7.05718994140625e-05,0.000127792358398,0.001153945922851,0.002311706542968,0.002765655517578,0.004188537597656,0.008209228515625,0.00830078125," 0.011627197265625002]""",0.01165771484375,0.00314712524414,0.0,0.0,0.00126838684082,7.82012939453125e-05,0.0006856918334960001,0.000328063964843,0.503369212962963,0.50337461419753,5.4012345679012335e-06
451741062870,45174106287,0,0,151919107,1.0,"""[0",0.0,0.0,0.0,0.0,0.0,0.0,0.0,0.0,0.0," 0]""",0.00030326843261700004,0.00010108947753900001,0.0,0.0,0.00126838684082,0.00013256072998000002,0.00014686584472600002,0.00014591217041000002,0.5017858796296291,0.5017870370370371,1.157407407407407e-06
451741062870,45174106287,0,0,20736936,1.0,"""[0",0.0,0.0,0.0,0.0,0.0,0.0,0.0,0.0,0.0,"0]""",0.0,0.0,0.0,0.0,0.00126838684082,0.0,9.5367431640625e-07,9.5367431640625e-07,0.509260030864197,0.509260416666666,3.858024691358024e-07
451741062870,45174106287,0,0,21243998,1.0,"""[0",0.0,0.0,0.0,0.0,0.0,0.0,0.0,0.0,0.0," 0]""",0.0,0.0,0.0,0.0,0.00126838684082,0.0,9.5367431640625e-07,9.5367431640625e-07,0.505987268518518,0.505988040123456,7.716049382716048e-07
451741062870,45174106287,0,0,1713489854,1.0,"""[0",0.0,0.0,0.0,0.0,0.0,0.0,0.0,0.0,0.0," 0]""",0.0,0.0,0.0,0.0,0.00126838684082,0.0,9.5367431640625e-07,9.5367431640625e-07,0.50317399691358,0.5031743827160491,3.858024691358024e-07
451741062870,45174106287,0,0,21285495,1.0,"""[4.482269287109376e-05",9.727478027343751e-05,0.00032615661621000004,0.001567840576171,0.0021476745605460003,0.003105163574218,0.004776000976562,0.006790161132812,0.0087890625,0.008987426757812," 0.010574340820312]""",0.01055908203125,0.00408935546875,0.0,0.0,0.00126838684082,7.724761962890625e-05,0.000554084777832,0.000245094299316,0.506624228395061,0.506628858024691,4.629629629629629e-06
451741062870,45174106287,0,0,20736936,1.0,"""[0",0.0,0.0,0.0,0.0,0.0,0.0,0.0,0.0,0.0," 0]""",0.0,0.0,0.0,0.0,0.00126838684082,0.000106811523437,0.00012016296386700001,0.00012016296386700001,0.5092592592592591,0.509260030864197,7.716049382716048e-07
451741062870,45174106287,0,0,1713257708,1.0,"""[8.58306884765625e-06",8.58306884765625e-06,3.719329833984375e-05,0.00016307830810500002,0.000247001647949,0.0013866424560540001,0.003009796142578,0.003273010253906,0.005302429199218001,0.00982666015625," 0.00982666015625]""",0.009841918945312,0.0027732849121090003,0.0,0.0,0.00126838684082,7.152557373046875e-05,0.00032901763916,0.000153541564941,0.508586419753086,0.508589506172839,3.0864197530864187e-06
451741062870,45174106287,0,0,1640208836,1.0,"""[0",0.0,0.0,0.0,0.0,0.0,0.0,0.0,0.0,0.0,"0]""",0.0,0.0,0.0,0.0,0.00126838684082,0.0,9.5367431640625e-07,9.5367431640625e-07,0.5026435185185181,0.502643904320987,3.858024691358024e-07
451741062870,45174106287,0,0,1578052391,1.0,"""[0",0.0,0.0,0.0,0.0,0.0,0.0,0.0,0.0,0.0," 0]""",0.0,0.0,0.0,0.0,0.00126838684082,0.0,9.5367431640625e-07,9.5367431640625e-07,0.5011215277777771,0.501121913580246,3.858024691358024e-07
451741062870,45174106287,0,0,2059474546,1.0,"""[0",0.0,0.0,0.0,0.0,0.0,0.0,0.0,0.0,0.0," 0]""",0.0,0.0,0.0,0.0,0.00126838684082,0.0,9.5367431640625e-07,9.5367431640625e-07,0.5085046296296291,0.508505015432098,3.858024691358024e-07
451741062870,45174106287,0,0,1640208836,1.0,"""[0",0.0,0.0,0.0,0.0,0.0,0.0,0.0,0.0,0.0," 0]""",0.0,0.0,0.0,0.0,0.00126838684082,0.0,9.5367431640625e-07,9.5367431640625e-07,0.502643132716049,0.5026435185185181,3.858024691358024e-07
451741062870,45174106287,0,0,20143010143,1.0,"""[0.001014709472656",0.001014709472656,0.001014709472656,0.001014709472656,0.0026512145996090003,0.002662658691406,0.002677917480468,0.004402160644531,0.004402160644531,0.004402160644531," 0.004402160644531]""",0.004402160644531,0.0018062591552730001,0.0,0.0,0.00126838684082,3.0517578125e-05,0.000126838684082,6.67572021484375e-05,0.507290509259259,0.507291666666666,1.157407407407407e-06
451741062870,45174106287,0,0,382797076623,1.0,"""[0",0.0,0.0,0.0,0.0,0.0,0.0,0.0,0.0,0.0," 0]""",0.000269889831542,0.000134468078613,0.0,0.0,0.00126838684082,0.00010871887207,0.00011825561523400002,0.00011825561523400002,0.5051516203703701,0.505152391975308,7.716049382716048e-07
451741062870,45174106287,0,0,1713489854,1.0,"""[0",0.0,0.0,0.0,0.0,0.0,0.0,0.0,0.0,0.0," 0]""",0.00023937225341700002,8.0108642578125e-05,0.0,0.0,0.00126838684082,0.000106811523437,0.00011920928955000001,0.00011920928955000001,0.5031732253086421,0.5031743827160491,1.157407407407407e-06
451741062870,45174106287,0,0,35883119838,1.0,"""[9.5367431640625e-07",9.5367431640625e-07,9.5367431640625e-07,9.5367431640625e-07,9.5367431640625e-07,9.5367431640625e-07,9.5367431640625e-07,9.5367431640625e-07,9.5367431640625e-07,9.5367431640625e-07," 9.5367431640625e-07]""",0.0,0.0,0.0,0.0,0.00126838684082,0.000106811523437,0.00012016296386700001,0.00012016296386700001,0.5040370370370371,0.504037422839506,3.858024691358024e-07
451741062870,45174106287,0,0,1579711803,1.0,"""[0",0.0,0.0,0.0,9.5367431640625e-07,2.86102294921875e-06,5.7220458984375e-06,6.67572021484375e-06,6.67572021484375e-06,6.67572021484375e-06," 6.67572021484375e-06]""",0.0,0.0,0.0,0.0,0.00126838684082,0.0,9.5367431640625e-07,9.5367431640625e-07,0.5029216820987651,0.502922839506172,1.157407407407407e-06
451741062870,45174106287,0,0,12748959968,1.0,"""[0",0.0,0.0,0.0,0.0,3.814697265625e-06,7.62939453125e-06,7.62939453125e-06,7.62939453125e-06,7.62939453125e-06," 7.62939453125e-06]""",0.0,0.0,0.0,0.0,0.00126838684082,0.0,9.5367431640625e-07,9.5367431640625e-07,0.503228009259259,0.5032287808641971,7.716049382716048e-07
451741062870,45174106287,0,0,1713141410,1.0,"""[6.771087646484375e-05",6.771087646484375e-05,0.000114440917968,0.0010299682617180002,0.001461029052734,0.002246856689453,0.003028869628906,0.00421142578125,0.004791259765625,0.0079345703125," 0.0079345703125]""",0.0079345703125,0.0028190612792960003,0.0,0.0,0.00126838684082,8.20159912109375e-05,0.000327110290527,0.00018119812011700001,0.501380787037037,0.50138387345679,3.0864197530864187e-06
451741062870,45174106287,0,0,20143010143,1.0,"""[0",0.0,0.0,0.0,0.0,0.0,0.0,0.0,0.0,0.0," 0]""",0.000380516052246,7.62939453125e-05,0.0,0.0,0.00126838684082,0.000107765197753,0.00011730194091700002,0.00011730194091700002,0.507301311728395,0.5073032407407401,1.929012345679012e-06
451741062870,45174106287,0,0,151919107,1.0,"""[0",0.0,0.0,0.0,0.0,0.0,0.0,0.0,0.0,0.0,"0]""",0.0,0.0,0.0,0.0,0.00126838684082,0.00013256072998000002,0.000144958496093,0.000144958496093,0.5017870370370371,0.5017874228395061,3.858024691358024e-07
451741062870,45174106287,0,0,19882909429,1.0,"""[0",0.0,0.0,0.0,1.9073486328125e-06,5.7220458984375e-06,9.5367431640625e-06,1.1444091796875002e-05,1.1444091796875002e-05,1.1444091796875002e-05," 1.1444091796875002e-05]""",0.0,0.0,0.0,0.0,0.00126838684082,0.0,9.5367431640625e-07,9.5367431640625e-07,0.5056736111111111,0.505674382716049,7.716049382716048e-07
451741062870,45174106287,0,0,383868866699,1.0,"""[0",0.0,0.0,0.0,0.0,0.0,0.0,0.0,0.0,0.0,"0]""",0.0,0.0,0.0,0.0,0.00126838684082,0.0,9.5367431640625e-07,9.5367431640625e-07,0.502103009259259,0.5021033950617281,3.858024691358024e-07
451741062870,45174106287,0,0,1713301981,1.0,"""[8.58306884765625e-06",8.58306884765625e-06,8.58306884765625e-06,8.58306884765625e-06,8.58306884765625e-06,8.58306884765625e-06,8.58306884765625e-06,8.58306884765625e-06,8.58306884765625e-06,8.58306884765625e-06," 8.58306884765625e-06]""",0.0,0.0,0.0,0.0,0.00126838684082,0.0,9.5367431640625e-07,9.5367431640625e-07,0.5050216049382711,0.5050219907407401,3.858024691358024e-07
451741062870,45174106287,0,0,35883119838,1.0,"""[6.67572021484375e-06",6.67572021484375e-06,6.67572021484375e-06,6.67572021484375e-06,6.67572021484375e-06,6.67572021484375e-06,6.67572021484375e-06,6.67572021484375e-06,6.67572021484375e-06,6.67572021484375e-06," 6.67572021484375e-06]""",0.0,0.0,0.0,0.0,0.00126838684082,0.0,9.5367431640625e-07,9.5367431640625e-07,0.504032021604938,0.5040324074074071,3.858024691358024e-07
451741062870,45174106287,0,0,35883119838,1.0,"""[0",0.0,0.0,0.0,0.0,0.0,0.0,0.0,0.0,0.0," 0]""",0.00026226043701100003,8.773803710937501e-05,0.0,0.0,0.00126838684082,0.000106811523437,0.000123023986816,0.0001220703125,0.504035879629629,0.5040370370370371,1.157407407407407e-06
451741062870,45174106287,0,0,2059626229,1.0,"""[0",0.0,0.0,0.0,8.58306884765625e-06,2.1934509277343753e-05,3.528594970703125e-05,0.00026321411132800005,0.00026321411132800005,0.00026321411132800005," 0.00026321411132800005]""",0.00028610229492100005,9.536743164062501e-05,0.0,0.0,0.00126838684082,0.000106811523437,0.00011825561523400002,0.00011825561523400002,0.5031168981481481,0.503118055555555,1.157407407407407e-06
451741062870,45174106287,0,0,21218149,1.0,"""[9.5367431640625e-07",9.5367431640625e-07,9.5367431640625e-07,9.5367431640625e-07,9.5367431640625e-07,9.5367431640625e-07,9.5367431640625e-07,9.5367431640625e-07,9.5367431640625e-07,9.5367431640625e-07," 9.5367431640625e-07]""",0.0,0.0,0.0,0.0,0.00126838684082,0.000107765197753,0.00011825561523400002,0.00011825561523400002,0.506002700617283,0.506003086419753,3.858024691358024e-07
451741062870,45174106287,0,0,21218149,1.0,"""[0",0.0,0.0,7.62939453125e-06,1.4305114746093752e-05,2.1934509277343753e-05,2.9563903808593753e-05,3.62396240234375e-05,0.000116348266601,0.00018882751464800002," 0.00018882751464800002]""",0.00022888183593700002,6.580352783203125e-05,0.0,0.0,0.00126838684082,0.000107765197753,0.00011920928955000001,0.00011920928955000001,0.5060007716049381,0.506002700617283,1.929012345679012e-06
451741062870,45174106287,0,0,1376335587,1.0,"""[0",0.0,0.0,0.0,0.0,1.9073486328125e-06,4.76837158203125e-06,4.76837158203125e-06,4.76837158203125e-06,4.76837158203125e-06," 4.76837158203125e-06]""",0.0,0.0,0.0,0.0,0.00126838684082,0.0,9.5367431640625e-07,9.5367431640625e-07,0.503375,0.503375385802469,3.858024691358024e-07
451741062870,45174106287,0,0,373217123543,1.0,"""[0",0.0,0.0,0.0,0.0,0.0,0.0,0.0,0.0,0.0," 0]""",0.0,0.0,0.0,0.0,0.00126838684082,0.0,1.9073486328125e-06,1.9073486328125e-06,0.5035497685185181,0.503550154320987,3.858024691358024e-07
451741062870,45174106287,0,0,19882909429,1.0,"""[0",0.0,0.0,0.0,0.0,0.0,0.0,0.0,0.0,0.0,"0]""",0.0,0.0,0.0,0.0,0.00126838684082,0.000109672546386,0.00011825561523400002,0.00011825561523400002,0.505674382716049,0.505674768518518,3.858024691358024e-07
451741062870,45174106287,0,0,198556190123,1.0,"""[0.00047969818115200006",0.00047969818115200006,0.00047969818115200006,0.00047969818115200006,0.002033233642578,0.00204849243164,0.002059936523437,0.0032463073730460003,0.0032463073730460003,0.0032463073730460003," 0.0032463073730460003]""",0.007087707519531,0.0031852722167960003,0.0,0.0,0.00126838684082,2.7656555175781253e-05,0.000279426574707,0.000253677368164,0.501096836419753,0.50109799382716,1.157407407407407e-06
451741062870,45174106287,0,0,35883119838,1.0,"""[0",0.0,3.528594970703125e-05,0.00011920928955000001,0.000247001647949,0.000550270080566,0.0012054443359370002,0.0036659240722650005,0.004508972167968001,0.006011962890625001," 0.006011962890625001]""",0.006019592285156,0.0019378662109370002,0.0,0.0,0.00126838684082,8.392333984375001e-05,0.000370979309082,0.000174522399902,0.504032793209876,0.504035879629629,3.0864197530864187e-06
451741062870,45174106287,0,0,1713141410,1.0,"""[0",0.0,0.0,0.0,0.0,3.814697265625e-06,7.62939453125e-06,7.62939453125e-06,7.62939453125e-06,7.62939453125e-06," 7.62939453125e-06]""",0.0,0.0,0.0,0.0,0.00126838684082,0.0,9.5367431640625e-07,9.5367431640625e-07,0.5066481481481481,0.506648533950617,3.858024691358024e-07
451741062870,45174106287,0,0,1715004957,1.0,"""[0",0.0,0.0,9.5367431640625e-07,3.814697265625e-06,6.67572021484375e-06,9.5367431640625e-06,1.1444091796875002e-05,1.3351440429687502e-05,1.3351440429687502e-05," 1.3351440429687502e-05]""",1.3351440429687502e-05,2.86102294921875e-06,0.0,0.0,0.00126838684082,0.0,9.5367431640625e-07,9.5367431640625e-07,0.5055933641975301,0.5055949074074071,1.5432098765432092e-06
451741062870,45174106287,0,0,198556190123,1.0,"""[0",0.0,0.0,0.0,0.0,0.0,0.0,0.0,0.0,0.0,"0]""",0.0,0.0,0.0,0.0,0.00126838684082,0.0,9.5367431640625e-07,9.5367431640625e-07,0.501094907407407,0.501095293209876,3.858024691358024e-07
451741062870,45174106287,0,0,1578052391,1.0,"""[0",0.0,0.0,0.0,0.0,0.0,0.0,0.0,0.0,0.0," 0]""",0.00033283233642500003,9.250640869140626e-05,0.0,0.0,0.00126838684082,0.00010871887207,0.00011920928955000001,0.00011920928955000001,0.504878858024691,0.504880015432098,1.157407407407407e-06
451741062870,45174106287,0,0,1580323926,1.0,"""[6.67572021484375e-06",6.67572021484375e-06,6.67572021484375e-06,6.67572021484375e-06,6.67572021484375e-06,6.67572021484375e-06,6.67572021484375e-06,6.67572021484375e-06,6.67572021484375e-06,6.67572021484375e-06," 6.67572021484375e-06]""",0.0,0.0,0.0,0.0,0.00126838684082,0.0,9.5367431640625e-07,9.5367431640625e-07,0.501583719135802,0.501584104938271,3.858024691358024e-07
451741062870,45174106287,0,0,1713257708,1.0,"""[0",0.0,0.0,0.0,0.0,0.0,0.0,0.0,0.0,0.0,"0]""",0.0,0.0,0.0,0.0,0.00126838684082,0.0,9.5367431640625e-07,9.5367431640625e-07,0.5085906635802471,0.508591049382716,3.858024691358024e-07
451741062870,45174106287,0,0,373217123543,1.0,"""[0",0.0,0.0,0.0,0.0,0.0,0.0,0.0,0.0,0.0," 0]""",0.00087833404541,0.000221252441406,0.0,0.0,0.00126838684082,0.000115394592285,0.00013351440429600002,0.00013351440429600002,0.50354899691358,0.5035497685185181,7.716049382716048e-07
451741062870,45174106287,0,0,21243998,1.0,"""[6.580352783203125e-05",7.43865966796875e-05,0.000255584716796,0.0010662078857420001,0.00139045715332,0.0017166137695310002,0.001779556274414,0.0036888122558590003,0.006179809570312,0.007736206054687," 0.009429931640625]""",0.009429931640625,0.0031394958496090003,0.0,0.0,0.00126838684082,9.918212890625001e-05,0.000616073608398,0.000247001647949,0.50598186728395,0.5059868827160491,5.015432098765432e-06
451741062870,45174106287,0,0,19882909429,1.0,"""[2.002716064453125e-05",0.0007524490356440001,0.00177001953125,0.002304077148437,0.00345230102539,0.004776000976562,0.006950378417968001,0.009674072265625,0.010238647460937,0.01177978515625," 0.012435913085937]""",0.016448974609375,0.005783081054687,0.0,0.0,0.00126838684082,7.62939453125e-05,0.001155853271484,0.000707626342773,0.505663580246913,0.505671296296296,7.71604938271605e-06
451741062870,45174106287,0,0,1578052391,1.0,"""[0",0.0,0.0,0.0,0.0,0.0,0.0,0.0,0.0,0.0,"0]""",0.0,0.0,0.0,0.0,0.00126838684082,0.0,9.5367431640625e-07,9.5367431640625e-07,0.508558256172839,0.5085586419753081,3.858024691358024e-07
451741062870,45174106287,0,0,1713301981,1.0,"""[9.155273437500001e-05",0.00015830993652300002,0.00031661987304600005,0.000651359558105,0.001779556274414,0.002288818359375,0.002799987792968,0.0032653808593750004,0.006233215332031,0.008377075195312," 0.00921630859375]""",0.0091552734375,0.003238677978515,0.0,0.0,0.00126838684082,8.20159912109375e-05,0.0006322860717770001,0.000327110290527,0.5050219907407401,0.5050277777777771,5.787037037037036e-06
451741062870,45174106287,0,0,1715004957,1.0,"""[0",0.0,0.0,0.0,0.0,0.0,0.0,0.0,0.0,0.0," 0]""",0.00029182434082000003,7.343292236328125e-05,0.0,0.0,0.00126838684082,0.000106811523437,0.00011920928955000001,0.00011825561523400002,0.505599922839506,0.505601466049382,1.5432098765432092e-06
451741062870,45174106287,0,0,1580323926,1.0,"""[0",0.0,0.0,0.0,0.0,0.0,0.0,0.0,0.0,0.0," 0]""",0.000309944152832,0.000154495239257,0.0,0.0,0.00126838684082,0.000106811523437,0.00011920928955000001,0.00011825561523400002,0.501588734567901,0.501589506172839,7.716049382716048e-07
451741062870,45174106287,0,0,20736936,1.0,"""[1.4305114746093752e-05",1.4305114746093752e-05,1.4305114746093752e-05,1.4305114746093752e-05,1.4305114746093752e-05,1.4305114746093752e-05,1.4305114746093752e-05,1.4305114746093752e-05,1.4305114746093752e-05,1.4305114746093752e-05," 1.4305114746093752e-05]""",0.0,0.0,0.0,0.0,0.00126838684082,0.0,9.5367431640625e-07,9.5367431640625e-07,0.5092546296296291,0.5092550154320981,3.858024691358024e-07
451741062870,45174106287,0,0,1713489854,1.0,"""[0",0.0,0.0,0.0,0.0,0.0,0.0,0.0,0.0,0.0,"0]""",0.0,0.0,0.0,0.0,0.00126838684082,0.0,9.5367431640625e-07,9.5367431640625e-07,0.5031743827160491,0.5031747685185181,3.858024691358024e-07
451741062870,45174106287,0,0,373217123543,1.0,"""[4.76837158203125e-06",4.76837158203125e-06,4.76837158203125e-06,4.76837158203125e-06,4.76837158203125e-06,4.76837158203125e-06,4.76837158203125e-06,4.76837158203125e-06,4.76837158203125e-06,4.76837158203125e-06," 4.76837158203125e-06]""",0.0,0.0,0.0,0.0,0.00126838684082,0.000115394592285,0.00013256072998000002,0.00013256072998000002,0.5035497685185181,0.503550154320987,3.858024691358024e-07
451741062870,45174106287,0,0,72026895311,1.0,"""[0",8.58306884765625e-06,0.00023746490478500002,0.000555038452148,0.000651359558105,0.001453399658203,0.0022544860839840003,0.00265884399414,0.005508422851562,0.005615234375," 0.00677490234375]""",0.00689697265625,0.002357482910156,0.0,0.0,0.00126838684082,7.724761962890625e-05,0.0005340576171870001,0.000275611877441,0.508282793209876,0.508287037037037,4.243827160493826e-06
451741062870,45174106287,0,0,198552431991,1.0,"""[0",0.0,0.0,0.0,0.0,0.0,0.0,0.0,0.0,0.0," 0]""",0.000267028808593,8.869171142578126e-05,0.0,0.0,0.00126838684082,0.000107765197753,0.000114440917968,0.000114440917968,0.500559799382716,0.500560956790123,1.157407407407407e-06
451741062870,45174106287,0,0,1715004957,1.0,"""[0",0.0,0.0,0.0,0.0,0.0,0.0,0.0,0.0,0.0,"0]""",0.0,0.0,0.0,0.0,0.00126838684082,0.000106811523437,0.000116348266601,0.000116348266601,0.501967592592592,0.50196836419753,7.716049382716048e-07
451741062870,45174106287,0,0,70609121212,1.0,"""[5.149841308593751e-05",5.149841308593751e-05,0.000290870666503,0.00063419342041,0.001991271972656,0.00235366821289,0.00271987915039,0.005867004394531,0.011032104492187,0.011383056640625002," 0.011383056640625002]""",0.011398315429687,0.005279541015625,0.0,0.0,0.00126838684082,9.441375732421876e-05,0.0008754730224600001,0.0006246566772460001,0.504050925925925,0.504054398148148,3.4722222222222215e-06
451741062870,45174106287,0,0,40486423651,1.0,"""[0",9.727478027343751e-05,0.00019359588623000002,0.001214981079101,0.001972198486328,0.002090454101562,0.003837585449218,0.005050659179687,0.005508422851562,0.005882263183593001," 0.01190185546875]""",0.011917114257812,0.003593444824218,0.0,0.0,0.00126838684082,7.62939453125e-05,0.0006980895996090001,0.000358581542968,0.5010339506172841,0.5010381944444441,4.243827160493826e-06
451741062870,45174106287,0,0,1578052391,1.0,"""[0",0.0,0.0,0.0,0.0,0.0,0.0,0.0,0.0,0.0," 0]""",0.0,0.0,0.0,0.0,0.00126838684082,0.0,9.5367431640625e-07,9.5367431640625e-07,0.5085570987654321,0.508558256172839,1.157407407407407e-06
451741062870,45174106287,0,0,21378227,1.0,"""[9.5367431640625e-07",9.5367431640625e-07,9.5367431640625e-07,9.5367431640625e-07,9.5367431640625e-07,9.5367431640625e-07,9.5367431640625e-07,9.5367431640625e-07,9.5367431640625e-07,9.5367431640625e-07," 9.5367431640625e-07]""",0.0,0.0,0.0,0.0,0.00126838684082,0.000106811523437,0.00011730194091700002,0.00011730194091700002,0.5082152777777771,0.5082156635802471,3.858024691358024e-07
451741062870,45174106287,0,0,35883119838,1.0,"""[0",0.0,0.0,0.0,0.0,0.0,0.0,0.0,0.0,0.0," 0]""",0.0,0.0,0.0,0.0,0.00126838684082,0.0,9.5367431640625e-07,9.5367431640625e-07,0.5040370370370371,0.504037422839506,3.858024691358024e-07
451741062870,45174106287,0,0,1713257708,1.0,"""[0",0.0,0.0,0.0,0.0,0.0,0.0,0.0,0.0,0.0," 0]""",0.000276565551757,8.583068847656251e-05,0.0,0.0,0.00126838684082,0.000107765197753,0.00011920928955000001,0.00011920928955000001,0.508589506172839,0.5085906635802471,1.157407407407407e-06
451741062870,45174106287,0,0,198552431991,1.0,"""[0",0.0,0.0,0.0,0.0,0.0,0.0,0.0,0.0,0.0,"0]""",0.0,0.0,0.0,0.0,0.00126838684082,0.0,9.5367431640625e-07,9.5367431640625e-07,0.500560956790123,0.500561342592592,3.858024691358024e-07
451741062870,45174106287,0,0,1376335587,1.0,"""[0",0.0,0.0,0.0,8.58306884765625e-06,2.1934509277343753e-05,3.528594970703125e-05,0.000170707702636,0.000170707702636,0.000170707702636," 0.000170707702636]""",0.0001802444458,0.00014686584472600002,0.0,0.0,0.00126838684082,0.000107765197753,0.00012016296386700001,0.00012016296386700001,0.50337461419753,0.503375385802469,7.716049382716048e-07
451741062870,45174106287,0,0,21243998,1.0,"""[9.5367431640625e-07",9.5367431640625e-07,9.5367431640625e-07,9.5367431640625e-07,9.5367431640625e-07,9.5367431640625e-07,9.5367431640625e-07,9.5367431640625e-07,9.5367431640625e-07,9.5367431640625e-07," 9.5367431640625e-07]""",0.0,0.0,0.0,0.0,0.00126838684082,0.00014114379882800002,0.00015163421630800001,0.00015163421630800001,0.505988040123456,0.5059884259259261,3.858024691358024e-07
451741062870,45174106287,0,0,1713301981,1.0,"""[0",0.0,0.0,0.0,0.0,0.0,0.0,0.0,0.0,0.0," 0]""",0.0,0.0,0.0,0.0,0.00126838684082,0.0,9.5367431640625e-07,9.5367431640625e-07,0.505028163580246,0.505028935185185,7.716049382716048e-07
451741062870,45174106287,0,0,19875185082,1.0,"""[0",0.0,0.0,0.0,0.0,0.0,0.0,0.0,0.0,0.0,"0]""",0.0,0.0,0.0,0.0,0.00126838684082,0.000106811523437,0.000115394592285,0.000115394592285,0.500511574074074,0.5005119598765431,3.858024691358024e-07
451741062870,45174106287,0,0,1578989065,1.0,"""[0",0.0,0.0,0.0,0.0,0.0,0.0,0.0,0.0,0.0," 0]""",0.0,0.0,0.0,0.0,0.00126838684082,0.0,9.5367431640625e-07,9.5367431640625e-07,0.506364583333333,0.5063653549382711,7.716049382716048e-07
451741062870,45174106287,0,0,1578052391,1.0,"""[2.7656555175781253e-05",2.7656555175781253e-05,0.00016689300537100002,0.001483917236328,0.0018310546875,0.00204849243164,0.002220153808593,0.002479553222656,0.00689697265625,0.0072021484375," 0.0072021484375]""",0.0072021484375,0.002506256103515,0.0,0.0,0.00126838684082,8.487701416015626e-05,0.00032901763916,0.00016784667968700002,0.5085528549382711,0.508556327160493,3.4722222222222215e-06
451741062870,45174106287,0,0,19882909429,1.0,"""[0",0.0,0.0,0.0,0.0,0.0,0.0,0.0,0.0,0.0," 0]""",0.00024032592773400003,8.0108642578125e-05,0.0,0.0,0.00126838684082,0.000109672546386,0.00011920928955000001,0.00011920928955000001,0.505673225308642,0.505674382716049,1.157407407407407e-06
451741062870,45174106287,0,0,19882909429,1.0,"""[1.9073486328125e-05",1.9073486328125e-05,1.9073486328125e-05,5.245208740234376e-05,7.05718994140625e-05,0.000154495239257,0.00023746490478500002,0.000255584716796,0.001453399658203,0.001453399658203," 0.001453399658203]""",0.004783630371093001,0.00126838684082,0.0,0.0,0.00126838684082,0.00010871887207,0.001201629638671,0.00039672851562500005,0.505671296296296,0.505673225308642,1.929012345679012e-06
451741062870,45174106287,0,0,20736936,1.0,"""[0",0.0,0.0,0.0,0.0,0.0,0.0,0.0,0.0,0.0," 0]""",0.001394271850585,0.000697135925292,0.0,0.0,0.00126838684082,0.000106811523437,0.00012111663818300001,0.00012111663818300001,0.509258487654321,0.5092592592592591,7.716049382716048e-07
451741062870,45174106287,0,0,1580323926,1.0,"""[2.2888183593750003e-05",9.727478027343751e-05,0.000281333923339,0.000730514526367,0.001224517822265,0.002708435058593,0.0030212402343750004,0.0031890869140620004,0.006813049316406,0.007637023925781," 0.012405395507812]""",0.012405395507812,0.003376007080078,0.0,0.0,0.00126838684082,8.296966552734376e-05,0.000524520874023,0.000259399414062,0.501584104938271,0.501588734567901,4.629629629629629e-06
451741062870,45174106287,0,0,1578052391,1.0,"""[0",0.0,0.0,0.0,0.0,0.0,0.0,0.0,0.0,0.0,"0]""",0.0,0.0,0.0,0.0,0.00126838684082,0.0,9.5367431640625e-07,9.5367431640625e-07,0.504880015432098,0.504880401234567,3.858024691358024e-07
451741062870,45174106287,0,0,72026895311,1.0,"""[0",0.0,0.0,0.0,0.0,0.0,0.0,0.0,0.0,0.0," 0]""",0.0,0.0,0.0,0.0,0.00126838684082,0.0,9.5367431640625e-07,9.5367431640625e-07,0.508287422839506,0.508288580246913,1.157407407407407e-06
451741062870,45174106287,0,0,2059626229,1.0,"""[2.2888183593750003e-05",9.727478027343751e-05,0.0009422302246090001,0.00139045715332,0.0016193389892570002,0.0028190612792960003,0.004280090332031,0.004440307617187,0.004898071289062,0.008026123046875," 0.009902954101562]""",0.009902954101562,0.0034294128417960003,0.0,0.0,0.00126838684082,7.915496826171875e-05,0.0005455017089840001,0.000308990478515,0.5031122685185181,0.5031168981481481,4.629629629629629e-06
451741062870,45174106287,0,0,1715004957,1.0,"""[0",0.0,0.0,0.0,0.0,0.0,0.0,0.0,0.0,0.0,"0]""",0.0,0.0,0.0,0.0,0.00126838684082,0.0,9.5367431640625e-07,9.5367431640625e-07,0.501958719135802,0.501959104938271,3.858024691358024e-07
451741062870,45174106287,0,0,1578052391,1.0,"""[0",0.0,0.0,0.0,0.0,0.0,0.0,0.0,0.0,0.0,"0]""",0.0,0.0,0.0,0.0,0.00126838684082,0.00010871887207,0.00011825561523400002,0.00011825561523400002,0.504880015432098,0.504880401234567,3.858024691358024e-07
451741062870,45174106287,0,0,12748959968,1.0,"""[9.5367431640625e-06",9.5367431640625e-06,9.5367431640625e-06,9.5367431640625e-06,9.5367431640625e-06,9.5367431640625e-06,9.5367431640625e-06,9.5367431640625e-06,9.5367431640625e-06,9.5367431640625e-06," 9.5367431640625e-06]""",0.0,0.0,0.0,0.0,0.00126838684082,0.0,9.5367431640625e-07,9.5367431640625e-07,0.5032214506172841,0.503221836419753,3.858024691358024e-07
451741062870,45174106287,0,0,12748959968,1.0,"""[0",0.0,0.0,0.0,0.0,0.0,0.0,0.0,0.0,0.0," 0]""",0.000248908996582,8.296966552734376e-05,0.0,0.0,0.00126838684082,0.000107765197753,0.00011825561523400002,0.00011825561523400002,0.5032276234567901,0.5032287808641971,1.157407407407407e-06
451741062870,45174106287,0,0,1713257708,1.0,"""[0",0.0,0.0,0.0,0.0,0.0,0.0,0.0,0.0,0.0," 0]""",0.0,0.0,0.0,0.0,0.00126838684082,0.0,9.5367431640625e-07,9.5367431640625e-07,0.5030609567901231,0.50306211419753,1.157407407407407e-06
451741062870,45174106287,0,0,70609121212,1.0,"""[0.000707626342773",0.0014171600341790001,0.001779556274414,0.0025787353515620004,0.00390625,0.005279541015625,0.007423400878906,0.008377075195312,0.009124755859375,0.011306762695312," 0.011337280273437]""",0.011215209960937,0.004714965820312,0.0,0.0,0.00126838684082,6.961822509765625e-05,0.000670433044433,0.00036716461181600005,0.504046682098765,0.504050925925925,4.243827160493826e-06
451741062870,45174106287,0,0,1713141410,1.0,"""[0",0.0,0.0,0.0,9.5367431640625e-07,1.9073486328125e-06,2.86102294921875e-06,2.86102294921875e-06,3.814697265625e-06,3.814697265625e-06," 3.814697265625e-06]""",0.0,0.0,0.0,0.0,0.00126838684082,0.0,9.5367431640625e-07,9.5367431640625e-07,0.5066539351851851,0.506655092592592,1.157407407407407e-06
451741062870,45174106287,0,0,151919107,1.0,"""[9.5367431640625e-06",9.5367431640625e-06,9.5367431640625e-06,9.5367431640625e-06,9.5367431640625e-06,9.5367431640625e-06,9.5367431640625e-06,9.5367431640625e-06,9.5367431640625e-06,9.5367431640625e-06," 9.5367431640625e-06]""",0.0,0.0,0.0,0.0,0.00126838684082,0.0,1.9073486328125e-06,1.9073486328125e-06,0.50178125,0.501781635802469,3.858024691358024e-07
451741062870,45174106287,0,0,104792148940,1.0,"""[0",0.0,0.0,0.0,0.0,0.0,0.0,0.0,0.0,0.0," 0]""",0.0,0.0,0.0,0.0,0.00126838684082,0.0,9.5367431640625e-07,9.5367431640625e-07,0.5084922839506171,0.508493055555555,7.716049382716048e-07
451741062870,45174106287,0,0,1713141410,1.0,"""[0",0.0,0.0,0.0,0.0,0.0,0.0,0.0,0.0,0.0," 0]""",0.0,0.0,0.0,0.0,0.00126838684082,0.0,9.5367431640625e-07,9.5367431640625e-07,0.501384259259259,0.5013850308641971,7.716049382716048e-07
451741062870,45174106287,0,0,1578989065,1.0,"""[0",0.0,0.0,0.0,0.0,0.0,0.0,0.0,0.0,0.0," 0]""",0.0,0.0,0.0,0.0,0.00126838684082,0.000107765197753,0.0,0.0,0.5063653549382711,0.50636574074074,3.858024691358024e-07
451741062870,45174106287,0,0,273020841744,1.0,"""[0.000160217285156",0.00034332275390600004,0.000555038452148,0.0006027221679680001,0.0019454956054680002,0.002246856689453,0.0025444030761710003,0.0025901794433590003,0.0038490295410150005,0.007026672363281," 0.010223388671875]""",0.010223388671875,0.002460479736328,0.0,0.0,0.00126838684082,7.82012939453125e-05,0.0007247924804680001,0.000472068786621,0.50000424382716,0.5000111882716051,6.944444444444443e-06
451741062870,45174106287,0,0,1713301981,1.0,"""[0",0.0,0.0,0.0,0.0,0.0,0.0,0.0,0.0,0.0,"0]""",0.0,0.0,0.0,0.0,0.00126838684082,0.000106811523437,0.000116348266601,0.000116348266601,0.505028935185185,0.5050293209876541,3.858024691358024e-07
451741062870,45174106287,0,0,273020841744,1.0,"""[0",0.0,0.0,0.0,1.9073486328125e-06,5.7220458984375e-06,9.5367431640625e-06,1.1444091796875002e-05,1.1444091796875002e-05,1.1444091796875002e-05," 1.1444091796875002e-05]""",0.0,0.0,0.0,0.0,0.00126838684082,0.0,9.5367431640625e-07,9.5367431640625e-07,0.500011574074074,0.5000127314814811,1.157407407407407e-06
451741062870,45174106287,0,0,104792148940,1.0,"""[0",0.0,0.0,0.0,0.0,0.0,0.0,0.0,0.0,0.0,"0]""",0.0,0.0,0.0,0.0,0.00126838684082,0.000107765197753,0.000125885009765,0.000125885009765,0.508493055555555,0.508493441358024,3.858024691358024e-07
451741062870,45174106287,0,0,198552431991,1.0,"""[0.002845764160156",0.002845764160156,0.002845764160156,0.002845764160156,0.002845764160156,0.00567626953125,0.008499145507812,0.008499145507812,0.008499145507812,0.008499145507812," 0.008499145507812]""",0.008499145507812,0.00567626953125,0.0,0.0,0.00126838684082,0.0,0.000160217285156,8.392333984375001e-05,0.500561342592592,0.50056211419753,7.716049382716048e-07
451741062870,45174106287,0,0,21378227,1.0,"""[0",0.0,0.0,0.0,0.0,0.0,0.0,0.0,0.0,0.0," 0]""",0.00028610229492100005,0.00014305114746000002,0.0,0.0,0.00126838684082,0.000106811523437,0.00011825561523400002,0.00011825561523400002,0.508214506172839,0.5082152777777771,7.716049382716048e-07
451741062870,45174106287,0,0,382797076623,1.0,"""[0",0.0,0.0,0.0,0.0,0.0,0.0,0.0,0.0,0.0," 0]""",0.0,0.0,0.0,0.0,0.00126838684082,0.0,9.5367431640625e-07,9.5367431640625e-07,0.5051520061728391,0.505152391975308,3.858024691358024e-07
451741062870,45174106287,0,0,19875185082,1.0,"""[0",0.0,0.0,0.0,0.0,0.0,0.0,0.0,0.0,0.0,"0]""",0.0,0.0,0.0,0.0,0.00126838684082,0.0,9.5367431640625e-07,9.5367431640625e-07,0.500511574074074,0.5005119598765431,3.858024691358024e-07
451741062870,45174106287,0,0,1578052391,1.0,"""[0",0.0,0.0,0.0,1.9073486328125e-06,3.814697265625e-06,6.67572021484375e-06,8.58306884765625e-06,8.58306884765625e-06,8.58306884765625e-06," 8.58306884765625e-06]""",0.0,0.0,0.0,0.0,0.00126838684082,0.0,9.5367431640625e-07,9.5367431640625e-07,0.50487924382716,0.504880015432098,7.716049382716048e-07
451741062870,45174106287,0,0,2059474546,1.0,"""[0",0.0,0.0,0.0,0.0,0.0,0.0,0.0,0.0,0.0," 0]""",0.000246047973632,0.000123023986816,0.0,0.0,0.00126838684082,0.000107765197753,0.00011920928955000001,0.00011920928955000001,0.508503858024691,0.5085046296296291,7.716049382716048e-07
451741062870,45174106287,0,0,1579711803,1.0,"""[0",0.0,0.0,0.0,0.0,6.67572021484375e-06,1.3351440429687502e-05,1.3351440429687502e-05,1.3351440429687502e-05,1.3351440429687502e-05," 1.3351440429687502e-05]""",0.0,0.0,0.0,0.0,0.00126838684082,0.0,9.5367431640625e-07,9.5367431640625e-07,0.50291512345679,0.5029158950617281,7.716049382716048e-07
451741062870,45174106287,0,0,198552431991,1.0,"""[0",0.0,0.0,0.0,0.0,0.0,0.0,0.0,0.0,0.0,"0]""",0.0,0.0,0.0,0.0,0.00126838684082,0.000107765197753,0.000113487243652,0.000113487243652,0.500560956790123,0.500561342592592,3.858024691358024e-07
451741062870,45174106287,0,0,2059474546,1.0,"""[0",0.0,6.580352783203125e-05,0.00017642974853500002,0.000308036804199,0.0007705688476560001,0.00235366821289,0.003936767578125,0.005126953125,0.007278442382812," 0.008560180664062]""",0.008575439453125,0.002471923828125,0.0,0.0,0.00126838684082,8.678436279296876e-05,0.00032615661621000004,0.00017261505126900002,0.508500385802469,0.508503858024691,3.4722222222222215e-06
451741062870,45174106287,0,0,2059474546,1.0,"""[1.1444091796875002e-05",1.1444091796875002e-05,1.1444091796875002e-05,1.1444091796875002e-05,1.1444091796875002e-05,1.1444091796875002e-05,1.1444091796875002e-05,1.1444091796875002e-05,1.1444091796875002e-05,1.1444091796875002e-05," 1.1444091796875002e-05]""",0.0,0.0,0.0,0.0,0.00126838684082,0.0,9.5367431640625e-07,9.5367431640625e-07,0.5085000000000001,0.508500385802469,3.858024691358024e-07
451741062870,45174106287,0,0,1713301981,1.0,"""[0",0.0,0.0,0.0,0.0,0.0,0.0,0.0,0.0,0.0,"0]""",0.0,0.0,0.0,0.0,0.00126838684082,0.0,9.5367431640625e-07,9.5367431640625e-07,0.505028935185185,0.5050293209876541,3.858024691358024e-07
451741062870,45174106287,0,0,198556190123,1.0,"""[0",9.059906005859376e-05,0.00010395050048800001,0.00011730194091700002,0.00013160705566400002,0.000186920166015,0.00031280517578100004,0.000699996948242,0.002094268798828,0.002918243408203," 0.006332397460937]""",0.006332397460937,0.0009384155273430001,0.0,0.0,0.00126838684082,9.059906005859376e-05,0.00041389465332000003,0.00033187866210900003,0.501079861111111,0.5010941358024691,1.4274691358024692e-05
451741062870,45174106287,0,0,143876865086,1.0,"""[0",0.0,0.0,0.0,0.0,0.0,0.0,0.0,0.0,0.0," 0]""",0.0,0.0,0.0,0.0,0.00126838684082,0.0,9.5367431640625e-07,9.5367431640625e-07,0.502287422839506,0.5022881944444441,7.716049382716048e-07
451741062870,45174106287,0,0,1713141410,1.0,"""[0",0.0,0.0,0.0,0.0,0.0,0.0,0.0,0.0,0.0," 0]""",0.0016536712646480001,0.00041389465332000003,0.0,0.0,0.00126838684082,0.00010871887207,0.00012111663818300001,0.00012111663818300001,0.506653549382716,0.506655092592592,1.5432098765432092e-06
451741062870,45174106287,0,0,1713141410,1.0,"""[3.24249267578125e-05",9.727478027343751e-05,0.0009422302246090001,0.001567840576171,0.001665115356445,0.003345489501953,0.005126953125,0.006202697753906,0.006683349609375001,0.008987426757812," 0.009506225585937]""",0.009506225585937,0.00351333618164,0.0,0.0,0.00126838684082,7.915496826171875e-05,0.0005578994750970001,0.00027275085449200004,0.506648533950617,0.506653549382716,5.015432098765432e-06
451741062870,45174106287,0,0,21243998,1.0,"""[0",0.0,0.0,0.0,0.0,0.0,0.0,0.0,0.0,0.0," 0]""",0.00022792816162100002,7.534027099609375e-05,0.0,0.0,0.00126838684082,0.00014114379882800002,0.000152587890625,0.000152587890625,0.5059868827160491,0.505988040123456,1.157407407407407e-06
451741062870,45174106287,0,0,151919107,1.0,"""[0",0.0,0.0,0.0,0.0,0.0,0.0,0.0,0.0,0.0," 0]""",0.0,0.0,0.0,0.0,0.00126838684082,0.0,1.9073486328125e-06,1.9073486328125e-06,0.501781635802469,0.501782021604938,3.858024691358024e-07
451741062870,45174106287,0,0,1715004957,1.0,"""[0",2.3841857910156253e-05,9.727478027343751e-05,0.00045394897460900003,0.0010738372802730001,0.002311706542968,0.00250244140625,0.002979278564453,0.003559112548828,0.006988525390625001," 0.009384155273437]""",0.009368896484375,0.002655029296875,0.0,0.0,0.00126838684082,8.0108642578125e-05,0.000608444213867,0.00038719177246000004,0.501959104938271,0.501966820987654,7.71604938271605e-06
451741062870,45174106287,0,0,1580323926,1.0,"""[0",0.0,0.0,0.0,0.0,0.0,0.0,0.0,0.0,0.0,"0]""",0.0,0.0,0.0,0.0,0.00126838684082,0.000106811523437,0.00011730194091700002,0.00011730194091700002,0.501589506172839,0.501589891975308,3.858024691358024e-07
451741062870,45174106287,0,0,104792148940,1.0,"""[0.0006790161132810001",0.0006790161132810001,0.0007400512695310001,0.001483917236328,0.0015239715576170001,0.002265930175781,0.0038909912109370004,0.003929138183593001,0.004776000976562,0.007247924804687," 0.007247924804687]""",0.007247924804687,0.002784729003906,0.0,0.0,0.00126838684082,8.583068847656251e-05,0.00043487548828100004,0.00021362304687500003,0.508488040123456,0.508491512345679,3.4722222222222215e-06
451741062870,45174106287,0,0,1578989065,1.0,"""[0",0.0,0.0,0.0,8.58306884765625e-06,2.1934509277343753e-05,3.528594970703125e-05,0.00019264221191400002,0.00019264221191400002,0.00019264221191400002," 0.00019264221191400002]""",0.00021266937255800001,7.05718994140625e-05,0.0,0.0,0.00126838684082,0.000107765197753,0.00011825561523400002,0.00011730194091700002,0.506364197530864,0.5063653549382711,1.157407407407407e-06
451741062870,45174106287,0,0,198556190123,1.0,"""[0",0.0,0.0,0.0,9.5367431640625e-07,9.5367431640625e-07,9.5367431640625e-07,9.5367431640625e-07,1.9073486328125e-06,1.9073486328125e-06," 1.9073486328125e-06]""",0.0032463073730460003,0.0006494522094720001,0.0,0.0,0.00126838684082,2.7656555175781253e-05,3.814697265625e-05,3.719329833984375e-05,0.50109799382716,0.501099922839506,1.929012345679012e-06
451741062870,45174106287,0,0,21378227,1.0,"""[0",0.0,0.0,0.0,0.0,0.0,0.0,0.0,0.0,0.0," 0]""",0.0,0.0,0.0,0.0,0.00126838684082,0.0,9.5367431640625e-07,9.5367431640625e-07,0.508214891975308,0.5082152777777771,3.858024691358024e-07
451741062870,45174106287,0,0,1640208836,1.0,"""[5.7220458984375e-06",1.71661376953125e-05,7.05718994140625e-05,0.000127792358398,0.00132942199707,0.001651763916015,0.002017974853515,0.0020751953125,0.002616882324218,0.0038185119628900005," 0.005912780761718001]""",0.005912780761718001,0.00166893005371,0.0,0.0,0.00126838684082,6.961822509765625e-05,0.00044536590576100003,0.00023841857910100002,0.502637731481481,0.50264274691358,5.015432098765432e-06
451741062870,45174106287,0,0,2059474546,1.0,"""[0",0.0,0.0,0.0,0.0,0.0,0.0,0.0,0.0,0.0,"0]""",0.0,0.0,0.0,0.0,0.00126838684082,0.000107765197753,0.00011920928955000001,0.00011920928955000001,0.5085046296296291,0.508505015432098,3.858024691358024e-07
451741062870,45174106287,0,0,1715004957,1.0,"""[0",0.0,0.0,0.0,0.0,0.0,0.0,0.0,0.0,0.0," 0]""",0.0,0.0,0.0,0.0,0.00126838684082,0.0,9.5367431640625e-07,9.5367431640625e-07,0.501967592592592,0.50196836419753,7.716049382716048e-07
451741062870,45174106287,0,0,20736936,1.0,"""[0",0.0,0.0,0.0,0.0,0.0,0.0,0.0,0.0,0.0," 0]""",0.0,0.0,0.0,0.0,0.00126838684082,0.0,9.5367431640625e-07,9.5367431640625e-07,0.5092592592592591,0.509260030864197,7.716049382716048e-07
451741062870,45174106287,0,0,198556190123,1.0,"""[0",0.0,0.0,0.0,0.0,0.0,0.0,0.0,0.0,0.0,"0]""",0.0,0.0,0.0,0.0,0.00126838684082,0.00014305114746000002,0.000149726867675,0.000149726867675,0.5010956790123451,0.5010960648148141,3.858024691358024e-07
451741062870,45174106287,0,0,198556190123,1.0,"""[0.007034301757812",0.007034301757812,0.007034301757812,0.007034301757812,0.007034301757812,0.008132934570312,0.009231567382812,0.009231567382812,0.009231567382812,0.009231567382812," 0.009231567382812]""",0.009231567382812,0.004104614257812,0.0,0.0,0.00126838684082,2.7656555175781253e-05,0.00021457672119100003,9.441375732421876e-05,0.5010956790123451,0.501096836419753,1.157407407407407e-06
451741062870,45174106287,0,0,12748959968,1.0,"""[5.340576171875001e-05",7.05718994140625e-05,0.0008144378662100001,0.0015182495117180002,0.0026397705078120004,0.003059387207031,0.003105163574218,0.004531860351562,0.00506591796875,0.008514404296875," 0.010833740234375]""",0.010833740234375,0.0034446716308590003,0.0,0.0,0.00126838684082,8.487701416015626e-05,0.000682830810546,0.00033473968505800004,0.503221836419753,0.5032276234567901,5.787037037037036e-06
451741062870,45174106287,0,0,19875185082,1.0,"""[0",0.0,0.0,0.0,0.0,0.0,0.0,0.0,0.0,0.0," 0]""",0.000493049621582,0.00010490417480400001,0.0,0.0,0.00126838684082,0.000106811523437,0.000116348266601,0.000116348266601,0.500510802469135,0.500511574074074,7.716049382716048e-07
451741062870,45174106287,0,0,1578052391,1.0,"""[0",0.0,0.0,0.0,0.0,0.0,0.0,0.0,0.0,0.0," 0]""",0.0018482208251950002,0.000370025634765,0.0,0.0,0.00126838684082,0.000107765197753,0.00012016296386700001,0.00011920928955000001,0.508556327160493,0.508558256172839,1.929012345679012e-06
451741062870,45174106287,0,0,1578052391,1.0,"""[1.0490417480468752e-05",1.0490417480468752e-05,1.0490417480468752e-05,1.0490417480468752e-05,1.0490417480468752e-05,1.0490417480468752e-05,1.0490417480468752e-05,1.0490417480468752e-05,1.0490417480468752e-05,1.0490417480468752e-05," 1.0490417480468752e-05]""",0.0,0.0,0.0,0.0,0.00126838684082,0.0,9.5367431640625e-07,9.5367431640625e-07,0.5048703703703701,0.504870756172839,3.858024691358024e-07
451741062870,45174106287,0,0,198552431991,1.0,"""[0",0.0,0.0,0.0,0.0,4.76837158203125e-06,8.58306884765625e-06,8.58306884765625e-06,8.58306884765625e-06,8.58306884765625e-06," 8.58306884765625e-06]""",0.0,0.0,0.0,0.0,0.00126838684082,0.0,9.5367431640625e-07,9.5367431640625e-07,0.500560570987654,0.500560956790123,3.858024691358024e-07
451741062870,45174106287,0,0,198556190123,1.0,"""[0",0.0,0.0,0.0,0.0,1.9073486328125e-06,4.76837158203125e-06,4.76837158203125e-06,4.76837158203125e-06,4.76837158203125e-06," 4.76837158203125e-06]""",0.0,0.0,0.0,0.0,0.00126838684082,0.0,9.5367431640625e-07,9.5367431640625e-07,0.5010945216049381,0.501094907407407,3.858024691358024e-07
451741062870,45174106287,0,0,1578052391,1.0,"""[0",0.0,0.0,0.0,0.0,0.0,0.0,0.0,0.0,0.0," 0]""",0.00035381317138600003,8.869171142578126e-05,0.0,0.0,0.00126838684082,0.000106811523437,0.00011920928955000001,0.00011825561523400002,0.5011199845679011,0.5011215277777771,1.5432098765432092e-06
451741062870,45174106287,0,0,1578052391,1.0,"""[0",0.0,0.0,0.0,0.0,0.0,0.0,0.0,0.0,0.0,"0]""",0.0,0.0,0.0,0.0,0.00126838684082,0.000107765197753,0.00011825561523400002,0.00011825561523400002,0.508558256172839,0.5085586419753081,3.858024691358024e-07
451741062870,45174106287,0,0,1713257708,1.0,"""[0",0.0,0.0,0.0,0.0,4.76837158203125e-06,9.5367431640625e-06,9.5367431640625e-06,9.5367431640625e-06,9.5367431640625e-06," 9.5367431640625e-06]""",0.0,0.0,0.0,0.0,0.00126838684082,0.0,9.5367431640625e-07,9.5367431640625e-07,0.508590277777777,0.5085906635802471,3.858024691358024e-07
451741062870,45174106287,0,0,1713257708,1.0,"""[1.2397766113281252e-05",1.2397766113281252e-05,1.2397766113281252e-05,1.2397766113281252e-05,1.2397766113281252e-05,1.2397766113281252e-05,1.2397766113281252e-05,1.2397766113281252e-05,1.2397766113281252e-05,1.2397766113281252e-05," 1.2397766113281252e-05]""",0.0,0.0,0.0,0.0,0.00126838684082,0.0,9.5367431640625e-07,9.5367431640625e-07,0.5030547839506171,0.5030551697530861,3.858024691358024e-07
451741062870,45174106287,0,0,21378227,1.0,"""[6.961822509765625e-05",0.00019359588623000002,0.00069522857666,0.00177001953125,0.002052307128906,0.0027313232421870004,0.0031890869140620004,0.004219055175781,0.006439208984375001,0.006500244140625001," 0.010116577148437]""",0.010116577148437,0.003257751464843,0.0,0.0,0.00126838684082,8.20159912109375e-05,0.000761032104492,0.00039577484130800004,0.5082091049382711,0.508214506172839,5.4012345679012335e-06
451741062870,45174106287,0,0,1713489854,1.0,"""[1.52587890625e-05",1.52587890625e-05,2.9563903808593753e-05,8.773803710937501e-05,0.00019836425781200002,0.0007705688476560001,0.001827239990234,0.00235366821289,0.002861022949218,0.0059814453125," 0.008575439453125]""",0.008575439453125,0.002017974853515,0.0,0.0,0.00126838684082,7.43865966796875e-05,0.00036239624023400003,0.00016784667968700002,0.5031697530864191,0.5031732253086421,3.4722222222222215e-06
451741062870,45174106287,0,0,1715004957,1.0,"""[0",0.0,0.0,0.0,0.0,0.0,0.0,0.0,0.0,0.0," 0]""",0.0,0.0,0.0,0.0,0.00126838684082,0.0,9.5367431640625e-07,9.5367431640625e-07,0.5019672067901231,0.501967592592592,3.858024691358024e-07
451741062870,45174106287,0,0,383868866699,1.0,"""[1.52587890625e-05",1.811981201171875e-05,5.245208740234376e-05,0.000144958496093,0.00023746490478500002,0.0009469985961910001,0.0012588500976560002,0.0024528503417960003,0.004043579101562,0.005714416503906," 0.008651733398437]""",0.008636474609375,0.0025749206542960003,0.0,0.0,0.00126838684082,7.534027099609375e-05,0.000371932983398,0.00020217895507800002,0.502099151234567,0.50210262345679,3.4722222222222215e-06
451741062870,45174106287,0,0,21243998,1.0,"""[0",0.0,0.0,0.0,0.0,0.0,0.0,0.0,0.0,0.0," 0]""",0.0,0.0,0.0,0.0,0.00126838684082,0.0,9.5367431640625e-07,9.5367431640625e-07,0.50220061728395,0.5022017746913581,1.157407407407407e-06
451741062870,45174106287,0,0,20143010143,1.0,"""[0",0.0,0.0,0.0,0.0,0.0,0.0,0.0,0.0,0.0," 0]""",0.0,0.0,0.0,0.0,0.00126838684082,0.0,9.5367431640625e-07,9.5367431640625e-07,0.5073016975308641,0.5073032407407401,1.5432098765432092e-06
451741062870,45174106287,0,0,20736936,1.0,"""[0",0.0,2.1934509277343753e-05,6.580352783203125e-05,0.0005941390991210001,0.001123428344726,0.001276016235351,0.002994537353515,0.005462646484375,0.006439208984375001," 0.00653076171875]""",0.00653076171875,0.0019798278808590003,0.0,0.0,0.00126838684082,8.392333984375001e-05,0.000340461730957,0.00018978118896400002,0.5092550154320981,0.509258487654321,3.4722222222222215e-06
451741062870,45174106287,0,0,2059626229,1.0,"""[0",0.0,0.0,0.0,0.0,0.0,0.0,0.0,0.0,0.0," 0]""",0.0,0.0,0.0,0.0,0.00126838684082,0.0,9.5367431640625e-07,9.5367431640625e-07,0.5031172839506171,0.503118055555555,7.716049382716048e-07
451741062870,45174106287,0,0,1713257708,1.0,"""[0",0.0,0.0,0.0,0.0,0.0,0.0,0.0,0.0,0.0," 0]""",0.00026798248291,6.67572021484375e-05,0.0,0.0,0.00126838684082,0.000106811523437,0.00011730194091700002,0.00011730194091700002,0.503060570987654,0.50306211419753,1.5432098765432092e-06
451741062870,45174106287,0,0,72026895311,1.0,"""[0",0.0,0.0,0.0,0.0,0.0,0.0,0.0,0.0,0.0," 0]""",0.0,0.0,0.0,0.0,0.00126838684082,0.0,9.5367431640625e-07,9.5367431640625e-07,0.508288580246913,0.508288966049382,3.858024691358024e-07
451741062870,45174106287,0,0,21378227,1.0,"""[0",0.0,0.0,0.0,0.0,0.0,0.0,0.0,0.0,0.0," 0]""",0.0,0.0,0.0,0.0,0.00126838684082,0.0,9.5367431640625e-07,9.5367431640625e-07,0.5082152777777771,0.5082156635802471,3.858024691358024e-07
451741062870,45174106287,0,0,373217123543,1.0,"""[1.71661376953125e-05",0.000123023986816,0.0012588500976560002,0.002616882324218,0.00286865234375,0.004249572753906,0.0050048828125,0.0086669921875,0.010330200195312,0.012725830078125002," 0.01287841796875]""",0.012863159179687,0.005523681640625,0.0,0.0,0.00126838684082,8.678436279296876e-05,0.000860214233398,0.00046634674072200004,0.503542438271604,0.50354899691358,6.558641975308642e-06
451741062870,45174106287,0,0,19882909429,1.0,"""[0",0.0,0.0,0.0,0.0,0.0,0.0,0.0,0.0,0.0,"0]""",0.0,0.0,0.0,0.0,0.00126838684082,0.0,9.5367431640625e-07,9.5367431640625e-07,0.505674382716049,0.505674768518518,3.858024691358024e-07
451741062870,45174106287,0,0,1579711803,1.0,"""[0",0.001161575317382,0.001708984375,0.002079010009765,0.002273559570312,0.004508972167968001,0.005760192871093001,0.006057739257812,0.00994873046875,0.010360717773437," 0.01177978515625]""",0.011795043945312,0.004798889160156,0.0,0.0,0.00126838684082,7.82012939453125e-05,0.0008268356323240001,0.00033378601074200004,0.5029158950617281,0.502921296296296,5.4012345679012335e-06
451741062870,45174106287,0,0,198556190123,1.0,"""[0",0.0,0.0,0.0,0.0,0.0,0.0,0.0,0.0,0.0," 0]""",0.000358581542968,8.964538574218751e-05,0.0,0.0,0.00126838684082,0.00014305114746000002,0.00015163421630800001,0.00015068054199200001,0.5010941358024691,0.5010956790123451,1.5432098765432092e-06
451741062870,45174106287,0,0,198556190123,1.0,"""[6.67572021484375e-06",6.67572021484375e-06,6.67572021484375e-06,6.67572021484375e-06,6.67572021484375e-06,6.67572021484375e-06,6.67572021484375e-06,6.67572021484375e-06,6.67572021484375e-06,6.67572021484375e-06," 6.67572021484375e-06]""",0.0,0.0,0.0,0.0,0.00126838684082,0.0,9.5367431640625e-07,9.5367431640625e-07,0.501079475308641,0.501079861111111,3.858024691358024e-07
451741062870,45174106287,0,0,21285495,1.0,"""[0",0.0,0.0,0.0,0.0,0.0,0.0,0.0,0.0,0.0," 0]""",0.0,0.0,0.0,0.0,0.00126838684082,0.000106811523437,0.00011825561523400002,0.00011825561523400002,0.5066311728395061,0.5066315586419751,3.858024691358024e-07
451741062870,45174106287,0,0,21285495,1.0,"""[0",0.0,0.0,0.0,0.0,0.0,0.0,0.0,0.0,0.0," 0]""",0.00033473968505800004,5.531311035156251e-05,0.0,0.0,0.00126838684082,0.000106811523437,0.00012111663818300001,0.00012016296386700001,0.506628858024691,0.5066311728395061,2.314814814814814e-06
451741062870,45174106287,0,0,21243998,1.0,"""[9.536743164062501e-05",0.00030422210693300004,0.0007839202880850001,0.001087188720703,0.001214981079101,0.001871109008789,0.005142211914062,0.006278991699218001,0.007293701171875001,0.00921630859375," 0.013702392578125002]""",0.013702392578125002,0.004119873046875,0.0,0.0,0.00126838684082,8.869171142578126e-05,0.00078010559082,0.00040531158447200004,0.502192129629629,0.502199074074074,6.944444444444443e-06
451741062870,45174106287,0,0,1580323926,1.0,"""[0",0.0,0.0,0.0,0.0,0.0,0.0,0.0,0.0,0.0," 0]""",0.0,0.0,0.0,0.0,0.00126838684082,0.0,9.5367431640625e-07,9.5367431640625e-07,0.5015891203703701,0.501589891975308,7.716049382716048e-07
451741062870,45174106287,0,0,273020841744,1.0,"""[0",0.0,0.0,0.0,0.0,0.0,0.0,0.0,0.0,0.0," 0]""",0.0005111694335930001,0.000109672546386,0.0,0.0,0.00126838684082,0.000106811523437,0.00012016296386700001,0.00012016296386700001,0.5000111882716051,0.5000127314814811,1.5432098765432092e-06
451741062870,45174106287,0,0,1713301981,1.0,"""[0",0.0,0.0,0.0,0.0,0.0,0.0,0.0,0.0,0.0," 0]""",0.000329971313476,8.583068847656251e-05,0.0,0.0,0.00126838684082,0.000106811523437,0.00011730194091700002,0.00011730194091700002,0.5050277777777771,0.505028935185185,1.157407407407407e-06
451741062870,45174106287,0,0,1715004957,1.0,"""[2.3841857910156253e-05",0.00010108947753900001,0.00020217895507800002,0.0006561279296870001,0.001550674438476,0.00204849243164,0.002983093261718,0.005462646484375,0.005523681640625,0.006492614746093001," 0.008529663085937]""",0.008529663085937,0.0029869079589840003,0.0,0.0,0.00126838684082,7.915496826171875e-05,0.000529289245605,0.000226020812988,0.5055949074074071,0.505599922839506,5.015432098765432e-06
451741062870,45174106287,0,0,21285495,1.0,"""[0",0.0,0.0,2.86102294921875e-06,4.76837158203125e-06,7.62939453125e-06,1.0490417480468752e-05,1.2397766113281252e-05,1.52587890625e-05,1.52587890625e-05," 1.52587890625e-05]""",0.0,0.0,0.0,0.0,0.00126838684082,0.0,9.5367431640625e-07,9.5367431640625e-07,0.50662924382716,0.5066311728395061,1.929012345679012e-06
451741062870,45174106287,0,0,382797076623,1.0,"""[3.337860107421875e-05",0.0001220703125,0.00015735626220700002,0.00020694732666000002,0.000505447387695,0.0005722045898430001,0.000669479370117,0.0011978149414060002,0.0019283294677730001,0.003009796142578," 0.011123657226562]""",0.0111083984375,0.001224517822265,0.0,0.0,0.00126838684082,8.678436279296876e-05,0.000883102416992,0.000615119934082,0.5051261574074071,0.5051516203703701,2.546296296296296e-05
