UniqJobId,collection_id,instance_index,priority,machine_id,sample_rate,cpu_usage_distribution1,cpu_usage_distribution2,cpu_usage_distribution3,cpu_usage_distribution4,cpu_usage_distribution5,cpu_usage_distribution6,cpu_usage_distribution7,cpu_usage_distribution8,cpu_usage_distribution9,cpu_usage_distribution10,cpu_usage_distribution11,max_cpu,avg_cpu,cycles_per_instruction,memory_accesses_per_instruction,assigned_memory,page_cache_memory,max_memory,avg_memory,start_time,end_time,time_window
500623652815,5006236528,15,0,1579782803,1.0,"""[0.000112533569335",0.000126838684082,0.000148773193359,0.000174522399902,0.0007047653198240001,0.0028381347656250004,0.003543853759765,0.004226684570312,0.005050659179687,0.006034851074218001," 0.008010864257812]""",0.011749267578125002,0.0027008056640620004,2.158074617385864,0.004653290845453,0.00390625,0.00038433074951100003,0.002311706542968,0.001781463623046,0.5001157407407401,0.500231481481481,0.00011574074074
500623652815,5006236528,15,0,1579782803,1.0,"""[0.00010871887207",0.00013351440429600002,0.00016403198242100002,0.001651763916015,0.0030364990234370004,0.0034637451171870004,0.0037879943847650005,0.004234313964843001,0.004669189453125,0.005531311035156," 0.007598876953125001]""",0.007591247558593001,0.00299072265625,6.099441528320312,0.027067460119724003,0.00390625,0.00038337707519500003,0.002033233642578,0.001766204833984,0.504976851851851,0.5050925925925921,0.00011574074074
500623652815,5006236528,15,0,1579782803,1.0,"""[0.000123023986816",0.000140190124511,0.00015830993652300002,0.00017642974853500002,0.0018939971923820002,0.00457763671875,0.006515502929687,0.007743835449218001,0.007965087890625,0.008087158203125," 0.008544921875]""",0.008544921875,0.004173278808593001,6.467290878295898,0.027051283046603,0.00390625,0.00038433074951100003,0.00210952758789,0.0017452239990230001,0.508912037037037,0.5090277777777771,0.00011574074074
500623652815,5006236528,15,0,1579782803,1.0,"""[0.00012111663818300001",0.00015830993652300002,0.000297546386718,0.0030937194824210003,0.004661560058593001,0.006317138671875001,0.007156372070312,0.007705688476562,0.007919311523437,0.008087158203125," 0.009445190429687]""",0.011749267578125002,0.004951477050781,1.726263999938964,0.003916948102414,0.00390625,0.00038433074951100003,0.002174377441406,0.0018062591552730001,0.5090277777777771,0.509143518518518,0.00011574074074
500623652815,5006236528,15,0,1579782803,1.0,"""[0.000123977661132",0.000140190124511,0.00015735626220700002,0.000175476074218,0.0030822753906250004,0.005020141601562,0.006248474121093001,0.00775146484375,0.00799560546875,0.008148193359375," 0.008621215820312]""",0.00860595703125,0.004318237304687,2.145716428756713,0.0044192322529850005,0.00390625,0.00038433074951100003,0.00198745727539,0.0017757415771480001,0.50324074074074,0.503356481481481,0.00011574074074
500623652815,5006236528,15,0,1579782803,1.0,"""[0.00011730194091700002",0.000126838684082,0.00013732910156200002,0.000152587890625,0.00016689300537100002,0.00021171569824200001,0.0035057067871090003,0.007499694824218001,0.0079345703125,0.008102416992187," 0.009979248046875]""",0.018646240234375,0.00314712524414,1.691145062446594,0.0033943082671610003,0.00390625,0.00038337707519500003,0.0020256042480460003,0.0016460418701170001,0.503356481481481,0.503472222222222,0.00011574074074
500623652815,5006236528,15,0,1579782803,1.0,"""[0.00012016296386700001",0.000523567199707,0.004402160644531,0.00543212890625,0.006912231445312,0.007431030273437,0.007667541503906,0.007843017578125,0.007980346679687,0.008087158203125," 0.008819580078125]""",0.009017944335937,0.006118774414062,5.9332594871521,0.025333654135465,0.00390625,0.00038337707519500003,0.002113342285156,0.0018291473388670001,0.507291666666666,0.5074074074074071,0.00011574074074
500623652815,5006236528,15,0,1579782803,1.0,"""[0.000112533569335",0.00012111663818300001,0.000129699707031,0.000140190124511,0.00015163421630800001,0.00016307830810500002,0.000174522399902,0.000299453735351,0.00457763671875,0.007423400878906," 0.00830078125]""",0.011932373046875002,0.0018234252929680002,1.713361978530883,0.004778219386935001,0.00390625,0.00038433074951100003,0.00201416015625,0.0017108917236320002,0.503819444444444,0.503935185185185,0.00011574074074
500623652815,5006236528,15,0,1579782803,1.0,"""[0.000114440917968",0.00013256072998000002,0.000154495239257,0.000175476074218,0.001346588134765,0.004081726074218001,0.005958557128906,0.007331848144531,0.007736206054687,0.00799560546875," 0.008438110351562]""",0.015838623046875,0.003974914550781,1.278076410293579,0.002950782654806,0.00390625,0.00038528442382800005,0.002201080322265,0.0018482208251950002,0.5078703703703701,0.507986111111111,0.00011574074074
500623652815,5006236528,15,0,1579782803,1.0,"""[0.00011825561523400002",0.000128746032714,0.000139236450195,0.00015068054199200001,0.00016212463378900002,0.00017356872558500002,0.000257492065429,0.004104614257812,0.006271362304687,0.007804870605468001," 0.008331298828125]""",0.008255004882812,0.002307891845703,2.120390892028808,0.005522685591131,0.00390625,0.00038433074951100003,0.002090454101562,0.00164794921875,0.502199074074074,0.502314814814814,0.00011574074074
500623652815,5006236528,15,0,1579782803,1.0,"""[0.00011920928955000001",0.00013160705566400002,0.000140190124511,0.000148773193359,0.00015640258789,0.000164985656738,0.00017356872558500002,0.000216484069824,0.002861022949218,0.006912231445312," 0.00830078125]""",0.008285522460937,0.0014419555664060002,2.315299749374389,0.0063810599967830004,0.00390625,0.00038433074951100003,0.00201416015625,0.001665115356445,0.500462962962963,0.500578703703703,0.00011574074074
500623652815,5006236528,15,0,1579782803,1.0,"""[0.000114440917968",0.00013160705566400002,0.000161170959472,0.00032329559326100003,0.0033378601074210003,0.004119873046875,0.004592895507812,0.005073547363281,0.006256103515625001,0.00714111328125," 0.008270263671875]""",0.008270263671875,0.003543853759765,1.5637022256851192,0.0043474482372400005,0.00390625,0.00038433074951100003,0.0023307800292960003,0.00179100036621,0.505439814814814,0.5055555555555551,0.00011574074074
500623652815,5006236528,15,0,1579782803,1.0,"""[0.00011920928955000001",0.00013256072998000002,0.00014305114746000002,0.000153541564941,0.00016403198242100002,0.000174522399902,0.000216484069824,0.002799987792968,0.004791259765625,0.007530212402343001," 0.008331298828125]""",0.008316040039062,0.002033233642578,1.948783040046691,0.005063108634203,0.00390625,0.00038337707519500003,0.0019207000732420001,0.001720428466796,0.501851851851851,0.501967592592592,0.00011574074074
500623652815,5006236528,15,0,1579782803,1.0,"""[0.00011730194091700002",0.000134468078613,0.00014686584472600002,0.000160217285156,0.00017261505126900002,0.000260353088378,0.0032653808593750004,0.005142211914062,0.007453918457031,0.007965087890625," 0.008636474609375]""",0.010604858398437,0.002857208251953,2.120390892028808,0.005522685591131,0.00390625,0.00038337707519500003,0.0020103454589840003,0.0017623901367180002,0.502083333333333,0.502199074074074,0.00011574074074
500623652815,5006236528,15,0,1579782803,1.0,"""[0.000115394592285",0.000126838684082,0.00013828277587800002,0.00015068054199200001,0.00016212463378900002,0.00017356872558500002,0.000250816345214,0.0029106140136710003,0.004951477050781,0.007362365722656," 0.008163452148437]""",0.008193969726562,0.001991271972656,2.041509866714477,0.0059076268225900005,0.00390625,0.00038433074951100003,0.001983642578125,0.0016708374023430002,0.504282407407407,0.504398148148148,0.00011574074074
500623652815,5006236528,15,0,1579782803,1.0,"""[0.000113487243652",0.000123977661132,0.00013637542724600002,0.00015163421630800001,0.00016689300537100002,0.000216484069824,0.003543853759765,0.005989074707031,0.007308959960937,0.00787353515625," 0.008316040039062]""",0.014923095703125002,0.0029106140136710003,1.526161193847656,0.00495132850483,0.00390625,0.000382423400878,0.001991271972656,0.0017623901367180002,0.502430555555555,0.502546296296296,0.00011574074074
500623652815,5006236528,15,0,1579782803,1.0,"""[0.000126838684082",0.00013732910156200002,0.000144004821777,0.00015163421630800001,0.00015926361083900002,0.00016689300537100002,0.00017356872558500002,0.000205993652343,0.000308036804199,0.007461547851562," 0.008499145507812]""",0.008499145507812,0.0012874603271480001,1.701490044593811,0.005468006711453001,0.00390625,0.00038337707519500003,0.0018863677978510002,0.0016727447509760002,0.508449074074074,0.5085648148148141,0.00011574074074
500623652815,5006236528,15,0,1579782803,1.0,"""[0.00012111663818300001",0.000140190124511,0.00016784667968700002,0.00160789489746,0.0029716491699210003,0.0034599304199210003,0.0037879943847650005,0.004257202148437,0.00482177734375,0.006668090820312," 0.008590698242187]""",0.008590698242187,0.0031433105468750004,1.9622265100479122,0.005317448172718,0.00390625,0.00038433074951100003,0.002029418945312,0.001821517944335,0.506597222222222,0.5067129629629631,0.00011574074074
500623652815,5006236528,15,0,1579782803,1.0,"""[0.0001220703125",0.00013637542724600002,0.00015640258789,0.000175476074218,0.002201080322265,0.003982543945312,0.005226135253906,0.006248474121093001,0.007110595703125001,0.007568359375," 0.011016845703125]""",0.01104736328125,0.0036315917968750004,5.92361831665039,0.025294970721006,0.00390625,0.00038528442382800005,0.002017974853515,0.001760482788085,0.5071759259259261,0.507291666666666,0.00011574074074
500623652815,5006236528,15,0,1579782803,1.0,"""[0.00011825561523400002",0.00015163421630800001,0.0010128021240230001,0.0035209655761710003,0.004974365234375,0.005851745605468001,0.006690979003906,0.007408142089843001,0.007728576660156,0.008010864257812," 0.008758544921875]""",0.014984130859375002,0.004959106445312,1.5637022256851192,0.0043474482372400005,0.00390625,0.00038433074951100003,0.002384185791015,0.001749038696289,0.5055555555555551,0.505671296296296,0.00011574074074
500623652815,5006236528,15,0,1579782803,1.0,"""[0.00011825561523400002",0.00013637542724600002,0.00015926361083900002,0.00020694732666000002,0.003807067871093,0.00537109375,0.007537841796875001,0.007904052734375,0.008026123046875,0.008148193359375," 0.008819580078125]""",0.0130615234375,0.004570007324218001,1.701490044593811,0.005468006711453001,0.00390625,0.00038433074951100003,0.002059936523437,0.001760482788085,0.5083333333333331,0.508449074074074,0.00011574074074
500623652815,5006236528,15,0,1579782803,1.0,"""[0.000109672546386",0.00011730194091700002,0.000126838684082,0.00013828277587800002,0.00015640258789,0.000174522399902,0.000308036804199,0.0031242370605460003,0.004112243652343001,0.005279541015625," 0.007522583007812]""",0.007514953613281,0.00172996520996,2.315299749374389,0.0063810599967830004,0.00390625,0.00038337707519500003,0.001888275146484,0.0016860961914060002,0.500578703703703,0.500694444444444,0.00011574074074
500623652815,5006236528,15,0,1579782803,1.0,"""[0.00011730194091700002",0.000130653381347,0.000152587890625,0.000175476074218,0.0006380081176750001,0.00339126586914,0.004440307617187,0.005050659179687,0.005592346191406,0.006248474121093001," 0.007888793945312]""",0.008087158203125,0.0029411315917960003,1.9493408203125,0.005241301842033,0.00390625,0.00038433074951100003,0.0019474029541010002,0.0016536712646480001,0.5064814814814811,0.506597222222222,0.00011574074074
500623652815,5006236528,15,0,1579782803,1.0,"""[0.00011920928955000001",0.000134468078613,0.00014686584472600002,0.000160217285156,0.00017356872558500002,0.00022029876708900002,0.0015182495117180002,0.003376007080078,0.004440307617187,0.005546569824218001," 0.008346557617187]""",0.00836181640625,0.00198745727539,3.124372243881225,0.011130270548164001,0.00390625,0.00038528442382800005,0.002067565917968,0.00169563293457,0.50474537037037,0.5048611111111111,0.00011574074074
500623652815,5006236528,15,0,1579782803,1.0,"""[0.00012111663818300001",0.00014114379882800002,0.00016307830810500002,0.000308036804199,0.003303527832031,0.004463195800781,0.005813598632812,0.007041931152343001,0.007888793945312,0.008087158203125," 0.008758544921875]""",0.009552001953125,0.004203796386718001,4.114492893218994,0.018035978078842,0.00390625,0.00038337707519500003,0.002094268798828,0.0017929077148430002,0.5069444444444441,0.507060185185185,0.00011574074074
500623652815,5006236528,15,0,1579782803,1.0,"""[0.000114440917968",0.000129699707031,0.000148773193359,0.00016975402832,0.00090217590332,0.0037879943847650005,0.006271362304687,0.007339477539062,0.0076904296875,0.007980346679687," 0.008346557617187]""",0.008346557617187,0.0038490295410150005,5.9332594871521,0.025333654135465,0.00390625,0.000382423400878,0.002124786376953,0.00181770324707,0.5074074074074071,0.507523148148148,0.00011574074074
500623652815,5006236528,15,0,1579782803,1.0,"""[0.000109672546386",0.000125885009765,0.00014114379882800002,0.000155448913574,0.00016880035400300002,0.000226020812988,0.0035209655761710003,0.005500793457031,0.007675170898437,0.007965087890625," 0.008544921875]""",0.008544921875,0.00286865234375,1.691145062446594,0.0033943082671610003,0.00390625,0.00038433074951100003,0.002212524414062,0.001749038696289,0.503587962962962,0.503703703703703,0.00011574074074
500623652815,5006236528,15,0,1579782803,1.0,"""[0.00012111663818300001",0.000140190124511,0.00015640258789,0.00017166137695300002,0.0009469985961910001,0.004066467285156,0.005172729492187,0.007102966308593001,0.007858276367187,0.008087158203125," 0.009170532226562]""",0.0091552734375,0.003772735595703,1.284641027450561,0.002982346806675,0.00390625,0.00038433074951100003,0.00217056274414,0.001810073852539,0.5076388888888881,0.507754629629629,0.00011574074074
500623652815,5006236528,15,0,1579782803,1.0,"""[0.000114440917968",0.000128746032714,0.000144958496093,0.00016307830810500002,0.00019836425781200002,0.002090454101562,0.0037345886230460003,0.004364013671875,0.005180358886718001,0.006301879882812," 0.0081787109375]""",0.013015747070312,0.0026054382324210003,1.831787347793579,0.004796109162271,0.00390625,0.00038337707519500003,0.0019378662109370002,0.001667022705078,0.505902777777777,0.5060185185185181,0.00011574074074
500623652815,5006236528,15,0,1579782803,1.0,"""[0.000107765197753",0.000114440917968,0.0001220703125,0.000129699707031,0.00014686584472600002,0.00016880035400300002,0.0005149841308590001,0.0038871765136710003,0.005073547363281,0.006195068359375001," 0.00823974609375]""",0.017791748046875,0.002052307128906,2.158074617385864,0.004653290845453,0.00390625,0.000382423400878,0.0021018981933590003,0.001657485961914,0.500231481481481,0.500347222222222,0.00011574074074
500623652815,5006236528,15,0,1579782803,1.0,"""[0.000115394592285",0.000124931335449,0.000135421752929,0.00014781951904200002,0.000160217285156,0.00017356872558500002,0.00022506713867100002,0.004096984863281,0.0069580078125,0.00799560546875," 0.008712768554687]""",0.008697509765625,0.0024070739746090003,1.477827787399292,0.004138317890465,0.00390625,0.00038433074951100003,0.002094268798828,0.001842498779296,0.5081018518518511,0.508217592592592,0.00011574074074
500623652815,5006236528,15,0,1579782803,1.0,"""[0.000115394592285",0.000128746032714,0.00014305114746000002,0.00015735626220700002,0.00017261505126900002,0.000247001647949,0.0028495788574210003,0.003559112548828,0.004226684570312,0.005462646484375," 0.008209228515625]""",0.008499145507812,0.002105712890625,1.9493408203125,0.005241301842033,0.00390625,0.00038433074951100003,0.0019798278808590003,0.001827239990234,0.5062500000000001,0.50636574074074,0.00011574074074
500623652815,5006236528,15,0,1579782803,1.0,"""[0.00012016296386700001",0.000126838684082,0.00013351440429600002,0.00014305114746000002,0.00015163421630800001,0.000160217285156,0.00016975402832,0.00018787384033200002,0.00027847290039,0.004844665527343001," 0.008316040039062]""",0.008316040039062,0.001028060913085,1.701490044593811,0.005468006711453001,0.00390625,0.00038337707519500003,0.0019645690917960003,0.001819610595703,0.508217592592592,0.5083333333333331,0.00011574074074
500623652815,5006236528,15,0,1579782803,1.0,"""[0.00010871887207",0.00012111663818300001,0.000135421752929,0.00015735626220700002,0.000190734863281,0.001453399658203,0.003257751464843,0.003997802734375,0.004493713378906,0.005302429199218001," 0.007209777832031]""",0.007240295410156,0.002197265625,2.959016561508178,0.010507586412131,0.00390625,0.000382423400878,0.002510070800781,0.0018939971923820002,0.500925925925925,0.501041666666666,0.00011574074074
500623652815,5006236528,15,0,1579782803,1.0,"""[0.000116348266601",0.00013160705566400002,0.00014305114746000002,0.000154495239257,0.000165939331054,0.000185966491699,0.0010662078857420001,0.004081726074218001,0.006088256835937,0.007530212402343001," 0.008682250976562]""",0.0086669921875,0.002410888671875,2.237709283828735,0.004626649431884,0.00390625,0.00038337707519500003,0.001934051513671,0.0016937255859370002,0.503009259259259,0.5031249999999999,0.00011574074074
500623652815,5006236528,15,0,1579782803,1.0,"""[0.000107765197753",0.00011825561523400002,0.000128746032714,0.00014209747314400002,0.00015830993652300002,0.000174522399902,0.0007486343383780001,0.0037078857421870004,0.00457763671875,0.005477905273437," 0.007240295410156]""",0.010986328125,0.00185203552246,6.048163890838623,0.030310466885566004,0.00390625,0.00038433074951100003,0.001941680908203,0.0017681121826170001,0.501273148148148,0.501388888888888,0.00011574074074
500623652815,5006236528,15,0,1579782803,1.0,"""[0.000112533569335",0.000125885009765,0.00014114379882800002,0.00015926361083900002,0.0001802444458,0.00090217590332,0.0031433105468750004,0.0036430358886710003,0.004104614257812,0.004981994628906," 0.007301330566406]""",0.007293701171875001,0.0020866394042960003,1.5637022256851192,0.0043474482372400005,0.00390625,0.00038337707519500003,0.002227783203125,0.001760482788085,0.5053240740740741,0.505439814814814,0.00011574074074
500623652815,5006236528,15,0,1579782803,1.0,"""[0.000116348266601",0.00013160705566400002,0.000165939331054,0.0014972686767570002,0.0032806396484370004,0.004402160644531,0.004974365234375,0.005348205566406,0.0057373046875,0.006065368652343001," 0.007179260253906]""",0.008377075195312,0.0034637451171870004,1.661550045013427,0.0042938808910540005,0.00390625,0.00038337707519500003,0.001943588256835,0.001735687255859,0.501504629629629,0.50162037037037,0.00011574074074
500623652815,5006236528,15,0,1579782803,1.0,"""[0.000112533569335",0.000123023986816,0.000135421752929,0.00015640258789,0.000190734863281,0.003921508789062,0.0064697265625,0.007461547851562,0.007949829101562,0.008102416992187," 0.008590698242187]""",0.008712768554687,0.00390625,1.691145062446594,0.0033943082671610003,0.00390625,0.00038433074951100003,0.0026397705078120004,0.0018749237060540001,0.503472222222222,0.503587962962962,0.00011574074074
500623652815,5006236528,15,0,1579782803,1.0,"""[0.000106811523437",0.00013160705566400002,0.00015926361083900002,0.0005722045898430001,0.002750396728515,0.004096984863281,0.00506591796875,0.006248474121093001,0.007102966308593001,0.0078125," 0.00836181640625]""",0.00836181640625,0.0037879943847650005,1.661550045013427,0.0042938808910540005,0.00390625,0.00038528442382800005,0.002105712890625,0.001789093017578,0.50162037037037,0.501736111111111,0.00011574074074
500623652815,5006236528,15,0,1579782803,1.0,"""[0.000115394592285",0.000125885009765,0.000140190124511,0.00016307830810500002,0.0011978149414060002,0.004379272460937,0.006065368652343001,0.007331848144531,0.007904052734375,0.008026123046875," 0.008697509765625]""",0.01617431640625,0.003959655761718001,1.691817641258239,0.0034361984580750004,0.00390625,0.00038528442382800005,0.002079010009765,0.001644134521484,0.503703703703703,0.503819444444444,0.00011574074074
500623652815,5006236528,15,0,1579782803,0.990000009536743,"""[0.00011920928955000001",0.00014209747314400002,0.000164985656738,0.000216484069824,0.0023956298828120004,0.003742218017578,0.004524230957031,0.005264282226562,0.006240844726562,0.007225036621093001," 0.008148193359375]""",0.04742431640625,0.0034446716308590003,1.720173597335815,0.004609315190464001,0.00390625,0.00038337707519500003,0.002182006835937,0.00172996520996,0.505671296296296,0.5057870370370371,0.00011574074074
500623652815,5006236528,15,0,1579782803,1.0,"""[0.00011730194091700002",0.000126838684082,0.00013828277587800002,0.00015068054199200001,0.00016403198242100002,0.0001802444458,0.0007047653198240001,0.00323486328125,0.0037269592285150005,0.004295349121093001," 0.00738525390625]""",0.010009765625,0.0016021728515620002,1.831787347793579,0.004796109162271,0.00390625,0.00038528442382800005,0.0018863677978510002,0.00157356262207,0.5060185185185181,0.506134259259259,0.00011574074074
500623652815,5006236528,15,0,1579782803,1.0,"""[0.000116348266601",0.00013637542724600002,0.000160217285156,0.00020694732666000002,0.0037345886230460003,0.005416870117187,0.007034301757812,0.007583618164062,0.007919311523437,0.008056640625," 0.0084228515625]""",0.01617431640625,0.004463195800781,1.713361978530883,0.004778219386935001,0.00390625,0.00038337707519500003,0.002433776855468,0.0018482208251950002,0.504166666666666,0.504282407407407,0.00011574074074
500623652815,5006236528,15,0,1579782803,1.0,"""[0.000114440917968",0.0001220703125,0.000128746032714,0.00013732910156200002,0.00014781951904200002,0.00015735626220700002,0.00016784667968700002,0.000190734863281,0.00124168395996,0.006172180175781," 0.008102416992187]""",0.00811767578125,0.001270294189453,1.9493408203125,0.005241301842033,0.00390625,0.00038337707519500003,0.00192642211914,0.0015792846679680002,0.50636574074074,0.5064814814814811,0.00011574074074
500623652815,5006236528,15,0,1579782803,1.0,"""[0.00011825561523400002",0.000128746032714,0.00014209747314400002,0.000154495239257,0.00016784667968700002,0.00021076202392500003,0.003807067871093,0.005577087402343001,0.006340026855468001,0.007728576660156," 0.008377075195312]""",0.02838134765625,0.0029411315917960003,6.467290878295898,0.027051283046603,0.00390625,0.000382423400878,0.00189208984375,0.001712799072265,0.508680555555555,0.5087962962962961,0.00011574074074
500623652815,5006236528,15,0,1579782803,1.0,"""[0.00011825561523400002",0.000135421752929,0.000148773193359,0.00016307830810500002,0.00018119812011700001,0.0009469985961910001,0.003959655761718001,0.004798889160156,0.005966186523437,0.007362365722656," 0.0084228515625]""",0.0084228515625,0.002784729003906,2.237709283828735,0.004626649431884,0.00390625,0.00038337707519500003,0.002079010009765,0.0017776489257810002,0.502893518518518,0.503009259259259,0.00011574074074
500623652815,5006236528,15,0,1579782803,1.0,"""[0.000126838684082",0.00013732910156200002,0.00014686584472600002,0.000155448913574,0.000164985656738,0.00017356872558500002,0.00021457672119100003,0.001474380493164,0.006622314453125001,0.007965087890625," 0.008438110351562]""",0.008438110351562,0.002094268798828,6.467290878295898,0.027051283046603,0.00390625,0.000382423400878,0.002021789550781,0.0018863677978510002,0.5087962962962961,0.508912037037037,0.00011574074074
500623652815,5006236528,15,0,1579782803,1.0,"""[0.000112533569335",0.000129699707031,0.0011882781982420001,0.0030364990234370004,0.0036315917968750004,0.004005432128906,0.004341125488281,0.004776000976562,0.005195617675781,0.006095886230468001," 0.008209228515625]""",0.008193969726562,0.003593444824218,6.048163890838623,0.030310466885566004,0.00390625,0.00038433074951100003,0.002044677734375,0.001760482788085,0.501157407407407,0.501273148148148,0.00011574074074
500623652815,5006236528,15,0,1579782803,1.0,"""[0.000110626220703",0.00011825561523400002,0.000126838684082,0.000139236450195,0.000155448913574,0.00017261505126900002,0.00029563903808500004,0.00314712524414,0.004226684570312,0.005172729492187," 0.00823974609375]""",0.00823974609375,0.00175666809082,6.099441528320312,0.027067460119724003,0.00390625,0.00038433074951100003,0.0018672943115230001,0.00164794921875,0.5050925925925921,0.505208333333333,0.00011574074074
500623652815,5006236528,15,0,1579782803,1.0,"""[0.00011730194091700002",0.00013732910156200002,0.000164985656738,0.0007791519165030001,0.003711700439453,0.004989624023437,0.006393432617187,0.007369995117187,0.007843017578125,0.008041381835937," 0.008712768554687]""",0.008697509765625,0.004371643066406,1.278076410293579,0.002950782654806,0.00390625,0.000382423400878,0.002155303955078,0.0017471313476560002,0.507754629629629,0.5078703703703701,0.00011574074074
500623652815,5006236528,15,0,1579782803,1.0,"""[0.000115394592285",0.000161170959472,0.002632141113281,0.004135131835937,0.004890441894531,0.006187438964843001,0.00701904296875,0.007354736328125001,0.007652282714843001,0.007904052734375," 0.00823974609375]""",0.016448974609375,0.005165100097656,2.120390892028808,0.005522685591131,0.00390625,0.00038337707519500003,0.002098083496093,0.001779556274414,0.501967592592592,0.502083333333333,0.00011574074074
500623652815,5006236528,15,0,1579782803,1.0,"""[0.00011730194091700002",0.00013637542724600002,0.000149726867675,0.00016307830810500002,0.0001802444458,0.001760482788085,0.0032768249511710003,0.003868103027343,0.004524230957031,0.005470275878906," 0.008346557617187]""",0.013015747070312,0.002323150634765,1.858590364456176,0.004897615872323,0.00390625,0.00038528442382800005,0.0021018981933590003,0.0018081665039060002,0.506134259259259,0.5062500000000001,0.00011574074074
500623652815,5006236528,15,0,1579782803,1.0,"""[0.00011730194091700002",0.000128746032714,0.00013828277587800002,0.00014781951904200002,0.00015735626220700002,0.00016689300537100002,0.000175476074218,0.001033782958984,0.005851745605468001,0.0079345703125," 0.00848388671875]""",0.016357421875,0.002052307128906,1.773964166641235,0.005189593415707,0.00390625,0.00038337707519500003,0.002113342285156,0.0017528533935540001,0.502314814814814,0.502430555555555,0.00011574074074
500623652815,5006236528,15,0,1579782803,1.0,"""[0.0001220703125",0.00013637542724600002,0.000154495239257,0.00017166137695300002,0.00024223327636700001,0.003501892089843,0.004615783691406,0.005653381347656,0.006935119628906,0.0078125," 0.008514404296875]""",0.008514404296875,0.0033683776855460003,2.343395948410034,0.006946647074073001,0.00390625,0.00038528442382800005,0.002143859863281,0.0018386840820310002,0.504629629629629,0.50474537037037,0.00011574074074
500623652815,5006236528,15,0,1579782803,1.0,"""[0.000106811523437",0.00012111663818300001,0.00013637542724600002,0.00015068054199200001,0.00016403198242100002,0.000196456909179,0.002552032470703,0.004928588867187,0.006645202636718001,0.007965087890625," 0.009353637695312]""",0.009368896484375,0.0026969909667960003,4.114492893218994,0.018035978078842,0.00390625,0.00038337707519500003,0.002338409423828,0.001787185668945,0.506828703703703,0.5069444444444441,0.00011574074074
500623652815,5006236528,15,0,1579782803,1.0,"""[0.00012016296386700001",0.00020217895507800002,0.0016555786132810002,0.004364013671875,0.005180358886718001,0.006431579589843001,0.007553100585937,0.007888793945312,0.008026123046875,0.008163452148437," 0.008590698242187]""",0.01593017578125,0.005332946777343001,1.523481845855712,0.002927450696006,0.00390625,0.00038433074951100003,0.0021171569824210003,0.0018005371093750002,0.5092592592592591,0.509375,0.00011574074074
500623652815,5006236528,15,0,1579782803,1.0,"""[0.00012111663818300001",0.000130653381347,0.000149726867675,0.00017166137695300002,0.0015182495117180002,0.004104614257812,0.005462646484375,0.007331848144531,0.007797241210937,0.008010864257812," 0.0089111328125]""",0.010330200195312,0.003894805908203,1.523481845855712,0.002927450696006,0.00390625,0.00038433074951100003,0.002277374267578,0.0018253326416010002,0.509375,0.5094907407407401,0.00011574074074
500623652815,5006236528,15,0,1579782803,1.0,"""[0.000114440917968",0.000124931335449,0.00013732910156200002,0.000149726867675,0.00016307830810500002,0.00018215179443300001,0.003684997558593,0.005752563476562,0.007499694824218001,0.0079345703125," 0.0081787109375]""",0.015365600585937,0.0029144287109370004,1.713361978530883,0.004778219386935001,0.00390625,0.000382423400878,0.001932144165039,0.001651763916015,0.503935185185185,0.504050925925925,0.00011574074074
500623652815,5006236528,15,0,1579782803,1.0,"""[0.00012111663818300001",0.00013256072998000002,0.000154495239257,0.000179290771484,0.0009422302246090001,0.004074096679687,0.004684448242187,0.005271911621093001,0.00604248046875,0.006690979003906," 0.0078125]""",0.0078125,0.003227233886718,2.343395948410034,0.006946647074073001,0.00390625,0.00038337707519500003,0.001976013183593,0.001657485961914,0.504398148148148,0.504513888888888,0.00011574074074
500623652815,5006236528,15,0,1579782803,1.0,"""[0.000109672546386",0.000123023986816,0.00014591217041000002,0.00023460388183500002,0.002861022949218,0.003543853759765,0.003997802734375,0.004417419433593001,0.004989624023437,0.005767822265625001," 0.007781982421875001]""",0.007797241210937,0.003009796142578,2.315299749374389,0.0063810599967830004,0.00390625,0.00038337707519500003,0.002098083496093,0.0017375946044920001,0.500810185185185,0.500925925925925,0.00011574074074
500623652815,5006236528,15,0,1579782803,1.0,"""[0.000114440917968",0.000126838684082,0.000160217285156,0.0009899139404290001,0.002861022949218,0.00341796875,0.0037956237792960003,0.004310607910156,0.004638671875,0.005416870117187," 0.008056640625]""",0.008056640625,0.002948760986328,6.048163890838623,0.030310466885566004,0.00390625,0.00038433074951100003,0.002185821533203,0.001750946044921,0.501041666666666,0.501157407407407,0.00011574074074
500623652815,5006236528,15,0,1579782803,1.0,"""[0.000110626220703",0.00011920928955000001,0.000127792358398,0.00014305114746000002,0.00016689300537100002,0.0009899139404290001,0.002979278564453,0.004364013671875,0.0052490234375,0.007545471191406," 0.00897216796875]""",0.010879516601562,0.0026092529296870004,1.646525263786315,0.0047623179852960005,0.00390625,0.00038433074951100003,0.002201080322265,0.0018138885498040001,0.505208333333333,0.5053240740740741,0.00011574074074
500623652815,5006236528,15,0,1579782803,1.0,"""[0.00010490417480400001",0.00011825561523400002,0.00013351440429600002,0.00014781951904200002,0.00016307830810500002,0.00018215179443300001,0.0013427734375,0.004447937011718001,0.007331848144531,0.007980346679687," 0.008743286132812]""",0.008743286132812,0.0026397705078120004,5.9332594871521,0.025333654135465,0.00390625,0.000382423400878,0.002113342285156,0.0017147064208980001,0.507523148148148,0.5076388888888881,0.00011574074074
500623652815,5006236528,15,0,1579782803,1.0,"""[0.00010490417480400001",0.00012016296386700001,0.00014591217041000002,0.0006914138793940001,0.003150939941406,0.003982543945312,0.004341125488281,0.004676818847656,0.005348205566406,0.006332397460937," 0.007949829101562]""",0.007949829101562,0.003318786621093,2.315299749374389,0.0063810599967830004,0.00390625,0.00038528442382800005,0.002098083496093,0.0016784667968750002,0.500694444444444,0.500810185185185,0.00011574074074
500623652815,5006236528,15,0,1579782803,1.0,"""[0.000106811523437",0.000134468078613,0.00016307830810500002,0.00024223327636700001,0.001651763916015,0.0030364990234370004,0.003639221191406,0.00433349609375,0.004928588867187,0.005699157714843001," 0.007980346679687]""",0.007980346679687,0.0028038024902340003,4.114492893218994,0.018035978078842,0.00390625,0.00038528442382800005,0.002033233642578,0.0018157958984370002,0.5067129629629631,0.506828703703703,0.00011574074074
500623652815,5006236528,15,0,1579782803,1.0,"""[0.00012111663818300001",0.000134468078613,0.00014781951904200002,0.000161170959472,0.000174522399902,0.000268936157226,0.0032043457031250004,0.005302429199218001,0.007392883300781,0.00787353515625," 0.008575439453125]""",0.01318359375,0.002861022949218,1.523481845855712,0.002927450696006,0.00390625,0.00038433074951100003,0.002140045166015,0.0017547607421870002,0.509143518518518,0.5092592592592591,0.00011574074074
500623652815,5006236528,15,0,1579782803,1.0,"""[0.000114440917968",0.000126838684082,0.000144958496093,0.00016689300537100002,0.000351905822753,0.0029716491699210003,0.00433349609375,0.006385803222656,0.007377624511718001,0.00787353515625," 0.008331298828125]""",0.00836181640625,0.003467559814453,1.677007436752319,0.004385556094348,0.00390625,0.00038433074951100003,0.0019378662109370002,0.0017166137695310002,0.501388888888888,0.501504629629629,0.00011574074074
500623652815,5006236528,15,0,1579782803,1.0,"""[0.000114440917968",0.000129699707031,0.00014209747314400002,0.000155448913574,0.00016784667968700002,0.00019741058349600002,0.002246856689453,0.0036773681640620004,0.004295349121093001,0.005165100097656," 0.007759094238281]""",0.007713317871093001,0.001918792724609,1.831787347793579,0.004796109162271,0.00390625,0.00038337707519500003,0.0018539428710930002,0.0016727447509760002,0.5057870370370371,0.505902777777777,0.00011574074074
