UniqJobId,collection_id,instance_index,priority,machine_id,sample_rate,cpu_usage_distribution1,cpu_usage_distribution2,cpu_usage_distribution3,cpu_usage_distribution4,cpu_usage_distribution5,cpu_usage_distribution6,cpu_usage_distribution7,cpu_usage_distribution8,cpu_usage_distribution9,cpu_usage_distribution10,cpu_usage_distribution11,max_cpu,avg_cpu,cycles_per_instruction,memory_accesses_per_instruction,assigned_memory,page_cache_memory,max_memory,avg_memory,start_time,end_time,time_window
500623652875,5006236528,75,0,360093740032,1.0,"""[0.000135421752929",0.000154495239257,0.000175476074218,0.000335693359375,0.0032463073730460003,0.004539489746093001,0.005439758300781,0.006965637207031,0.008163452148437,0.00836181640625," 0.009445190429687]""",0.016632080078125,0.004173278808593001,3.695292711257934,0.020370250567793003,0.00390625,0.00026321411132800005,0.0024528503417960003,0.0020751953125,0.505902777777777,0.5060185185185181,0.00011574074074
500623652875,5006236528,75,0,360093740032,1.0,"""[0.00013637542724600002",0.000149726867675,0.00016403198242100002,0.00017833709716700002,0.00020694732666000002,0.00041866302490200006,0.004104614257812,0.0062255859375,0.008071899414062,0.008285522460937," 0.00933837890625]""",0.0164794921875,0.003227233886718,2.846840143203735,0.014215365983545001,0.00390625,0.000260353088378,0.002185821533203,0.00198745727539,0.504398148148148,0.504513888888888,0.00011574074074
500623652875,5006236528,75,0,360093740032,1.0,"""[0.00013637542724600002",0.000149726867675,0.000164985656738,0.00018501281738200003,0.00024032592773400003,0.002708435058593,0.004684448242187,0.006423950195312,0.008026123046875,0.008285522460937," 0.008865356445312]""",0.014053344726562,0.003543853759765,1.587377190589904,0.007490823976695001,0.00390625,0.00026321411132800005,0.002357482910156,0.002094268798828,0.5083333333333331,0.508449074074074,0.00011574074074
500623652875,5006236528,75,0,360093740032,1.0,"""[0.000114440917968",0.00013732910156200002,0.00015068054199200001,0.00016307830810500002,0.00017738342285100002,0.001871109008789,0.005271911621093001,0.008010864257812,0.008193969726562,0.008346557617187," 0.009002685546875]""",0.009002685546875,0.0036659240722650005,3.9345099925994873,0.018765736371278003,0.00390625,0.000260353088378,0.002368927001953,0.001918792724609,0.504513888888888,0.504629629629629,0.00011574074074
500623652875,5006236528,75,0,360093740032,1.0,"""[0.000134468078613",0.00014781951904200002,0.00016212463378900002,0.000175476074218,0.00018882751464800002,0.00020313262939400002,0.000216484069824,0.000253677368164,0.001211166381835,0.007591247558593001," 0.009063720703125]""",0.009628295898437,0.0014801025390620002,3.026037693023681,0.015692656859755003,0.00390625,0.00026226043701100003,0.002311706542968,0.00217056274414,0.5064814814814811,0.506597222222222,0.00011574074074
500623652875,5006236528,75,0,360093740032,1.0,"""[0.00013828277587800002",0.000152587890625,0.00016880035400300002,0.00018882751464800002,0.00021362304687500003,0.001211166381835,0.004615783691406,0.007255554199218001,0.008010864257812,0.008255004882812," 0.008636474609375]""",0.01617431640625,0.003395080566406,1.216703176498413,0.004037104081362,0.00390625,0.000260353088378,0.00250244140625,0.0020103454589840003,0.5050925925925921,0.505208333333333,0.00011574074074
500623652875,5006236528,75,0,360093740032,1.0,"""[0.00015830993652300002",0.00018215179443300001,0.00020790100097600002,0.000257492065429,0.0012950897216790001,0.004119873046875,0.005477905273437,0.007736206054687,0.008132934570312,0.008285522460937," 0.009429931640625]""",0.013992309570312,0.0040283203125,4.086765766143798,0.020558945834636,0.00390625,0.000281333923339,0.002182006835937,0.001895904541015,0.503356481481481,0.503472222222222,0.00011574074074
500623652875,5006236528,75,0,360093740032,1.0,"""[0.00013828277587800002",0.00016212463378900002,0.000191688537597,0.00027275085449200004,0.003608703613281,0.005348205566406,0.007965087890625,0.008163452148437,0.00830078125,0.00848388671875," 0.009445190429687]""",0.009429931640625,0.004753112792968001,2.152562856674194,0.010019862093031,0.00390625,0.00026321411132800005,0.002250671386718,0.002098083496093,0.507291666666666,0.5074074074074071,0.00011574074074
500623652875,5006236528,75,0,360093740032,1.0,"""[0.000144004821777",0.00015830993652300002,0.00017261505126900002,0.00019359588623000002,0.000216484069824,0.0005941390991210001,0.003997802734375,0.005332946777343001,0.008102416992187,0.008331298828125," 0.00909423828125]""",0.016876220703125,0.003177642822265,4.05215835571289,0.02051293477416,0.00390625,0.000258445739746,0.002277374267578,0.0019073486328120002,0.503472222222222,0.503587962962962,0.00011574074074
500623652875,5006236528,75,0,360093740032,1.0,"""[0.00014114379882800002",0.000165939331054,0.000196456909179,0.00027275085449200004,0.003662109375,0.005279541015625,0.007499694824218001,0.008056640625,0.0081787109375,0.00830078125," 0.010833740234375]""",0.0169677734375,0.004653930664062,3.249029636383056,0.018059618771076,0.00390625,0.00026321411132800005,0.0022544860839840003,0.002017974853515,0.5055555555555551,0.505671296296296,0.00011574074074
500623652875,5006236528,75,0,360093740032,1.0,"""[0.000152587890625",0.00016784667968700002,0.00018310546875,0.000196456909179,0.00020980834960900003,0.00024127960205000003,0.0012054443359370002,0.004913330078125,0.007781982421875001,0.00823974609375," 0.009780883789062]""",0.009750366210937,0.0027732849121090003,1.3995963335037231,0.006832898594439,0.00390625,0.00026321411132800005,0.002311706542968,0.001918792724609,0.5078703703703701,0.507986111111111,0.00011574074074
500623652875,5006236528,75,0,360093740032,1.0,"""[0.00013351440429600002",0.00015926361083900002,0.000195503234863,0.00037574768066400005,0.003288269042968,0.005218505859375,0.007225036621093001,0.007980346679687,0.008148193359375,0.008285522460937," 0.009490966796875]""",0.0169677734375,0.004638671875,3.577049970626831,0.019807478412985,0.00390625,0.00026512145996000004,0.002243041992187,0.0019454956054680002,0.5060185185185181,0.506134259259259,0.00011574074074
500623652875,5006236528,75,0,360093740032,1.0,"""[0.00014305114746000002",0.00016212463378900002,0.00018215179443300001,0.000201225280761,0.000226020812988,0.000411033630371,0.0034332275390620004,0.006034851074218001,0.008010864257812,0.00830078125," 0.008773803710937]""",0.016357421875,0.003131866455078,1.598731040954589,0.008077002130448001,0.00390625,0.00026798248291,0.002449035644531,0.001983642578125,0.508449074074074,0.5085648148148141,0.00011574074074
500623652875,5006236528,75,0,360093740032,1.0,"""[0.000128746032714",0.00016307830810500002,0.000190734863281,0.00021553039550700003,0.0024833679199210003,0.004722595214843001,0.006011962890625001,0.007858276367187,0.008224487304687,0.008392333984375," 0.00927734375]""",0.009613037109375,0.004226684570312,1.1685839891433711,0.005415275227278,0.00390625,0.00026321411132800005,0.002433776855468,0.002052307128906,0.5067129629629631,0.506828703703703,0.00011574074074
500623652875,5006236528,75,0,360093740032,1.0,"""[0.000134468078613",0.000149726867675,0.000165939331054,0.00018215179443300001,0.00019931793212800002,0.000216484069824,0.000274658203125,0.000381469726562,0.003345489501953,0.008193969726562," 0.008941650390625]""",0.010101318359375,0.001674652099609,1.7306615114212032,0.008914923295378002,0.00390625,0.00026321411132800005,0.002159118652343,0.0020103454589840003,0.508680555555555,0.5087962962962961,0.00011574074074
500623652875,5006236528,75,0,360093740032,1.0,"""[0.00014209747314400002",0.000149726867675,0.00015735626220700002,0.000164985656738,0.00017261505126900002,0.00018310546875,0.000195503234863,0.00020885467529200002,0.00023365020751900002,0.003364562988281," 0.008773803710937]""",0.00885009765625,0.00084114074707,3.459917783737182,0.019151544198393003,0.00390625,0.00026226043701100003,0.002220153808593,0.0017471313476560002,0.505671296296296,0.5057870370370371,0.00011574074074
500623652875,5006236528,75,0,360093740032,0.990000009536743,"""[0.00011920928955000001",0.00013732910156200002,0.000148773193359,0.000160217285156,0.00017166137695300002,0.00020980834960900003,0.0013561248779290001,0.005607604980468001,0.008041381835937,0.0081787109375," 0.009628295898437]""",0.015518188476562,0.002845764160156,3.695292711257934,0.020370250567793003,0.00390625,0.00026416778564400005,0.0024833679199210003,0.00201416015625,0.5057870370370371,0.505902777777777,0.00011574074074
500623652875,5006236528,75,0,360093740032,0.990000009536743,"""[0.000106811523437",0.00013256072998000002,0.00015163421630800001,0.000170707702636,0.00019359588623000002,0.00021934509277300002,0.0008516311645500001,0.004844665527343001,0.007843017578125,0.008316040039062," 0.009963989257812]""",0.009933471679687,0.002632141113281,3.394191741943359,0.018937168642878,0.00390625,0.00026226043701100003,0.002418518066406,0.0019359588623040001,0.506134259259259,0.5062500000000001,0.00011574074074
500623652875,5006236528,75,0,360093740032,1.0,"""[0.000130653381347",0.00014209747314400002,0.00015163421630800001,0.00016212463378900002,0.00017261505126900002,0.000200271606445,0.000642776489257,0.004539489746093001,0.0079345703125,0.008346557617187," 0.009918212890625]""",0.016265869140625,0.002738952636718,1.312015533447265,0.004235988017171,0.00390625,0.000260353088378,0.002311706542968,0.0020561218261710003,0.50474537037037,0.5048611111111111,0.00011574074074
500623652875,5006236528,75,0,360093740032,1.0,"""[0.00015640258789",0.000179290771484,0.00020694732666000002,0.000245094299316,0.000369071960449,0.0032157897949210003,0.005104064941406,0.007087707519531,0.008132934570312,0.008285522460937," 0.009124755859375]""",0.016845703125,0.003684997558593,0.9907812476158141,0.004431484732776001,0.00390625,0.000266075134277,0.002368927001953,0.0019950866699210003,0.5071759259259261,0.507291666666666,0.00011574074074
500623652875,5006236528,75,0,360093740032,0.996666669845581,"""[0.000115394592285",0.00015830993652300002,0.000308036804199,0.0040283203125,0.004753112792968001,0.006034851074218001,0.007728576660156,0.00811767578125,0.008255004882812,0.0084228515625," 0.009292602539062]""",0.01483154296875,0.005149841308593001,3.9345099925994873,0.018765736371278003,0.00390625,0.00026130676269500003,0.002765655517578,0.0020866394042960003,0.504629629629629,0.50474537037037,0.00011574074074
500623652875,5006236528,75,0,360093740032,1.0,"""[0.000149726867675",0.00018215179443300001,0.00019931793212800002,0.000216484069824,0.00030231475830000003,0.0032806396484370004,0.005012512207031,0.006843566894531,0.00811767578125,0.008346557617187," 0.00897216796875]""",0.012481689453125002,0.003620147705078,1.455006122589111,0.0061482517048710005,0.00390625,0.00026512145996000004,0.002304077148437,0.00204849243164,0.5090277777777771,0.509143518518518,0.00011574074074
500623652875,5006236528,75,0,360093740032,1.0,"""[0.000123977661132",0.00015735626220700002,0.000186920166015,0.000257492065429,0.003467559814453,0.005096435546875,0.006584167480468001,0.008026123046875,0.008163452148437,0.008346557617187," 0.008926391601562]""",0.014205932617187,0.00457763671875,3.249029636383056,0.018059618771076,0.00390625,0.00026416778564400005,0.0023956298828120004,0.0020561218261710003,0.505439814814814,0.5055555555555551,0.00011574074074
500623652875,5006236528,75,0,360093740032,1.0,"""[0.000144958496093",0.00015735626220700002,0.000170707702636,0.00018787384033200002,0.00020885467529200002,0.001960754394531,0.006698608398437,0.008102416992187,0.008224487304687,0.008316040039062," 0.008712768554687]""",0.01153564453125,0.0038146972656250004,3.924013614654541,0.020342571660876,0.00390625,0.00026130676269500003,0.002124786376953,0.001842498779296,0.503587962962962,0.503703703703703,0.00011574074074
500623652875,5006236528,75,0,360093740032,1.0,"""[0.000127792358398",0.00015735626220700002,0.00022029876708900002,0.0017719268798820002,0.004318237304687,0.005943298339843001,0.007888793945312,0.008209228515625,0.008331298828125,0.008514404296875," 0.009201049804687]""",0.015289306640625002,0.004928588867187,2.270600318908691,0.010587642900645,0.00390625,0.00026321411132800005,0.0028953552246090003,0.0022392272949210003,0.507523148148148,0.5076388888888881,0.00011574074074
500623652875,5006236528,75,0,360093740032,1.0,"""[0.000140190124511",0.000155448913574,0.000170707702636,0.000201225280761,0.000350952148437,0.003776550292968,0.005462646484375,0.0078125,0.008148193359375,0.00830078125," 0.009078979492187]""",0.00909423828125,0.0038566589355460003,1.480001211166381,0.005888850428164,0.00390625,0.00026416778564400005,0.002243041992187,0.00198745727539,0.507986111111111,0.5081018518518511,0.00011574074074
500623652875,5006236528,75,0,360093740032,1.0,"""[0.00014591217041000002",0.000175476074218,0.00019454956054600002,0.00021362304687500003,0.00026416778564400005,0.0008583068847650001,0.0042724609375,0.005638122558593001,0.007827758789062,0.008316040039062," 0.009536743164062]""",0.01629638671875,0.003273010253906,1.542202830314636,0.005158528685569001,0.00390625,0.000266075134277,0.002288818359375,0.001943588256835,0.5081018518518511,0.508217592592592,0.00011574074074
500623652875,5006236528,75,0,360093740032,1.0,"""[0.00015068054199200001",0.000165939331054,0.00018215179443300001,0.000200271606445,0.00021743774414,0.00034713745117100005,0.0032768249511710003,0.005233764648437,0.007545471191406,0.008193969726562," 0.009017944335937]""",0.0159912109375,0.002994537353515,4.086766242980957,0.020558945834636,0.00390625,0.00033950805664,0.002521514892578,0.001960754394531,0.50324074074074,0.503356481481481,0.00011574074074
500623652875,5006236528,75,0,360093740032,1.0,"""[0.000127792358398",0.00014781951904200002,0.00016689300537100002,0.000195503234863,0.00038719177246000004,0.003936767578125,0.005226135253906,0.007347106933593001,0.008148193359375,0.008285522460937," 0.008575439453125]""",0.008575439453125,0.003864288330078,1.216703176498413,0.004037104081362,0.00390625,0.00026226043701100003,0.002323150634765,0.002059936523437,0.505208333333333,0.5053240740740741,0.00011574074074
500623652875,5006236528,75,0,360093740032,1.0,"""[0.000129699707031",0.00014209747314400002,0.00015163421630800001,0.00016212463378900002,0.00017166137695300002,0.00019454956054600002,0.00029468536376900005,0.00372314453125,0.00653076171875,0.008209228515625," 0.00927734375]""",0.012939453125,0.002403259277343,2.829254150390625,0.015056025236845,0.00390625,0.000260353088378,0.00210952758789,0.001949310302734,0.503935185185185,0.504050925925925,0.00011574074074
500623652875,5006236528,75,0,360093740032,1.0,"""[0.00014209747314400002",0.00015830993652300002,0.000174522399902,0.00019264221191400002,0.00020980834960900003,0.000247955322265,0.00032234191894500003,0.002662658691406,0.005653381347656,0.007843017578125," 0.008590698242187]""",0.008590698242187,0.00210952758789,0.9907812476158141,0.004431484732776001,0.00390625,0.00026226043701100003,0.0022544860839840003,0.002044677734375,0.507060185185185,0.5071759259259261,0.00011574074074
500623652875,5006236528,75,0,360093740032,1.0,"""[0.00011825561523400002",0.000140190124511,0.00015163421630800001,0.00016307830810500002,0.00017356872558500002,0.00020980834960900003,0.0009069442749020001,0.004859924316406,0.007301330566406,0.008224487304687," 0.008712768554687]""",0.0162353515625,0.002723693847656,1.275182843208313,0.0044405986554920006,0.00390625,0.00026130676269500003,0.0023193359375,0.0019149780273430002,0.5053240740740741,0.505439814814814,0.00011574074074
500623652875,5006236528,75,0,360093740032,1.0,"""[0.000139236450195",0.00015640258789,0.00017356872558500002,0.000200271606445,0.000338554382324,0.004051208496093001,0.006584167480468001,0.007980346679687,0.008132934570312,0.00823974609375," 0.009002685546875]""",0.01751708984375,0.004096984863281,3.51267123222351,0.018332127481698,0.00390625,0.000259399414062,0.0021629333496090003,0.001943588256835,0.503819444444444,0.503935185185185,0.00011574074074
500623652875,5006236528,75,0,360093740032,1.0,"""[0.000148773193359",0.00016689300537100002,0.00018501281738200003,0.00020313262939400002,0.00022029876708900002,0.00036334991455000003,0.0037193298339840003,0.005462646484375,0.008056640625,0.008285522460937," 0.008804321289062]""",0.00927734375,0.003173828125,1.3995963335037231,0.006832898594439,0.00390625,0.00026321411132800005,0.0022544860839840003,0.001949310302734,0.507754629629629,0.5078703703703701,0.00011574074074
500623652875,5006236528,75,0,360093740032,1.0,"""[1.0490417480468752e-05",0.00013732910156200002,0.000149726867675,0.00016212463378900002,0.000175476074218,0.00019264221191400002,0.00021076202392500003,0.000247955322265,0.0009422302246090001,0.004776000976562," 0.009078979492187]""",0.009078979492187,0.00107192993164,0.0,0.0,0.00390625,0.000342369079589,0.001598358154296,0.0013561248779290001,0.5031956018518511,0.50324074074074,4.513888888888889e-05
500623652875,5006236528,75,0,360093740032,1.0,"""[0.000129699707031",0.000144004821777,0.00015735626220700002,0.000170707702636,0.00020217895507800002,0.001033782958984,0.004508972167968001,0.006011962890625001,0.008056640625,0.008331298828125," 0.009323120117187]""",0.016265869140625,0.003299713134765,1.330785989761352,0.007872806861996,0.00390625,0.000260353088378,0.002410888671875,0.002059936523437,0.504166666666666,0.504282407407407,0.00011574074074
500623652875,5006236528,75,0,360093740032,1.0,"""[0.000135421752929",0.000152587890625,0.00016975402832,0.000186920166015,0.000205039978027,0.00022983551025300002,0.001960754394531,0.00433349609375,0.006782531738281,0.008255004882812," 0.009231567382812]""",0.011276245117187,0.002643585205078,1.598731040954589,0.008077002130448001,0.00390625,0.00026416778564400005,0.002265930175781,0.002044677734375,0.5085648148148141,0.508680555555555,0.00011574074074
500623652875,5006236528,75,0,360093740032,1.0,"""[0.00014209747314400002",0.000154495239257,0.00016784667968700002,0.00018405914306600003,0.00020313262939400002,0.000275611877441,0.0027923583984370004,0.005165100097656,0.007408142089843001,0.008331298828125," 0.00927734375]""",0.00927734375,0.0028381347656250004,3.8163857460021973,0.022161858156323003,0.00390625,0.00026321411132800005,0.00229263305664,0.0018901824951170001,0.5087962962962961,0.508912037037037,0.00011574074074
500623652875,5006236528,75,0,360093740032,1.0,"""[0.00012016296386700001",0.00014114379882800002,0.000152587890625,0.000164985656738,0.00017738342285100002,0.00020313262939400002,0.000260353088378,0.003868103027343,0.006126403808593001,0.008193969726562," 0.00860595703125]""",0.0146484375,0.002349853515625,1.229887008666992,0.004054417368024,0.00390625,0.000260353088378,0.002204895019531,0.0019302368164060002,0.504976851851851,0.5050925925925921,0.00011574074074
500623652875,5006236528,75,0,360093740032,1.0,"""[0.000152587890625",0.000205039978027,0.00037384033203100004,0.004302978515625,0.005195617675781,0.007003784179687,0.007965087890625,0.008209228515625,0.008346557617187,0.008453369140625," 0.00982666015625]""",0.0146484375,0.005500793457031,0.9907812476158141,0.004431484732776001,0.00390625,0.000266075134277,0.0024223327636710003,0.002105712890625,0.5069444444444441,0.507060185185185,0.00011574074074
500623652875,5006236528,75,0,360093740032,1.0,"""[0.000135421752929",0.00017642974853500002,0.00019264221191400002,0.00020885467529200002,0.00023365020751900002,0.000311851501464,0.002861022949218,0.005104064941406,0.007919311523437,0.00830078125," 0.008987426757812]""",0.009307861328125,0.002952575683593,2.270600318908691,0.010587642900645,0.00390625,0.00026321411132800005,0.002433776855468,0.002063751220703,0.5074074074074071,0.507523148148148,0.00011574074074
500623652875,5006236528,75,0,360093740032,1.0,"""[0.000130653381347",0.00015163421630800001,0.00017261505126900002,0.00031471252441400005,0.003715515136718,0.005271911621093001,0.006973266601562,0.008026123046875,0.008255004882812,0.008468627929687," 0.008941650390625]""",0.01666259765625,0.004531860351562,1.4112468957901,0.006883121561259001,0.00390625,0.00026416778564400005,0.002338409423828,0.002021789550781,0.5076388888888881,0.507754629629629,0.00011574074074
500623652875,5006236528,75,0,360093740032,1.0,"""[0.000140190124511",0.00015926361083900002,0.000179290771484,0.00019931793212800002,0.00021934509277300002,0.00259780883789,0.005180358886718001,0.006759643554687,0.00811767578125,0.00836181640625," 0.009109497070312]""",0.010238647460937,0.003562927246093,1.330785989761352,0.007872806861996,0.00390625,0.00026226043701100003,0.0021781921386710003,0.00191307067871,0.504282407407407,0.504398148148148,0.00011574074074
500623652875,5006236528,75,0,360093740032,1.0,"""[0.00014686584472600002",0.00017642974853500002,0.00019454956054600002,0.00021266937255800001,0.000280380249023,0.002784729003906,0.005844116210937,0.007804870605468001,0.008193969726562,0.008438110351562," 0.010757446289062]""",0.011306762695312,0.0038299560546870004,1.542202830314636,0.005158528685569001,0.00390625,0.00026321411132800005,0.00296401977539,0.0021781921386710003,0.508217592592592,0.5083333333333331,0.00011574074074
500623652875,5006236528,75,0,360093740032,1.0,"""[0.000125885009765",0.00015640258789,0.00020885467529200002,0.00038337707519500003,0.003936767578125,0.004928588867187,0.006034851074218001,0.008056640625,0.008224487304687,0.0084228515625," 0.008895874023437]""",0.009368896484375,0.004486083984375,3.281364202499389,0.017942830920219,0.00390625,0.00026512145996000004,0.00253677368164,0.002002716064453,0.50636574074074,0.5064814814814811,0.00011574074074
500623652875,5006236528,75,0,360093740032,1.0,"""[0.00012111663818300001",0.000140190124511,0.00015068054199200001,0.000161170959472,0.00017166137695300002,0.000196456909179,0.000308036804199,0.0030174255371090003,0.005897521972656,0.008331298828125," 0.009063720703125]""",0.00909423828125,0.002296447753906,1.388440132141113,0.005696836858987001,0.00390625,0.00026226043701100003,0.00225830078125,0.002021789550781,0.5092592592592591,0.509375,0.00011574074074
500623652875,5006236528,75,0,360093740032,1.0,"""[0.00013637542724600002",0.000154495239257,0.000174522399902,0.00020217895507800002,0.000391960144042,0.0036888122558590003,0.005111694335937,0.007644653320312,0.0081787109375,0.00836181640625," 0.008941650390625]""",0.016204833984375,0.0037956237792960003,3.026037693023681,0.015692656859755003,0.00390625,0.000266075134277,0.002429962158203,0.0019645690917960003,0.506597222222222,0.5067129629629631,0.00011574074074
500623652875,5006236528,75,0,360093740032,1.0,"""[0.000135421752929",0.000170707702636,0.00019836425781200002,0.00023269653320300002,0.000349998474121,0.0035667419433590003,0.005126953125,0.007606506347656,0.008102416992187,0.008346557617187," 0.00994873046875]""",0.015121459960937,0.0038490295410150005,0.9907812476158141,0.004431484732776001,0.00390625,0.00026321411132800005,0.00244140625,0.0021324157714840003,0.506828703703703,0.5069444444444441,0.00011574074074
500623652875,5006236528,75,0,360093740032,1.0,"""[0.000140190124511",0.00018119812011700001,0.00021839141845700002,0.003055572509765,0.004493713378906,0.005416870117187,0.007499694824218001,0.008102416992187,0.00830078125,0.008438110351562," 0.009109497070312]""",0.009658813476562,0.004974365234375,3.8163857460021973,0.022161858156323003,0.00390625,0.00026416778564400005,0.002349853515625,0.00198745727539,0.508912037037037,0.5090277777777771,0.00011574074074
