UniqJobId,collection_id,instance_index,priority,machine_id,sample_rate,cpu_usage_distribution1,cpu_usage_distribution2,cpu_usage_distribution3,cpu_usage_distribution4,cpu_usage_distribution5,cpu_usage_distribution6,cpu_usage_distribution7,cpu_usage_distribution8,cpu_usage_distribution9,cpu_usage_distribution10,cpu_usage_distribution11,max_cpu,avg_cpu,cycles_per_instruction,memory_accesses_per_instruction,assigned_memory,page_cache_memory,max_memory,avg_memory,start_time,end_time,time_window
500623652848,5006236528,48,0,21473966,1.0,"""[0.000106811523437",0.00011825561523400002,0.000130653381347,0.00014209747314400002,0.000152587890625,0.00016403198242100002,0.000175476074218,0.00105857849121,0.004707336425781,0.006813049316406," 0.008453369140625]""",0.012954711914062,0.0018062591552730001,1.748969554901123,0.004673556424677001,0.00390625,0.00017166137695300002,0.002265930175781,0.001911163330078,0.5001157407407401,0.500231481481481,0.00011574074074
500623652848,5006236528,48,0,21473966,1.0,"""[0.00010204315185500001",0.000111579895019,0.00012111663818300001,0.000130653381347,0.000152587890625,0.000175476074218,0.000506401062011,0.004554748535156,0.007392883300781,0.00823974609375," 0.008636474609375]""",0.008575439453125,0.002567291259765,1.7929749488830562,0.004880041349679,0.00390625,0.000170707702636,0.002151489257812,0.00191307067871,0.500231481481481,0.500347222222222,0.00011574074074
500623652848,5006236528,48,0,21473966,1.0,"""[0.000115394592285",0.000123977661132,0.00013351440429600002,0.00014591217041000002,0.00015830993652300002,0.00017166137695300002,0.00021839141845700002,0.003711700439453,0.0057373046875,0.008087158203125," 0.009262084960937]""",0.009246826171875,0.002265930175781,5.522060394287109,0.0225795134902,0.00390625,0.00017356872558500002,0.00213623046875,0.0017776489257810002,0.5081018518518511,0.508217592592592,0.00011574074074
500623652848,5006236528,48,0,21473966,1.0,"""[0.0001220703125",0.000139236450195,0.00015163421630800001,0.00016307830810500002,0.000175476074218,0.00032615661621000004,0.0035705566406250004,0.005935668945312,0.0078125,0.008148193359375," 0.008834838867187]""",0.010955810546875,0.0030326843261710003,3.228493690490722,0.011615877971053,0.00390625,0.00016975402832,0.001968383789062,0.0017681121826170001,0.500462962962963,0.500578703703703,0.00011574074074
500623652848,5006236528,48,0,21473966,1.0,"""[0.000114440917968",0.000127792358398,0.00014114379882800002,0.000155448913574,0.00016880035400300002,0.00022029876708900002,0.003543853759765,0.005279541015625,0.007492065429687,0.007965087890625," 0.008865356445312]""",0.008865356445312,0.0029144287109370004,1.81320834159851,0.004886447452008,0.00390625,0.00018310546875,0.0021018981933590003,0.001796722412109,0.502546296296296,0.502662037037037,0.00011574074074
500623652848,5006236528,48,0,21473966,1.0,"""[0.000127792358398",0.00014114379882800002,0.00015068054199200001,0.000160217285156,0.00016975402832,0.00019359588623000002,0.00039577484130800004,0.005149841308593001,0.007888793945312,0.00823974609375," 0.014419555664062]""",0.014434814453125002,0.002765655517578,4.629100322723388,0.017324399203062002,0.00390625,0.00016403198242100002,0.003913879394531,0.001960754394531,0.5085648148148141,0.5086481481481481,8.333333333333333e-05
500623652848,5006236528,48,0,21473966,1.0,"""[0.000128746032714",0.000153541564941,0.000175476074218,0.0012950897216790001,0.004096984863281,0.005264282226562,0.007469177246093001,0.00799560546875,0.008163452148437,0.008346557617187," 0.00897216796875]""",0.01751708984375,0.004753112792968001,1.751507759094238,0.0036253773141650004,0.00390625,0.000351905822753,0.001953125,0.001626968383789,0.5087962962962961,0.508912037037037,0.00011574074074
500623652848,5006236528,48,0,21473966,1.0,"""[0.00011825561523400002",0.000144958496093,0.00016307830810500002,0.000249862670898,0.003944396972656,0.005279541015625,0.007339477539062,0.008056640625,0.008132934570312,0.00823974609375," 0.009384155273437]""",0.0093994140625,0.004638671875,1.57241404056549,0.0043331100605420005,0.00390625,0.00017166137695300002,0.0020103454589840003,0.0018634796142570002,0.5069444444444441,0.507060185185185,0.00011574074074
500623652848,5006236528,48,0,21473966,1.0,"""[0.000115394592285",0.00016212463378900002,0.000616073608398,0.00339126586914,0.004447937011718001,0.006385803222656,0.007614135742187,0.008041381835937,0.0081787109375,0.00830078125," 0.008895874023437]""",0.009933471679687,0.005157470703125,1.751507759094238,0.0036253775469950004,0.00390625,0.00035285949707000003,0.0019645690917960003,0.001667022705078,0.508912037037037,0.5090277777777771,0.00011574074074
500623652848,5006236528,48,0,21473966,1.0,"""[0.000113487243652",0.000123977661132,0.000139236450195,0.00015926361083900002,0.000196456909179,0.0029258728027340003,0.00469970703125,0.007347106933593001,0.007965087890625,0.008163452148437," 0.009109497070312]""",0.01165771484375,0.0035705566406250004,4.847776412963867,0.01830193772912,0.00390625,0.00016975402832,0.002033233642578,0.0017776489257810002,0.501851851851851,0.501967592592592,0.00011574074074
500623652848,5006236528,48,0,21473966,1.0,"""[0",0.0,0.0,0.0,0.0,0.0,0.0,0.0,0.0,0.0," 0]""",0.0,0.0,4.52439022064209,0.016708174720406,0.00390625,0.000244140625,0.00026416778564400005,0.00026416778564400005,0.5086512345679011,0.50865162037037,3.858024691358024e-07
500623652848,5006236528,48,0,21473966,1.0,"""[0.00011825561523400002",0.000144958496093,0.000164985656738,0.00021362304687500003,0.0030479431152340003,0.004425048828125,0.006202697753906,0.007545471191406,0.007904052734375,0.008102416992187," 0.008697509765625]""",0.016387939453125,0.004135131835937,2.058621644973754,0.0061597153544420006,0.00390625,0.00016784667968700002,0.0021324157714840003,0.0018234252929680002,0.505902777777777,0.5060185185185181,0.00011574074074
500623652848,5006236528,48,0,21473966,1.0,"""[0.000114440917968",0.000128746032714,0.00014591217041000002,0.00016403198242100002,0.0005989074707030001,0.003589630126953,0.004684448242187,0.006134033203125001,0.007591247558593001,0.008071899414062," 0.008514404296875]""",0.016754150390625,0.0036163330078120004,4.816885471343994,0.019039472565054002,0.00390625,0.00017166137695300002,0.00204849243164,0.0018062591552730001,0.502314814814814,0.502430555555555,0.00011574074074
500623652848,5006236528,48,0,21473966,1.0,"""[0.000115394592285",0.000123023986816,0.000130653381347,0.00014209747314400002,0.000155448913574,0.00016784667968700002,0.000222206115722,0.002216339111328,0.004844665527343001,0.007469177246093001," 0.008758544921875]""",0.008758544921875,0.001932144165039,4.606590747833252,0.018129143863916,0.00390625,0.00016975402832,0.002201080322265,0.0016708374023430002,0.500810185185185,0.500925925925925,0.00011574074074
500623652848,5006236528,48,0,21473966,1.0,"""[0.00011825561523400002",0.00013351440429600002,0.00014114379882800002,0.00014781951904200002,0.000155448913574,0.00016307830810500002,0.000170707702636,0.00019359588623000002,0.00033760070800700005,0.00726318359375," 0.008773803710937]""",0.008758544921875,0.0012969970703120002,1.868381142616272,0.005405018571764,0.00390625,0.00017166137695300002,0.002059936523437,0.001796722412109,0.5067129629629631,0.506828703703703,0.00011574074074
500623652848,5006236528,48,0,21473966,1.0,"""[0.00012016296386700001",0.00013828277587800002,0.00015068054199200001,0.00016307830810500002,0.00017642974853500002,0.001056671142578,0.004180908203125,0.006805419921875001,0.007621765136718001,0.008010864257812," 0.008407592773437]""",0.014938354492187,0.003273010253906,5.6230692863464355,0.022779066115617003,0.00390625,0.000170707702636,0.002113342285156,0.0017681121826170001,0.5031249999999999,0.50324074074074,0.00011574074074
500623652848,5006236528,48,0,21473966,1.0,"""[0.000113487243652",0.0005722045898430001,0.003501892089843,0.004623413085937,0.005943298339843001,0.007080078125,0.007736206054687,0.008087158203125,0.008224487304687,0.00836181640625," 0.0091552734375]""",0.011856079101562,0.005950927734375001,1.625486135482788,0.0033631504047660003,0.00390625,0.00017261505126900002,0.002357482910156,0.0019054412841790001,0.5074074074074071,0.507523148148148,0.00011574074074
500623652848,5006236528,48,0,21473966,1.0,"""[0.00011920928955000001",0.000135421752929,0.000148773193359,0.00016212463378900002,0.000174522399902,0.00030422210693300004,0.004425048828125,0.007392883300781,0.008102416992187,0.008438110351562," 0.009567260742187]""",0.009552001953125,0.003364562988281,1.625486135482788,0.0033631504047660003,0.00390625,0.00018119812011700001,0.0025749206542960003,0.001840591430664,0.507523148148148,0.5076388888888881,0.00011574074074
500623652848,5006236528,48,0,21473966,1.0,"""[0.000116348266601",0.000144958496093,0.00016880035400300002,0.0031242370605460003,0.004753112792968001,0.006294250488281,0.007530212402343001,0.00787353515625,0.008071899414062,0.008224487304687," 0.0087890625]""",0.0167236328125,0.005050659179687,4.40721845626831,0.016666969284415002,0.00390625,0.000170707702636,0.0021018981933590003,0.001871109008789,0.505671296296296,0.5057870370370371,0.00011574074074
500623652848,5006236528,48,0,21473966,1.0,"""[0.00039291381835900003",0.00039291381835900003,0.00039291381835900003,0.0032653808593750004,0.003284454345703,0.00567626953125,0.008102416992187,0.008163452148437,0.009185791015625,0.009185791015625," 0.009185791015625]""",0.01849365234375,0.007469177246093001,4.52439022064209,0.016708174720406,0.00390625,0.00025272369384700004,0.0010967254638670001,0.000767707824707,0.5086481481481481,0.5086496913580241,1.5432098765432092e-06
500623652848,5006236528,48,0,21473966,1.0,"""[0.00012111663818300001",0.000128746032714,0.000140190124511,0.000153541564941,0.00016689300537100002,0.00020408630371000002,0.0015850067138670001,0.004203796386718001,0.006210327148437,0.007759094238281," 0.008682250976562]""",0.009017944335937,0.0024261474609370004,4.8190388679504395,0.018988056108355002,0.00390625,0.00017166137695300002,0.0019950866699210003,0.0018749237060540001,0.502083333333333,0.502199074074074,0.00011574074074
500623652848,5006236528,48,0,21473966,1.0,"""[0.0001220703125",0.000139236450195,0.00015068054199200001,0.00016307830810500002,0.000174522399902,0.002349853515625,0.005546569824218001,0.007766723632812,0.008102416992187,0.00823974609375," 0.008743286132812]""",0.008758544921875,0.003711700439453,2.293789625167846,0.006353808566927001,0.00390625,0.00016880035400300002,0.001983642578125,0.0018005371093750002,0.50636574074074,0.5064814814814811,0.00011574074074
500623652848,5006236528,48,0,21473966,1.0,"""[0.000116348266601",0.00013637542724600002,0.00014781951904200002,0.000160217285156,0.00017166137695300002,0.0013198852539060002,0.004493713378906,0.007530212402343001,0.008010864257812,0.008193969726562," 0.009170532226562]""",0.0091552734375,0.0034599304199210003,1.689559936523437,0.004539732355624,0.00390625,0.000170707702636,0.002098083496093,0.001781463623046,0.504513888888888,0.504629629629629,0.00011574074074
500623652848,5006236528,48,0,21473966,1.0,"""[0.000135421752929",0.00033760070800700005,0.004447937011718001,0.005943298339843001,0.007705688476562,0.00799560546875,0.008102416992187,0.0081787109375,0.008270263671875,0.008438110351562," 0.011337280273437]""",0.011444091796875002,0.006439208984375001,2.024209976196289,0.005752563942223001,0.00390625,0.00017166137695300002,0.002265930175781,0.0019168853759760002,0.5064814814814811,0.506597222222222,0.00011574074074
500623652848,5006236528,48,0,21473966,1.0,"""[0.000109672546386",0.0001220703125,0.00013351440429600002,0.00014591217041000002,0.00015735626220700002,0.00016975402832,0.000205993652343,0.0009374618530270001,0.004386901855468001,0.007369995117187," 0.008529663085937]""",0.00836181640625,0.0018253326416010002,4.606590747833252,0.018129143863916,0.00390625,0.00016975402832,0.001956939697265,0.0016765594482420001,0.500694444444444,0.500810185185185,0.00011574074074
500623652848,5006236528,48,0,21473966,1.0,"""[0.000111579895019",0.000126838684082,0.000144958496093,0.00016307830810500002,0.000249862670898,0.002399444580078,0.005020141601562,0.00787353515625,0.008163452148437,0.008285522460937," 0.0091552734375]""",0.010406494140625,0.003620147705078,1.562424421310424,0.004148471169173,0.00390625,0.00016784667968700002,0.00210952758789,0.0017757415771480001,0.50474537037037,0.5048611111111111,0.00011574074074
500623652848,5006236528,48,0,21473966,1.0,"""[0.00011825561523400002",0.000140190124511,0.00015735626220700002,0.000175476074218,0.00037384033203100004,0.004493713378906,0.006294250488281,0.007583618164062,0.008010864257812,0.008255004882812," 0.009048461914062]""",0.010650634765625,0.003990173339843001,1.563338041305542,0.0041529247537250005,0.00390625,0.000170707702636,0.002155303955078,0.0017642974853510002,0.5048611111111111,0.504976851851851,0.00011574074074
500623652848,5006236528,48,0,21473966,1.0,"""[0.00010871887207",0.0001220703125,0.000139236450195,0.000164985656738,0.00130271911621,0.0038185119628900005,0.005165100097656,0.007087707519531,0.007949829101562,0.008193969726562," 0.009033203125]""",0.009063720703125,0.0038146972656250004,5.409229755401611,0.02185483276844,0.00390625,0.00016975402832,0.002105712890625,0.0018787384033200002,0.501157407407407,0.501273148148148,0.00011574074074
500623652848,5006236528,48,0,21473966,1.0,"""[0.000113487243652",0.00014209747314400002,0.000164985656738,0.000351905822753,0.00314712524414,0.005241394042968001,0.007217407226562,0.008010864257812,0.008148193359375,0.00830078125," 0.009140014648437]""",0.016357421875,0.004531860351562,4.44777488708496,0.016960540786385002,0.00390625,0.00017356872558500002,0.0024375915527340003,0.0018291473388670001,0.5053240740740741,0.505439814814814,0.00011574074074
500623652848,5006236528,48,0,21473966,1.0,"""[0.00012016296386700001",0.00015068054199200001,0.000299453735351,0.003730773925781,0.004974365234375,0.006790161132812,0.007591247558593001,0.00787353515625,0.008026123046875,0.0081787109375," 0.008956909179687]""",0.01617431640625,0.005226135253906,4.40721845626831,0.016666969284415002,0.00390625,0.00016880035400300002,0.0022544860839840003,0.001880645751953,0.5055555555555551,0.505671296296296,0.00011574074074
500623652848,5006236528,48,0,21473966,1.0,"""[0.000124931335449",0.00014686584472600002,0.00016784667968700002,0.00063419342041,0.0037498474121090003,0.005325317382812,0.007682800292968001,0.008087158203125,0.008209228515625,0.008407592773437," 0.00946044921875]""",0.016082763671875,0.004714965820312,1.477843642234802,0.00277715944685,0.00390625,0.000175476074218,0.002311706542968,0.002017974853515,0.5076388888888881,0.507754629629629,0.00011574074074
500623652848,5006236528,48,0,21473966,1.0,"""[0.000109672546386",0.00013637542724600002,0.000155448913574,0.000174522399902,0.002685546875,0.004638671875,0.006340026855468001,0.007843017578125,0.008132934570312,0.008285522460937," 0.009078979492187]""",0.00909423828125,0.0042724609375,1.798751235008239,0.004818327724933001,0.00390625,0.000170707702636,0.003028869628906,0.001911163330078,0.502777777777777,0.502893518518518,0.00011574074074
500623652848,5006236528,48,0,21473966,1.0,"""[0.000115394592285",0.000128746032714,0.000140190124511,0.00015068054199200001,0.000161170959472,0.00017166137695300002,0.00021553039550700003,0.000995635986328,0.005409240722656,0.007766723632812," 0.008682250976562]""",0.010757446289062,0.001949310302734,4.638218879699707,0.016721261665225,0.00390625,0.000170707702636,0.0022087097167960003,0.001873016357421,0.50162037037037,0.501736111111111,0.00011574074074
500623652848,5006236528,48,0,21473966,1.0,"""[0.00011825561523400002",0.000130653381347,0.00014114379882800002,0.00015068054199200001,0.000161170959472,0.000170707702636,0.00021839141845700002,0.002830505371093,0.007530212402343001,0.008010864257812," 0.008834838867187]""",0.016082763671875,0.002304077148437,2.154750108718872,0.006589779630303,0.00390625,0.00016880035400300002,0.0022392272949210003,0.001960754394531,0.5057870370370371,0.505902777777777,0.00011574074074
500623652848,5006236528,48,0,21473966,1.0,"""[0.00011730194091700002",0.00014781951904200002,0.00033473968505800004,0.003684997558593,0.004898071289062,0.006668090820312,0.007499694824218001,0.007888793945312,0.008087158203125,0.0081787109375," 0.008834838867187]""",0.012283325195312,0.005218505859375,1.494551539421081,0.003476022509858,0.00390625,0.000170707702636,0.002243041992187,0.001842498779296,0.504050925925925,0.504166666666666,0.00011574074074
500623652848,5006236528,48,0,21473966,1.0,"""[0.000107765197753",0.000134468078613,0.000144004821777,0.000154495239257,0.00016403198242100002,0.000174522399902,0.00024223327636700001,0.00347900390625,0.007064819335937,0.008224487304687," 0.009750366210937]""",0.009750366210937,0.0023193359375,1.046377897262573,0.001065800082869,0.00390625,0.00016975402832,0.002212524414062,0.001960754394531,0.507986111111111,0.5081018518518511,0.00011574074074
500623652848,5006236528,48,0,21473966,1.0,"""[0.000115394592285",0.000128746032714,0.000139236450195,0.000148773193359,0.00015735626220700002,0.00016689300537100002,0.00017738342285100002,0.0015106201171870002,0.005233764648437,0.008056640625," 0.009231567382812]""",0.00921630859375,0.001976013183593,2.220475196838378,0.006293299142271,0.00390625,0.000174522399902,0.002201080322265,0.0019378662109370002,0.506134259259259,0.5062500000000001,0.00011574074074
500623652848,5006236528,48,0,21473966,1.0,"""[0.000116348266601",0.000124931335449,0.000134468078613,0.00014591217041000002,0.00015735626220700002,0.00016784667968700002,0.000216484069824,0.001333236694335,0.004981994628906,0.007614135742187," 0.008407592773437]""",0.016326904296875,0.001934051513671,1.91044795513153,0.005342905875295001,0.00390625,0.00017166137695300002,0.0019950866699210003,0.001749038696289,0.502893518518518,0.503009259259259,0.00011574074074
500623652848,5006236528,48,0,21473966,1.0,"""[0.00012111663818300001",0.000139236450195,0.000154495239257,0.00016975402832,0.0005416870117180001,0.003894805908203,0.005599975585937,0.006706237792968001,0.00750732421875,0.007919311523437," 0.00872802734375]""",0.014999389648437,0.0037498474121090003,1.758999705314636,0.004539702087640001,0.00390625,0.00016975402832,0.00204849243164,0.0017108917236320002,0.503587962962962,0.503703703703703,0.00011574074074
500623652848,5006236528,48,0,21473966,1.0,"""[0.00011825561523400002",0.000125885009765,0.00013637542724600002,0.000153541564941,0.000170707702636,0.00027370452880800004,0.00339126586914,0.005081176757812,0.006843566894531,0.007575988769531," 0.0086669921875]""",0.015960693359375,0.00278091430664,1.45882773399353,0.0033036191016430003,0.00390625,0.00016975402832,0.002044677734375,0.0017147064208980001,0.503819444444444,0.503935185185185,0.00011574074074
500623652848,5006236528,48,0,21473966,1.0,"""[0.000114440917968",0.000125885009765,0.00013732910156200002,0.00015068054199200001,0.00016307830810500002,0.000175476074218,0.001214981079101,0.005126953125,0.007057189941406,0.007652282714843001," 0.00946044921875]""",0.015655517578125,0.00265884399414,1.45882773399353,0.0033036191016430003,0.00390625,0.000170707702636,0.00274658203125,0.00210952758789,0.503935185185185,0.504050925925925,0.00011574074074
500623652848,5006236528,48,0,21473966,1.0,"""[0.000110626220703",0.000125885009765,0.00014305114746000002,0.00015926361083900002,0.00017642974853500002,0.000726699829101,0.005149841308593001,0.007156372070312,0.007766723632812,0.00811767578125," 0.009002685546875]""",0.008987426757812,0.00345230102539,4.816885471343994,0.019039472565054002,0.00390625,0.00017642974853500002,0.002021789550781,0.0018386840820310002,0.502199074074074,0.502314814814814,0.00011574074074
500623652848,5006236528,48,0,21473966,1.0,"""[0.000116348266601",0.000126838684082,0.00014305114746000002,0.00016403198242100002,0.0010833740234370002,0.004280090332031,0.005264282226562,0.007469177246093001,0.008102416992187,0.008331298828125," 0.009140014648437]""",0.011001586914062,0.0038795471191400005,1.759673714637756,0.00475550815463,0.00390625,0.00017261505126900002,0.002063751220703,0.00185203552246,0.504166666666666,0.504282407407407,0.00011574074074
500623652848,5006236528,48,0,21473966,0.990000009536743,"""[0.000125885009765",0.000148773193359,0.00016880035400300002,0.00036525726318300004,0.0031890869140620004,0.005142211914062,0.006698608398437,0.0076904296875,0.007980346679687,0.008209228515625," 0.008758544921875]""",0.073486328125,0.004554748535156,1.759673714637756,0.00475550815463,0.00390625,0.00017166137695300002,0.002281188964843,0.0019054412841790001,0.504282407407407,0.504398148148148,0.00011574074074
500623652848,5006236528,48,0,21473966,1.0,"""[0.0001220703125",0.00013351440429600002,0.000144004821777,0.000153541564941,0.00016403198242100002,0.00017356872558500002,0.000341415405273,0.004402160644531,0.007392883300781,0.00823974609375," 0.00921630859375]""",0.009185791015625,0.002510070800781,2.293789625167846,0.006353808566927001,0.00390625,0.00016880035400300002,0.002090454101562,0.0017452239990230001,0.5062500000000001,0.50636574074074,0.00011574074074
500623652848,5006236528,48,0,21473966,1.0,"""[0.000126838684082",0.00014209747314400002,0.000155448913574,0.00016880035400300002,0.00021362304687500003,0.0035667419433590003,0.005592346191406,0.00775146484375,0.00811767578125,0.008331298828125," 0.008819580078125]""",0.008819580078125,0.0038909912109370004,5.522060394287109,0.0225795134902,0.00390625,0.00017356872558500002,0.0022697448730460003,0.002002716064453,0.5083333333333331,0.508449074074074,0.00011574074074
500623652848,5006236528,48,0,21473966,1.0,"""[0.00011730194091700002",0.00013637542724600002,0.00014781951904200002,0.000160217285156,0.00017166137695300002,0.00019741058349600002,0.000310897827148,0.003711700439453,0.007408142089843001,0.00811767578125," 0.00897216796875]""",0.0164794921875,0.002464294433593,0.0,0.0,0.00390625,0.000349998474121,0.001796722412109,0.001504898071289,0.508680555555555,0.5087962962962961,0.00011574074074
500623652848,5006236528,48,0,21473966,1.0,"""[0.00010871887207",0.00011920928955000001,0.000130653381347,0.00014591217041000002,0.000161170959472,0.000186920166015,0.0036735534667960003,0.005485534667968001,0.007484436035156,0.008010864257812," 0.008758544921875]""",0.01251220703125,0.0029449462890620004,5.409229755401611,0.02185483276844,0.00390625,0.00017642974853500002,0.002174377441406,0.001827239990234,0.501041666666666,0.501157407407407,0.00011574074074
500623652848,5006236528,48,0,21473966,1.0,"""[0.000109672546386",0.00015830993652300002,0.000348091125488,0.0035972595214840003,0.004524230957031,0.005790710449218001,0.007545471191406,0.008071899414062,0.008209228515625,0.00836181640625," 0.009048461914062]""",0.01324462890625,0.005149841308593001,1.751507759094238,0.0036253775469950004,0.00390625,0.000351905822753,0.0020866394042960003,0.001705169677734,0.5090277777777771,0.509143518518518,0.00011574074074
500623652848,5006236528,48,0,21473966,1.0,"""[0.00011730194091700002",0.00013160705566400002,0.000140190124511,0.00014781951904200002,0.000155448913574,0.00016307830810500002,0.000170707702636,0.00020217895507800002,0.0030174255371090003,0.007064819335937," 0.008392333984375]""",0.016265869140625,0.0014781951904290001,1.588029742240905,0.004047713708132001,0.00390625,0.000170707702636,0.001918792724609,0.001657485961914,0.5071759259259261,0.507291666666666,0.00011574074074
500623652848,5006236528,48,0,21473966,1.0,"""[0.00010871887207",0.000127792358398,0.00014305114746000002,0.00015735626220700002,0.00017166137695300002,0.00030136108398400003,0.0037498474121090003,0.005424499511718001,0.007423400878906,0.008148193359375," 0.008880615234375]""",0.013748168945312,0.003074645996093,4.628533840179443,0.016648208722472,0.00390625,0.000170707702636,0.0020561218261710003,0.0017719268798820002,0.501388888888888,0.501504629629629,0.00011574074074
500623652848,5006236528,48,0,21473966,1.0,"""[0.000113487243652",0.0001220703125,0.00013160705566400002,0.00015068054199200001,0.00017166137695300002,0.0005941390991210001,0.0042724609375,0.006607055664062,0.007659912109375001,0.007965087890625," 0.00970458984375]""",0.009963989257812,0.003211975097656,1.758999705314636,0.004539702087640001,0.00390625,0.00017356872558500002,0.002017974853515,0.001819610595703,0.503356481481481,0.503472222222222,0.00011574074074
500623652848,5006236528,48,0,21473966,1.0,"""[0.000116348266601",0.00013160705566400002,0.00014305114746000002,0.000154495239257,0.000164985656738,0.000179290771484,0.00090217590332,0.004669189453125,0.007560729980468001,0.00811767578125," 0.008819580078125]""",0.014755249023437,0.002647399902343,1.759673714637756,0.00475550815463,0.00390625,0.00016784667968700002,0.002155303955078,0.001796722412109,0.504398148148148,0.504513888888888,0.00011574074074
500623652848,5006236528,48,0,21473966,1.0,"""[0.000107765197753",0.000127792358398,0.000140190124511,0.00015068054199200001,0.000160217285156,0.000170707702636,0.00022029876708900002,0.00213623046875,0.005416870117187,0.007919311523437," 0.008575439453125]""",0.016357421875,0.00210952758789,3.605869054794311,0.013399456627666001,0.00390625,0.00016880035400300002,0.002017974853515,0.00175666809082,0.500578703703703,0.500694444444444,0.00011574074074
500623652848,5006236528,48,0,21473966,1.0,"""[0.000112533569335",0.000123023986816,0.000134468078613,0.00014686584472600002,0.00015926361083900002,0.000170707702636,0.00023078918457,0.0032806396484370004,0.005722045898437,0.007759094238281," 0.008880615234375]""",0.0087890625,0.002140045166015,1.798751235008239,0.004818327724933001,0.00390625,0.00017166137695300002,0.00235366821289,0.0016727447509760002,0.502662037037037,0.502777777777777,0.00011574074074
500623652848,5006236528,48,0,21473966,1.0,"""[0.000113487243652",0.000129699707031,0.00014114379882800002,0.00015068054199200001,0.000161170959472,0.00017166137695300002,0.00107192993164,0.004531860351562,0.006904602050781,0.007965087890625," 0.008453369140625]""",0.011123657226562,0.0025291442871090003,4.977889060974121,0.020797846838831003,0.00390625,0.00016880035400300002,0.002105712890625,0.0018787384033200002,0.5050925925925921,0.505208333333333,0.00011574074074
500623652848,5006236528,48,0,21473966,1.0,"""[0.000123023986816",0.000134468078613,0.000149726867675,0.00016403198242100002,0.00019454956054600002,0.002399444580078,0.004150390625,0.006217956542968001,0.007225036621093001,0.007827758789062," 0.008682250976562]""",0.01611328125,0.003242492675781,1.836006760597229,0.004903194494545,0.00390625,0.00017642974853500002,0.002113342285156,0.0019226074218750002,0.50324074074074,0.503356481481481,0.00011574074074
500623652848,5006236528,48,0,21473966,1.0,"""[0.000123977661132",0.000135421752929,0.000144958496093,0.000155448913574,0.000164985656738,0.000174522399902,0.00125503540039,0.006294250488281,0.00799560546875,0.00823974609375," 0.008682250976562]""",0.009078979492187,0.00286865234375,4.40721845626831,0.016666969284415002,0.00390625,0.000170707702636,0.002090454101562,0.00185203552246,0.505439814814814,0.5055555555555551,0.00011574074074
500623652848,5006236528,48,0,21473966,1.0,"""[0.00011730194091700002",0.000140190124511,0.00016403198242100002,0.00047111511230400006,0.003936767578125,0.005119323730468001,0.006462097167968001,0.0079345703125,0.0081787109375,0.00836181640625," 0.009231567382812]""",0.016448974609375,0.004585266113281,5.50703477859497,0.022357456386089002,0.00390625,0.00035285949707000003,0.00204849243164,0.0017623901367180002,0.509375,0.5094907407407401,0.00011574074074
500623652848,5006236528,48,0,21473966,1.0,"""[0",0.0,0.0,0.0,0.0,3.814697265625e-06,7.62939453125e-06,7.62939453125e-06,7.62939453125e-06,7.62939453125e-06," 7.62939453125e-06]""",0.0,0.0,0.0,0.0,0.00390625,0.0,9.5367431640625e-07,9.5367431640625e-07,0.508650462962963,0.508650848765432,3.858024691358024e-07
500623652848,5006236528,48,0,21473966,1.0,"""[0.0001220703125",0.00014305114746000002,0.00015735626220700002,0.00017166137695300002,0.000285148620605,0.003303527832031,0.004714965820312,0.006744384765625001,0.007728576660156,0.008056640625," 0.009170532226562]""",0.0130615234375,0.0035705566406250004,4.847776412963867,0.01830193772912,0.00390625,0.00017166137695300002,0.001976013183593,0.001712799072265,0.501967592592592,0.502083333333333,0.00011574074074
500623652848,5006236528,48,0,21473966,1.0,"""[0.000109672546386",0.000125885009765,0.00014305114746000002,0.00016212463378900002,0.00019454956054600002,0.0015850067138670001,0.005851745605468001,0.007659912109375001,0.008056640625,0.0081787109375," 0.008773803710937]""",0.008758544921875,0.00363540649414,2.058621644973754,0.0061597153544420006,0.00390625,0.000174522399902,0.002033233642578,0.0017852783203120002,0.5060185185185181,0.506134259259259,0.00011574074074
500623652848,5006236528,48,0,21473966,1.0,"""[0.000115394592285",0.000124931335449,0.00013351440429600002,0.00014209747314400002,0.00015068054199200001,0.00015926361083900002,0.00016784667968700002,0.00018310546875,0.000338554382324,0.005821228027343001," 0.008865356445312]""",0.01617431640625,0.0011577606201170001,4.810252666473388,0.019074499607086,0.00390625,0.000170707702636,0.002021789550781,0.001810073852539,0.500925925925925,0.501041666666666,0.00011574074074
500623652848,5006236528,48,0,21473966,1.0,"""[0.000114440917968",0.000126838684082,0.00013828277587800002,0.000148773193359,0.00015830993652300002,0.00016880035400300002,0.000195503234863,0.00033760070800700005,0.004783630371093001,0.007843017578125," 0.00897216796875]""",0.00982666015625,0.001882553100585,5.6230692863464355,0.022779066115617003,0.00390625,0.00017356872558500002,0.002159118652343,0.001871109008789,0.503009259259259,0.5031249999999999,0.00011574074074
500623652848,5006236528,48,0,21473966,1.0,"""[0.000125885009765",0.00013637542724600002,0.00014305114746000002,0.000149726867675,0.000155448913574,0.00016212463378900002,0.00016784667968700002,0.000174522399902,0.00021839141845700002,0.001079559326171," 0.008514404296875]""",0.008514404296875,0.0007772445678710001,1.57241404056549,0.0043331100605420005,0.00390625,0.000174522399902,0.001998901367187,0.001932144165039,0.507060185185185,0.5071759259259261,0.00011574074074
500623652848,5006236528,48,0,21473966,1.0,"""[0.000126838684082",0.00014686584472600002,0.00016307830810500002,0.000186920166015,0.00038337707519500003,0.003742218017578,0.005195617675781,0.0076904296875,0.008132934570312,0.008346557617187," 0.009017944335937]""",0.008987426757812,0.003803253173828,1.842886686325073,0.0040811635553830005,0.00390625,0.000351905822753,0.002094268798828,0.0018615722656250002,0.5092592592592591,0.509375,0.00011574074074
500623652848,5006236528,48,0,21473966,1.0,"""[9.918212890625001e-05",0.00010871887207,0.00011920928955000001,0.000128746032714,0.000149726867675,0.00018405914306600003,0.0021324157714840003,0.004440307617187,0.006629943847656,0.008071899414062," 0.00848388671875]""",0.008468627929687,0.002616882324218,1.758999705314636,0.004539702087640001,0.00390625,0.00017356872558500002,0.002033233642578,0.001779556274414,0.503472222222222,0.503587962962962,0.00011574074074
500623652848,5006236528,48,0,21473966,1.0,"""[0.00012111663818300001",0.000154495239257,0.00024223327636700001,0.002288818359375,0.004356384277343001,0.00537109375,0.007240295410156,0.00787353515625,0.008087158203125,0.00830078125," 0.008758544921875]""",0.012985229492187,0.004890441894531,4.847776412963867,0.01830193772912,0.00390625,0.000175476074218,0.0022239685058590003,0.001840591430664,0.501736111111111,0.501851851851851,0.00011574074074
500623652848,5006236528,48,0,21473966,1.0,"""[0.000106811523437",0.00011825561523400002,0.000130653381347,0.000152587890625,0.00018215179443300001,0.00323486328125,0.005325317382812,0.006820678710937,0.0074462890625,0.007888793945312," 0.009063720703125]""",0.009048461914062,0.0035095214843750004,1.5894451141357422,0.0038414907176040004,0.00390625,0.00017166137695300002,0.0020408630371090003,0.00177001953125,0.503703703703703,0.503819444444444,0.00011574074074
500623652848,5006236528,48,0,21473966,1.0,"""[9.441375732421876e-05",0.00010490417480400001,0.00011730194091700002,0.000128746032714,0.00014591217041000002,0.000164985656738,0.00022888183593700002,0.000922203063964,0.002403259277343,0.005752563476562," 0.008132934570312]""",0.008087158203125,0.0014343261718750002,0.0,0.0,0.00390625,0.00032234191894500003,0.0014629364013670001,0.001184463500976,0.5086512345679011,0.508680555555555,2.9320987654320982e-05
500623652848,5006236528,48,0,21473966,1.0,"""[0.000109672546386",0.0001220703125,0.000135421752929,0.00014781951904200002,0.00015926361083900002,0.00017166137695300002,0.000231742858886,0.003543853759765,0.006088256835937,0.007614135742187," 0.008529663085937]""",0.016510009765625,0.0023155212402340003,3.228493690490722,0.011615877971053,0.00390625,0.00016784667968700002,0.002128601074218,0.00172996520996,0.500347222222222,0.500462962962963,0.00011574074074
500623652848,5006236528,48,0,21473966,1.0,"""[0.00010585784912100001",0.00011730194091700002,0.000128746032714,0.000144004821777,0.00016212463378900002,0.000205039978027,0.0035667419433590003,0.005210876464843001,0.006935119628906,0.00787353515625," 0.008560180664062]""",0.015869140625,0.0028343200683590003,4.816885471343994,0.019039472565054002,0.00390625,0.00017261505126900002,0.002174377441406,0.0017948150634760002,0.502430555555555,0.502546296296296,0.00011574074074
500623652848,5006236528,48,0,21473966,1.0,"""[0.00013256072998000002",0.00014305114746000002,0.000154495239257,0.000165939331054,0.00018310546875,0.000297546386718,0.004684448242187,0.007698059082031,0.008102416992187,0.0081787109375," 0.009231567382812]""",0.014556884765625002,0.003360748291015,5.522060394287109,0.0225795134902,0.00390625,0.00016975402832,0.002037048339843,0.0018539428710930002,0.508449074074074,0.5085648148148141,0.00011574074074
500623652848,5006236528,48,0,21473966,1.0,"""[0.000125885009765",0.000140190124511,0.000154495239257,0.00016784667968700002,0.00026416778564400005,0.004402160644531,0.005928039550781,0.007530212402343001,0.007919311523437,0.008148193359375," 0.008758544921875]""",0.008758544921875,0.0038909912109370004,1.562424421310424,0.004148471169173,0.00390625,0.00016975402832,0.002059936523437,0.001819610595703,0.504629629629629,0.50474537037037,0.00011574074074
500623652848,5006236528,48,0,21473966,1.0,"""[0.000129699707031",0.00014114379882800002,0.00015163421630800001,0.00016212463378900002,0.00017261505126900002,0.00021266937255800001,0.003852844238281,0.005241394042968001,0.007728576660156,0.008285522460937," 0.00921630859375]""",0.015838623046875,0.0030059814453120004,1.6540508270263672,0.00462877517566,0.00390625,0.00017166137695300002,0.001991271972656,0.00180435180664,0.506828703703703,0.5069444444444441,0.00011574074074
500623652848,5006236528,48,0,21473966,1.0,"""[0.000113487243652",0.00013828277587800002,0.000152587890625,0.00016689300537100002,0.00020408630371000002,0.00090217590332,0.004638671875,0.006546020507812,0.007659912109375001,0.008087158203125," 0.008819580078125]""",0.016204833984375,0.00333023071289,5.247962474822998,0.020779307931661002,0.00390625,0.00017166137695300002,0.0021171569824210003,0.001810073852539,0.501273148148148,0.501388888888888,0.00011574074074
500623652848,5006236528,48,0,21473966,1.0,"""[0.000124931335449",0.00014591217041000002,0.00016307830810500002,0.000195503234863,0.00160789489746,0.0045166015625,0.005638122558593001,0.007675170898437,0.008132934570312,0.008316040039062," 0.009063720703125]""",0.01251220703125,0.004119873046875,1.751507759094238,0.0036253775469950004,0.00390625,0.000351905822753,0.002250671386718,0.0017166137695310002,0.509143518518518,0.5092592592592591,0.00011574074074
500623652848,5006236528,48,0,21473966,1.0,"""[0.000111579895019",0.000123977661132,0.00013828277587800002,0.000155448913574,0.00017261505126900002,0.00204849243164,0.005165100097656,0.007347106933593001,0.008087158203125,0.008270263671875," 0.00872802734375]""",0.00872802734375,0.0034637451171870004,1.625486135482788,0.0033631504047660003,0.00390625,0.000174522399902,0.002124786376953,0.001750946044921,0.507291666666666,0.5074074074074071,0.00011574074074
500623652848,5006236528,48,0,21473966,1.0,"""[0.000109672546386",0.00013256072998000002,0.00014114379882800002,0.000149726867675,0.00015830993652300002,0.00016689300537100002,0.000175476074218,0.00021839141845700002,0.0018482208251950002,0.007614135742187," 0.008941650390625]""",0.017425537109375,0.001482009887695,1.045038104057312,0.0010593602200970002,0.00390625,0.00016975402832,0.002063751220703,0.0017719268798820002,0.507754629629629,0.5078703703703701,0.00011574074074
