UniqJobId,collection_id,instance_index,priority,machine_id,sample_rate,cpu_usage_distribution1,cpu_usage_distribution2,cpu_usage_distribution3,cpu_usage_distribution4,cpu_usage_distribution5,cpu_usage_distribution6,cpu_usage_distribution7,cpu_usage_distribution8,cpu_usage_distribution9,cpu_usage_distribution10,cpu_usage_distribution11,max_cpu,avg_cpu,cycles_per_instruction,memory_accesses_per_instruction,assigned_memory,page_cache_memory,max_memory,avg_memory,start_time,end_time,time_window
500623652872,5006236528,72,0,250621732614,0.996666669845581,"""[0.00014781951904200002",0.000160217285156,0.00017356872558500002,0.000191688537597,0.00021171569824200001,0.000342369079589,0.0032043457031250004,0.005203247070312,0.008010864257812,0.00909423828125," 0.009674072265625]""",0.0223388671875,0.003192901611328,2.817622184753418,0.022678362205624,0.00390625,0.00036334991455000003,0.002216339111328,0.0018901824951170001,0.5081018518518511,0.508217592592592,0.00011574074074
500623652872,5006236528,72,0,250621732614,1.0,"""[0.000125885009765",0.000144004821777,0.00015735626220700002,0.000170707702636,0.00023651123046800003,0.0026397705078120004,0.004241943359375,0.005767822265625001,0.00860595703125,0.009140014648437," 0.01007080078125]""",0.010147094726562,0.0035667419433590003,3.361544132232666,0.031016796827316003,0.00390625,0.0003662109375,0.0023956298828120004,0.0020561218261710003,0.504629629629629,0.50474537037037,0.00011574074074
500623652872,5006236528,72,0,250621732614,1.0,"""[0.000129699707031",0.00013828277587800002,0.000144958496093,0.000152587890625,0.000160217285156,0.00016689300537100002,0.000174522399902,0.000221252441406,0.001161575317382,0.005706787109375001," 0.00946044921875]""",0.01690673828125,0.0013408660888670001,2.593931198120117,0.021418625488877,0.00390625,0.00035667419433500004,0.00223159790039,0.001956939697265,0.501157407407407,0.501273148148148,0.00011574074074
500623652872,5006236528,72,0,250621732614,1.0,"""[0.000153541564941",0.00016880035400300002,0.00018978118896400002,0.000216484069824,0.002311706542968,0.004447937011718001,0.005691528320312,0.008331298828125,0.008880615234375,0.009170532226562," 0.009719848632812]""",0.01800537109375,0.004440307617187,0.9631686210632321,0.006895353551954001,0.00390625,0.00036525726318300004,0.002159118652343,0.0018329620361320002,0.5071759259259261,0.507291666666666,0.00011574074074
500623652872,5006236528,72,0,250621732614,1.0,"""[0.00014305114746000002",0.000148773193359,0.000155448913574,0.000161170959472,0.00016784667968700002,0.00017356872558500002,0.00018882751464800002,0.00020885467529200002,0.000329971313476,0.005851745605468001," 0.009628295898437]""",0.009628295898437,0.0011653900146480001,2.523837804794311,0.021271921694278002,0.00390625,0.000361442565917,0.002105712890625,0.001956939697265,0.50162037037037,0.501736111111111,0.00011574074074
500623652872,5006236528,72,0,250621732614,1.0,"""[0.00013351440429600002",0.000144958496093,0.00015735626220700002,0.00016880035400300002,0.00018978118896400002,0.00023269653320300002,0.0033988952636710003,0.005584716796875001,0.008529663085937,0.009109497070312," 0.009780883789062]""",0.016357421875,0.003177642822265,2.523837804794311,0.021271921694278002,0.00390625,0.00036525726318300004,0.0022697448730460003,0.0018901824951170001,0.501736111111111,0.501851851851851,0.00011574074074
500623652872,5006236528,72,0,250621732614,1.0,"""[0",0.0,0.0,0.0,0.0,0.0,0.0,0.0,0.0,0.0,"0]""",0.0,0.0,0.0,0.0,0.00390625,0.0,9.5367431640625e-07,9.5367431640625e-07,0.501429783950617,0.5014301697530861,3.858024691358024e-07
500623652872,5006236528,72,0,250621732614,1.0,"""[0.00013256072998000002",0.00014686584472600002,0.000160217285156,0.000174522399902,0.00020217895507800002,0.000290870666503,0.0023612976074210003,0.005378723144531,0.007514953613281,0.009078979492187," 0.009872436523437]""",0.015136718749999998,0.003013610839843,3.161404371261596,0.026127658784389003,0.00390625,0.00036239624023400003,0.002323150634765,0.0019454956054680002,0.502083333333333,0.502199074074074,0.00011574074074
500623652872,5006236528,72,0,250621732614,1.0,"""[0.00013351440429600002",0.000144958496093,0.00015735626220700002,0.00016880035400300002,0.00018787384033200002,0.00022029876708900002,0.0018234252929680002,0.005271911621093001,0.008087158203125,0.009109497070312," 0.009552001953125]""",0.016845703125,0.002952575683593,3.435236692428588,0.028213178738951003,0.00390625,0.00036239624023400003,0.0023155212402340003,0.001960754394531,0.502314814814814,0.502430555555555,0.00011574074074
500623652872,5006236528,72,0,250621732614,1.0,"""[0.00014114379882800002",0.00014781951904200002,0.000153541564941,0.000160217285156,0.00016689300537100002,0.00017261505126900002,0.00018501281738200003,0.000205039978027,0.00026130676269500003,0.004508972167968001," 0.009811401367187]""",0.009780883789062,0.0009622573852530001,2.546397924423217,0.022821219637989002,0.00390625,0.00035572052001900005,0.002220153808593,0.002063751220703,0.500462962962963,0.500578703703703,0.00011574074074
500623652872,5006236528,72,0,250621732614,0.996666669845581,"""[0.00017261505126900002",0.000185966491699,0.000196456909179,0.00020790100097600002,0.00021839141845700002,0.00032615661621000004,0.002227783203125,0.005691528320312,0.008621215820312,0.009140014648437," 0.009902954101562]""",0.01141357421875,0.0030937194824210003,2.817622184753418,0.022678362205624,0.00390625,0.00036334991455000003,0.002704620361328,0.002037048339843,0.508449074074074,0.5085648148148141,0.00011574074074
500623652872,5006236528,72,0,250621732614,1.0,"""[0.00014305114746000002",0.00015163421630800001,0.000160217285156,0.00016975402832,0.000179290771484,0.00018882751464800002,0.00019836425781200002,0.00020885467529200002,0.00021839141845700002,0.00035476684570300005," 0.009262084960937]""",0.009429931640625,0.000530242919921,3.1570487022399902,0.026485709473490004,0.00390625,0.000361442565917,0.002063751220703,0.0018386840820310002,0.502662037037037,0.502777777777777,0.00011574074074
500623652872,5006236528,72,0,250621732614,0.9933333396911621,"""[0.000155448913574",0.000161170959472,0.00016689300537100002,0.00017261505126900002,0.00018215179443300001,0.00019836425781200002,0.00021553039550700003,0.00039386749267500003,0.004776000976562,0.008575439453125," 0.01007080078125]""",0.0458984375,0.002017974853515,0.935262739658355,0.005888072308152001,0.00390625,0.000361442565917,0.002296447753906,0.001983642578125,0.5090277777777771,0.509143518518518,0.00011574074074
500623652872,5006236528,72,0,250621732614,0.996666669845581,"""[0.000135421752929",0.000144004821777,0.000152587890625,0.00016212463378900002,0.000170707702636,0.000185966491699,0.00021076202392500003,0.00030422210693300004,0.00345230102539,0.007949829101562," 0.009918212890625]""",0.009918212890625,0.0016632080078120002,2.182045936584472,0.018239591270685,0.00390625,0.000361442565917,0.00244140625,0.001972198486328,0.50324074074074,0.503356481481481,0.00011574074074
500623652872,5006236528,72,0,250621732614,0.996666669845581,"""[0.00014686584472600002",0.000160217285156,0.00017261505126900002,0.00020885467529200002,0.0016460418701170001,0.004158020019531,0.005714416503906,0.008438110351562,0.00897216796875,0.009185791015625," 0.009719848632812]""",0.018890380859375,0.004264831542968001,0.974228501319885,0.006236907560378001,0.00390625,0.00036430358886700004,0.002246856689453,0.0018482208251950002,0.509143518518518,0.5092592592592591,0.00011574074074
500623652872,5006236528,72,0,250621732614,1.0,"""[0.00013160705566400002",0.000144004821777,0.00015735626220700002,0.00016975402832,0.00020217895507800002,0.0022239685058590003,0.004920959472656,0.006439208984375001,0.008880615234375,0.009140014648437," 0.010452270507812]""",0.018890380859375,0.00372314453125,1.542741537094116,0.012489725835621001,0.00390625,0.000361442565917,0.0023651123046870004,0.002082824707031,0.503356481481481,0.503472222222222,0.00011574074074
500623652872,5006236528,72,0,250621732614,1.0,"""[0.000144958496093",0.00015640258789,0.00016784667968700002,0.000179290771484,0.000191688537597,0.00020408630371000002,0.000216484069824,0.0005416870117180001,0.0057373046875,0.009033203125," 0.010345458984375]""",0.0191650390625,0.002201080322265,0.9631686210632321,0.006895353551954001,0.00390625,0.00036239624023400003,0.0021781921386710003,0.0017414093017570002,0.5074074074074071,0.507523148148148,0.00011574074074
500623652872,5006236528,72,0,250621732614,1.0,"""[0.0025444030761710003",0.0025444030761710003,0.0025444030761710003,0.0025444030761710003,0.0025444030761710003,0.0025444030761710003,0.0025444030761710003,0.0025444030761710003,0.0025444030761710003,0.0025444030761710003," 0.0025444030761710003]""",0.0,0.0,2.779989004135131,0.023768613114953003,0.00390625,0.00028228759765600004,0.00045585632324200004,0.00045585632324200004,0.5055119598765431,0.505512345679012,3.858024691358024e-07
500623652872,5006236528,72,0,250621732614,0.9933333396911621,"""[0.000139236450195",0.00014686584472600002,0.000155448913574,0.00016403198242100002,0.00017261505126900002,0.00019454956054600002,0.000299453735351,0.004074096679687,0.005928039550781,0.008804321289062," 0.010086059570312]""",0.015380859375,0.002510070800781,2.817622184753418,0.022678362205624,0.00390625,0.000361442565917,0.002212524414062,0.0019168853759760002,0.507986111111111,0.5081018518518511,0.00011574074074
500623652872,5006236528,72,0,250621732614,1.0,"""[0.000123023986816",0.00013732910156200002,0.000144958496093,0.000152587890625,0.00015926361083900002,0.00016689300537100002,0.000174522399902,0.00022029876708900002,0.001918792724609,0.007438659667968001," 0.009490966796875]""",0.009506225585937,0.001491546630859,0.941890597343444,0.007944107055664,0.00390625,0.00035476684570300005,0.002349853515625,0.001821517944335,0.500231481481481,0.500347222222222,0.00011574074074
500623652872,5006236528,72,0,250621732614,0.996666669845581,"""[0.00014209747314400002",0.000155448913574,0.00016880035400300002,0.00018787384033200002,0.00021362304687500003,0.003410339355468,0.005729675292968001,0.0086669921875,0.009033203125,0.009292602539062," 0.009719848632812]""",0.021148681640625,0.004180908203125,0.749621450901031,0.005407244898378001,0.00390625,0.000361442565917,0.00210952758789,0.001857757568359,0.50636574074074,0.5064814814814811,0.00011574074074
500623652872,5006236528,72,0,250621732614,1.0,"""[0.000129699707031",0.000140190124511,0.000149726867675,0.00015926361083900002,0.00016784667968700002,0.00018501281738200003,0.000329971313476,0.0034446716308590003,0.006294250488281,0.009078979492187," 0.009841918945312]""",0.010574340820312,0.002525329589843,2.601806879043579,0.023326428607106,0.00390625,0.00035572052001900005,0.002159118652343,0.0018558502197260002,0.500810185185185,0.500925925925925,0.00011574074074
500623652872,5006236528,72,0,250621732614,0.996666669845581,"""[0.00013637542724600002",0.00014209747314400002,0.000148773193359,0.000155448913574,0.00016212463378900002,0.00016880035400300002,0.000175476074218,0.00020790100097600002,0.00033283233642500003,0.005302429199218001," 0.009490966796875]""",0.017669677734375,0.001220703125,0.641944468021392,0.0033130149822680004,0.00390625,0.000361442565917,0.0021629333496090003,0.001834869384765,0.5067129629629631,0.506828703703703,0.00011574074074
500623652872,5006236528,72,0,250621732614,1.0,"""[0.00014686584472600002",0.000179290771484,0.00019359588623000002,0.00020694732666000002,0.00022888183593700002,0.003456115722656,0.005462646484375,0.007728576660156,0.00897216796875,0.009246826171875," 0.009735107421875]""",0.009902954101562,0.0040283203125,0.935262739658355,0.005888072308152001,0.00390625,0.00036334991455000003,0.002307891845703,0.0018844604492180002,0.5087962962962961,0.508912037037037,0.00011574074074
500623652872,5006236528,72,0,250621732614,0.996666669845581,"""[0.000135421752929",0.00014209747314400002,0.000149726867675,0.00015735626220700002,0.00016403198242100002,0.00017166137695300002,0.000191688537597,0.00030326843261700004,0.003864288330078,0.007736206054687," 0.009628295898437]""",0.009674072265625,0.0017471313476560002,3.361544132232666,0.031016796827316003,0.00390625,0.00036430358886700004,0.002201080322265,0.001941680908203,0.504976851851851,0.5050925925925921,0.00011574074074
500623652872,5006236528,72,0,250621732614,1.0,"""[0.00013351440429600002",0.00014209747314400002,0.00015163421630800001,0.000161170959472,0.000170707702636,0.00019454956054600002,0.00031661987304600005,0.004348754882812,0.007492065429687,0.00909423828125," 0.009674072265625]""",0.01904296875,0.002769470214843,3.361544132232666,0.031016796827316003,0.00390625,0.00036430358886700004,0.002326965332031,0.0019054412841790001,0.5050925925925921,0.505208333333333,0.00011574074074
500623652872,5006236528,72,0,250621732614,1.0,"""[0.00014114379882800002",0.000175476074218,0.002815246582031,0.004585266113281,0.005706787109375001,0.008056640625,0.008636474609375,0.008834838867187,0.008987426757812,0.009170532226562," 0.011154174804687]""",0.014205932617187,0.006172180175781,1.542741537094116,0.012489725835621001,0.00390625,0.00036239624023400003,0.002506256103515,0.0019950866699210003,0.503587962962962,0.503703703703703,0.00011574074074
500623652872,5006236528,72,0,250621732614,1.0,"""[0.00014114379882800002",0.000149726867675,0.00015830993652300002,0.000165939331054,0.000174522399902,0.00018978118896400002,0.000205993652343,0.00024127960205000003,0.00506591796875,0.008941650390625," 0.01031494140625]""",0.01873779296875,0.00192642211914,2.523837804794311,0.021271921694278002,0.00390625,0.000361442565917,0.002220153808593,0.0017147064208980001,0.501851851851851,0.501967592592592,0.00011574074074
500623652872,5006236528,72,0,250621732614,1.0,"""[0.000153541564941",0.000164985656738,0.00017642974853500002,0.00018882751464800002,0.000201225280761,0.00021266937255800001,0.000249862670898,0.001047134399414,0.004936218261718001,0.008865356445312," 0.009918212890625]""",0.010345458984375,0.002037048339843,0.820708751678466,0.006789832841604001,0.00390625,0.000361442565917,0.002155303955078,0.0018234252929680002,0.5060185185185181,0.506134259259259,0.00011574074074
500623652872,5006236528,72,0,250621732614,1.0,"""[0.00012111663818300001",0.000140190124511,0.000148773193359,0.00015640258789,0.000164985656738,0.00017261505126900002,0.00020217895507800002,0.00033760070800700005,0.005126953125,0.00872802734375," 0.009674072265625]""",0.015960693359375,0.001934051513671,2.546397924423217,0.022821219637989002,0.00390625,0.00035476684570300005,0.002201080322265,0.001934051513671,0.500694444444444,0.500810185185185,0.00011574074074
500623652872,5006236528,72,0,250621732614,0.9933333396911621,"""[0.00015926361083900002",0.00019741058349600002,0.0010662078857420001,0.003559112548828,0.005264282226562,0.006340026855468001,0.008285522460937,0.008987426757812,0.009140014648437,0.009307861328125," 0.010604858398437]""",0.023529052734375003,0.005775451660156,0.641944468021392,0.0033130149822680004,0.00390625,0.000361442565917,0.002227783203125,0.0019302368164060002,0.5069444444444441,0.507060185185185,0.00011574074074
500623652872,5006236528,72,0,250621732614,1.0,"""[0.00012111663818300001",0.000139236450195,0.00015068054199200001,0.000161170959472,0.00017261505126900002,0.000250816345214,0.00124168395996,0.004325866699218001,0.005882263183593001,0.008895874023437," 0.009841918945312]""",0.013565063476562,0.002586364746093,1.542741537094116,0.012489725835621001,0.00390625,0.00036334991455000003,0.002323150634765,0.0019283294677730001,0.503472222222222,0.503587962962962,0.00011574074074
500623652872,5006236528,72,0,250621732614,1.0,"""[0.00015068054199200001",0.00016307830810500002,0.00017642974853500002,0.00020980834960900003,0.0018672943115230001,0.004722595214843001,0.006011962890625001,0.008026123046875,0.009033203125,0.00927734375," 0.010223388671875]""",0.018768310546875,0.004440307617187,1.233366250991821,0.00919497013092,0.00390625,0.00036430358886700004,0.0029296875,0.001968383789062,0.507754629629629,0.5078703703703701,0.00011574074074
500623652872,5006236528,72,0,250621732614,1.0,"""[0",0.0,0.0,7.62939453125e-06,1.4305114746093752e-05,2.1934509277343753e-05,2.9563903808593753e-05,3.62396240234375e-05,0.000114440917968,0.00018501281738200003," 0.00018501281738200003]""",0.008804321289062,0.000978469848632,2.779989004135131,0.023768613114953003,0.00390625,0.00028228759765600004,0.00045585632324200004,0.00033378601074200004,0.505512345679012,0.505514660493827,2.314814814814814e-06
500623652872,5006236528,72,0,250621732614,0.996666669845581,"""[0.000135421752929",0.00014686584472600002,0.00015926361083900002,0.00017166137695300002,0.00018978118896400002,0.00021362304687500003,0.0009822845458980001,0.004806518554687,0.006843566894531,0.009048461914062," 0.009780883789062]""",0.019439697265625,0.002815246582031,3.435236692428588,0.028213178738951003,0.00390625,0.00036334991455000003,0.002204895019531,0.0019798278808590003,0.502430555555555,0.502546296296296,0.00011574074074
500623652872,5006236528,72,0,250621732614,1.0,"""[0.00015640258789",0.00018215179443300001,0.00018978118896400002,0.00019741058349600002,0.000205993652343,0.00021362304687500003,0.00022983551025300002,0.00036334991455000003,0.005477905273437,0.00897216796875," 0.010116577148437]""",0.01910400390625,0.0020561218261710003,2.817622184753418,0.022678362205624,0.00390625,0.00036239624023400003,0.002227783203125,0.0019092559814450002,0.5083333333333331,0.508449074074074,0.00011574074074
500623652872,5006236528,72,0,250621732614,0.996666669845581,"""[0.000140190124511",0.000144958496093,0.00015068054199200001,0.00015640258789,0.00016212463378900002,0.00016784667968700002,0.00017356872558500002,0.00018882751464800002,0.00021171569824200001,0.000307083129882," 0.009170532226562]""",0.009170532226562,0.000432968139648,3.046493530273437,0.027380984276533002,0.00390625,0.00035476684570300005,0.0019950866699210003,0.0018672943115230001,0.500925925925925,0.501041666666666,0.00011574074074
500623652872,5006236528,72,0,250621732614,1.0,"""[0.00014591217041000002",0.00015735626220700002,0.00016784667968700002,0.000185966491699,0.00022888183593700002,0.001033782958984,0.004264831542968001,0.005729675292968001,0.008132934570312,0.009124755859375," 0.009689331054687]""",0.021759033203125,0.0034446716308590003,0.935262739658355,0.005888072308152001,0.00390625,0.00036239624023400003,0.002433776855468,0.0021018981933590003,0.508912037037037,0.5090277777777771,0.00011574074074
500623652872,5006236528,72,0,250621732614,1.0,"""[0.000139236450195",0.000148773193359,0.00015926361083900002,0.00016880035400300002,0.000185966491699,0.00021743774414,0.0019454956054680002,0.00567626953125,0.00830078125,0.009109497070312," 0.009674072265625]""",0.012466430664062,0.003028869628906,2.969204902648925,0.025319250300526,0.00390625,0.000361442565917,0.0022392272949210003,0.0018997192382810002,0.5031249999999999,0.50324074074074,0.00011574074074
500623652872,5006236528,72,0,250621732614,1.0,"""[0.00014305114746000002",0.00015068054199200001,0.00015830993652300002,0.000165939331054,0.00017261505126900002,0.00019836425781200002,0.00040531158447200004,0.004051208496093001,0.005950927734375001,0.009033203125," 0.009994506835937]""",0.01287841796875,0.002525329589843,2.5939314365386963,0.021418627351522,0.00390625,0.00035572052001900005,0.002140045166015,0.0019378662109370002,0.501273148148148,0.501388888888888,0.00011574074074
500623652872,5006236528,72,0,250621732614,1.0,"""[5.245208740234376e-05",0.000149726867675,0.000175476074218,0.0033988952636710003,0.005218505859375,0.00726318359375,0.008590698242187,0.008926391601562,0.00909423828125,0.009201049804687," 0.010818481445312]""",0.0184326171875,0.005607604980468001,2.5939314365386963,0.021418627351522,0.00390625,0.000338554382324,0.00390625,0.002017974853515,0.501388888888888,0.501429398148148,4.050925925925925e-05
500623652872,5006236528,72,0,250621732614,1.0,"""[0.00015735626220700002",0.00018405914306600003,0.00019931793212800002,0.00021457672119100003,0.00025272369384700004,0.00036334991455000003,0.004051208496093001,0.006240844726562,0.0089111328125,0.009170532226562," 0.012725830078125002]""",0.0186767578125,0.0035362243652340003,2.779989004135131,0.023768613114953003,0.00390625,0.000357627868652,0.003913879394531,0.0019054412841790001,0.505439814814814,0.5055119598765431,7.214506172839507e-05
500623652872,5006236528,72,0,250621732614,1.0,"""[0.00014781951904200002",0.000370025634765,0.003379821777343,0.004524230957031,0.005561828613281,0.006484985351562,0.00811767578125,0.008865356445312,0.009078979492187,0.009262084960937," 0.009796142578125]""",0.02301025390625,0.006057739257812,0.9631686210632321,0.006895353551954001,0.00390625,0.00036239624023400003,0.002262115478515,0.001888275146484,0.507523148148148,0.5076388888888881,0.00011574074074
500623652872,5006236528,72,0,250621732614,1.0,"""[0.00013160705566400002",0.00014114379882800002,0.000149726867675,0.00015830993652300002,0.00016784667968700002,0.00017833709716700002,0.00023269653320300002,0.0047607421875,0.007148742675781,0.009033203125," 0.00970458984375]""",0.013931274414062,0.0026817321777340003,3.565532445907592,0.031634211540222,0.00390625,0.00036430358886700004,0.002338409423828,0.001882553100585,0.504050925925925,0.504166666666666,0.00011574074074
500623652872,5006236528,72,0,250621732614,1.0,"""[0.00013828277587800002",0.00015068054199200001,0.00016307830810500002,0.000175476074218,0.00019931793212800002,0.000255584716796,0.001575469970703,0.004295349121093001,0.006759643554687,0.009033203125," 0.010818481445312]""",0.01080322265625,0.002735137939453,0.820708751678466,0.006789832841604001,0.00390625,0.000361442565917,0.002189636230468,0.00185203552246,0.5062500000000001,0.50636574074074,0.00011574074074
500623652872,5006236528,72,0,250621732614,0.996666669845581,"""[0.000127792358398",0.000144958496093,0.00015830993652300002,0.00017166137695300002,0.000258445739746,0.0033226013183590003,0.004989624023437,0.006988525390625001,0.0087890625,0.0091552734375," 0.009567260742187]""",0.019134521484375,0.003929138183593001,3.565532445907592,0.031634211540222,0.00390625,0.00036525726318300004,0.002307891845703,0.002082824707031,0.504398148148148,0.504513888888888,0.00011574074074
500623652872,5006236528,72,0,250621732614,1.0,"""[0.000134468078613",0.000148773193359,0.00016307830810500002,0.00018119812011700001,0.00021362304687500003,0.0009317398071280001,0.003982543945312,0.005645751953125001,0.007530212402343001,0.00909423828125," 0.010086059570312]""",0.018585205078125,0.0032806396484370004,2.901550531387329,0.025283688679337002,0.00390625,0.00036430358886700004,0.0024223327636710003,0.00198745727539,0.505208333333333,0.5053240740740741,0.00011574074074
500623652872,5006236528,72,0,250621732614,1.0,"""[0.00013351440429600002",0.000144958496093,0.00015640258789,0.00016784667968700002,0.00018882751464800002,0.00027179718017500003,0.00357437133789,0.005622863769531,0.008529663085937,0.009170532226562," 0.009902954101562]""",0.009872436523437,0.0032005310058590003,3.11819577217102,0.025430444628000003,0.00390625,0.00036239624023400003,0.002281188964843,0.0019302368164060002,0.509375,0.5094907407407401,0.00011574074074
500623652872,5006236528,72,0,250621732614,0.996666669845581,"""[0.000140190124511",0.00015163421630800001,0.00016403198242100002,0.00017642974853500002,0.000205039978027,0.00030326843261700004,0.0037651062011710003,0.00567626953125,0.008621215820312,0.00897216796875," 0.009414672851562]""",0.009689331054687,0.0032157897949210003,3.565532445907592,0.031634211540222,0.00390625,0.00036334991455000003,0.0023193359375,0.002021789550781,0.503935185185185,0.504050925925925,0.00011574074074
500623652872,5006236528,72,0,250621732614,0.996666669845581,"""[0.000127792358398",0.00013828277587800002,0.000144958496093,0.00015163421630800001,0.00015926361083900002,0.000165939331054,0.00017356872558500002,0.000222206115722,0.003028869628906,0.0069580078125," 0.009750366210937]""",0.009750366210937,0.0015869140625,0.9230272769927971,0.007769204210489,0.00390625,0.00035476684570300005,0.002326965332031,0.002128601074218,0.5001157407407401,0.500231481481481,0.00011574074074
500623652872,5006236528,72,0,250621732614,0.990000009536743,"""[0.00014209747314400002",0.00015640258789,0.00017166137695300002,0.00018310546875,0.00019454956054600002,0.000205039978027,0.000216484069824,0.00031375885009700004,0.0035400390625,0.00787353515625," 0.009445190429687]""",0.020904541015625,0.001720428466796,0.820708751678466,0.006789832841604001,0.00390625,0.000361442565917,0.002090454101562,0.0018024444580070002,0.506134259259259,0.5062500000000001,0.00011574074074
500623652872,5006236528,72,0,250621732614,1.0,"""[0.000123977661132",0.00014114379882800002,0.000152587890625,0.00016403198242100002,0.000175476074218,0.000329971313476,0.003166198730468,0.004867553710937,0.006294250488281,0.009033203125," 0.009750366210937]""",0.019378662109375,0.0029754638671870004,2.546397924423217,0.022821219637989002,0.00390625,0.00035476684570300005,0.0023765563964840003,0.002037048339843,0.500347222222222,0.500462962962963,0.00011574074074
500623652872,5006236528,72,0,250621732614,1.0,"""[0.000129699707031",0.00014114379882800002,0.00015068054199200001,0.000161170959472,0.000170707702636,0.00021553039550700003,0.00204849243164,0.004295349121093001,0.006294250488281,0.008926391601562," 0.0101318359375]""",0.010162353515625,0.002674102783203,3.3657326698303223,0.031029473990201003,0.00390625,0.00036525726318300004,0.0023460388183590003,0.0019226074218750002,0.504513888888888,0.504629629629629,0.00011574074074
500623652872,5006236528,72,0,250621732614,1.0,"""[0.00013828277587800002",0.000152587890625,0.00016784667968700002,0.000196456909179,0.000528335571289,0.004295349121093001,0.00567626953125,0.007637023925781,0.00897216796875,0.009185791015625," 0.009658813476562]""",0.0242919921875,0.004196166992187,2.969204902648925,0.025319250300526,0.00390625,0.000361442565917,0.002250671386718,0.002002716064453,0.502777777777777,0.502893518518518,0.00011574074074
500623652872,5006236528,72,0,250621732614,1.0,"""[0.00013637542724600002",0.000144958496093,0.000154495239257,0.00016307830810500002,0.00017166137695300002,0.00020980834960900003,0.002887725830078,0.005729675292968001,0.008895874023437,0.0091552734375," 0.009780883789062]""",0.01025390625,0.003192901611328,3.361544132232666,0.031016796827316003,0.00390625,0.00036430358886700004,0.002460479736328,0.002151489257812,0.50474537037037,0.5048611111111111,0.00011574074074
500623652872,5006236528,72,0,250621732614,0.996666669845581,"""[0.000140190124511",0.000152587890625,0.000164985656738,0.000179290771484,0.00020313262939400002,0.000297546386718,0.001651763916015,0.005149841308593001,0.008590698242187,0.00927734375," 0.010025024414062]""",0.020263671875,0.003120422363281,0.935262739658355,0.005888072308152001,0.00390625,0.00036525726318300004,0.002235412597656,0.0018463134765620002,0.508680555555555,0.5087962962962961,0.00011574074074
500623652872,5006236528,72,0,250621732614,0.9933333396911621,"""[0.00013732910156200002",0.000170707702636,0.000190734863281,0.00020790100097600002,0.00024318695068300001,0.0017166137695310002,0.004928588867187,0.007003784179687,0.008926391601562,0.009185791015625," 0.010635375976562]""",0.02099609375,0.003822326660156,2.779989004135131,0.023768613114953003,0.00390625,0.0003662109375,0.002586364746093,0.002063751220703,0.5053240740740741,0.505439814814814,0.00011574074074
500623652872,5006236528,72,0,250621732614,0.996666669845581,"""[0.000152587890625",0.00016689300537100002,0.00018787384033200002,0.00021553039550700003,0.002662658691406,0.00494384765625,0.006057739257812,0.007644653320312,0.008895874023437,0.009170532226562," 0.009567260742187]""",0.02093505859375,0.004486083984375,0.9631686210632321,0.006895353551954001,0.00390625,0.000361442565917,0.002246856689453,0.0019168853759760002,0.507291666666666,0.5074074074074071,0.00011574074074
500623652872,5006236528,72,0,250621732614,1.0,"""[0.000153541564941",0.00017261505126900002,0.00019359588623000002,0.00021457672119100003,0.0018310546875,0.004791259765625,0.006629943847656,0.008453369140625,0.008743286132812,0.009048461914062," 0.009979248046875]""",0.019561767578125,0.004463195800781,0.820708751678466,0.006789832841604001,0.00390625,0.000361442565917,0.002216339111328,0.0017948150634760002,0.505671296296296,0.5057870370370371,0.00011574074074
500623652872,5006236528,72,0,250621732614,1.0,"""[0.000148773193359",0.00015926361083900002,0.00016975402832,0.00018405914306600003,0.00020885467529200002,0.001167297363281,0.004776000976562,0.006393432617187,0.008926391601562,0.009170532226562," 0.009857177734375]""",0.009902954101562,0.0035247802734370004,0.9631686210632321,0.006895353551954001,0.00390625,0.00036430358886700004,0.002334594726562,0.001903533935546,0.5076388888888881,0.507754629629629,0.00011574074074
500623652872,5006236528,72,0,250621732614,1.0,"""[0.000153541564941",0.00016975402832,0.00018310546875,0.00019359588623000002,0.000205039978027,0.00021553039550700003,0.000318527221679,0.004776000976562,0.006317138671875001,0.009017944335937," 0.009872436523437]""",0.014053344726562,0.002593994140625,0.820708751678466,0.006789832841604001,0.00390625,0.000361442565917,0.0019798278808590003,0.0018005371093750002,0.5057870370370371,0.505902777777777,0.00011574074074
500623652872,5006236528,72,0,250621732614,1.0,"""[0",0.0,0.0,0.0,0.0,6.67572021484375e-06,1.3351440429687502e-05,1.3351440429687502e-05,1.3351440429687502e-05,1.3351440429687502e-05," 1.3351440429687502e-05]""",0.0,0.0,0.0,0.0,0.00390625,0.0,9.5367431640625e-07,9.5367431640625e-07,0.501124228395061,0.5011246141975301,3.858024691358024e-07
500623652872,5006236528,72,0,250621732614,1.0,"""[0",0.0,0.0,0.0,0.0,0.0,0.0,0.0,0.0,0.0," 0]""",0.0,0.0,0.0,0.0,0.00390625,0.0,9.5367431640625e-07,9.5367431640625e-07,0.5055135030864191,0.505513888888888,3.858024691358024e-07
500623652872,5006236528,72,0,250621732614,1.0,"""[0.000135421752929",0.000148773193359,0.00016307830810500002,0.00017642974853500002,0.000195503234863,0.00021553039550700003,0.001167297363281,0.005470275878906,0.007789611816406,0.009002685546875," 0.009628295898437]""",0.019989013671875,0.002979278564453,0.820708751678466,0.006789832841604001,0.00390625,0.00036239624023400003,0.002113342285156,0.0017757415771480001,0.505902777777777,0.5060185185185181,0.00011574074074
500623652872,5006236528,72,0,250621732614,1.0,"""[0.00014209747314400002",0.00015068054199200001,0.00015926361083900002,0.00016880035400300002,0.00018215179443300001,0.000216484069824,0.0009689331054680001,0.005104064941406,0.008819580078125,0.0091552734375," 0.009796142578125]""",0.009765625,0.002967834472656,2.817622184753418,0.022678362205624,0.00390625,0.000361442565917,0.00235366821289,0.0019950866699210003,0.5078703703703701,0.507986111111111,0.00011574074074
500623652872,5006236528,72,0,250621732614,1.0,"""[0.00013256072998000002",0.00014114379882800002,0.00015068054199200001,0.000160217285156,0.00016880035400300002,0.000185966491699,0.000275611877441,0.00259780883789,0.00567626953125,0.008590698242187," 0.009567260742187]""",0.009613037109375,0.002246856689453,3.435236692428588,0.028213178738951003,0.00390625,0.000361442565917,0.002182006835937,0.001811981201171,0.502199074074074,0.502314814814814,0.00011574074074
500623652872,5006236528,72,0,250621732614,1.0,"""[0.00015830993652300002",0.00016689300537100002,0.000175476074218,0.00018787384033200002,0.000200271606445,0.00021266937255800001,0.000244140625,0.00035572052001900005,0.005462646484375,0.008987426757812," 0.009628295898437]""",0.016876220703125,0.002037048339843,2.817622184753418,0.022678362205624,0.00390625,0.00036239624023400003,0.0021476745605460003,0.0017776489257810002,0.508217592592592,0.5083333333333331,0.00011574074074
500623652872,5006236528,72,0,250621732614,0.9933333396911621,"""[0.000152587890625",0.000185966491699,0.00021171569824200001,0.001008987426757,0.003662109375,0.005622863769531,0.006706237792968001,0.008438110351562,0.00909423828125,0.009262084960937," 0.010452270507812]""",0.02154541015625,0.00482177734375,0.9568353891372681,0.006080497056245001,0.00390625,0.00036334991455000003,0.002506256103515,0.002067565917968,0.5085648148148141,0.508680555555555,0.00011574074074
500623652872,5006236528,72,0,250621732614,0.996666669845581,"""[0.00013256072998000002",0.00014305114746000002,0.000153541564941,0.000164985656738,0.000175476074218,0.00021934509277300002,0.0023765563964840003,0.005325317382812,0.007659912109375001,0.009124755859375," 0.009750366210937]""",0.009780883789062,0.002933502197265,2.969204902648925,0.025319250300526,0.00390625,0.000361442565917,0.0023956298828120004,0.0019798278808590003,0.502893518518518,0.503009259259259,0.00011574074074
500623652872,5006236528,72,0,250621732614,1.0,"""[0.00013732910156200002",0.00014686584472600002,0.00015640258789,0.000165939331054,0.000174522399902,0.000200271606445,0.000280380249023,0.0033111572265620004,0.005775451660156,0.009002685546875," 0.0096435546875]""",0.018280029296875,0.00238037109375,3.361544132232666,0.031016796827316003,0.00390625,0.00036525726318300004,0.002277374267578,0.001972198486328,0.5048611111111111,0.504976851851851,0.00011574074074
500623652872,5006236528,72,0,250621732614,1.0,"""[0.00013256072998000002",0.00014209747314400002,0.000152587890625,0.00016212463378900002,0.00017261505126900002,0.00018882751464800002,0.00020790100097600002,0.00028610229492100005,0.003807067871093,0.008987426757812," 0.010604858398437]""",0.015167236328125002,0.001796722412109,0.0,0.0,0.00390625,0.00036430358886700004,0.0030517578125,0.001882553100585,0.501504629629629,0.50162037037037,0.00011574074074
500623652872,5006236528,72,0,250621732614,1.0,"""[0",0.0,0.0,0.0,0.0,0.0,0.0,0.0,0.0,0.0," 0]""",0.0,0.0,0.0,0.0,0.00390625,0.0,9.5367431640625e-07,9.5367431640625e-07,0.5014301697530861,0.501430555555555,3.858024691358024e-07
500623652872,5006236528,72,0,250621732614,1.0,"""[0",0.0,0.0,0.0,0.0,0.00013828277587800002,0.000276565551757,0.000276565551757,0.000276565551757,0.000276565551757," 0.000276565551757]""",0.000329971313476,0.000164985656738,2.5939314365386963,0.021418627351522,0.00390625,0.00028228759765600004,0.00030422210693300004,0.00030422210693300004,0.501429398148148,0.5014301697530861,7.716049382716048e-07
500623652872,5006236528,72,0,250621732614,1.0,"""[0",0.0,0.0,0.0,0.0,0.0,0.0,0.0,0.0,0.0," 0]""",0.00107192993164,0.00015735626220700002,3.046493530273437,0.027380984276533002,0.00390625,0.00028324127197200004,0.00031280517578100004,0.000311851501464,0.501123842592592,0.5011249999999999,1.157407407407407e-06
500623652872,5006236528,72,0,250621732614,1.0,"""[8.583068847656251e-05",0.000113487243652,0.000139236450195,0.000160217285156,0.00021457672119100003,0.00204849243164,0.003837585449218,0.005485534667968001,0.0076904296875,0.009002685546875," 0.009475708007812]""",0.009445190429687,0.0033721923828120004,0.0,0.0,0.00390625,0.00034332275390600004,0.0023155212402340003,0.0018672943115230001,0.505513888888888,0.5055555555555551,4.1666666666666665e-05
500623652872,5006236528,72,0,250621732614,0.996666669845581,"""[0.00013732910156200002",0.000148773193359,0.000160217285156,0.00017261505126900002,0.00019264221191400002,0.000216484069824,0.0030364990234370004,0.005615234375,0.008392333984375,0.009017944335937," 0.009597778320312]""",0.0135498046875,0.003089904785156,3.565532445907592,0.031634211540222,0.00390625,0.00036430358886700004,0.00235366821289,0.001956939697265,0.504166666666666,0.504282407407407,0.00011574074074
500623652872,5006236528,72,0,250621732614,1.0,"""[0.000125885009765",0.000152587890625,0.000175476074218,0.00023746490478500002,0.0026512145996090003,0.00543212890625,0.007247924804687,0.008880615234375,0.009078979492187,0.009246826171875," 0.00982666015625]""",0.014602661132812,0.004798889160156,3.565532445907592,0.031634211540222,0.00390625,0.00036525726318300004,0.0022850036621090003,0.002082824707031,0.504282407407407,0.504398148148148,0.00011574074074
500623652872,5006236528,72,0,250621732614,1.0,"""[0.00013732910156200002",0.000144004821777,0.00015068054199200001,0.00015735626220700002,0.00016403198242100002,0.000170707702636,0.000179290771484,0.000205039978027,0.00029563903808500004,0.0027885437011710003," 0.009475708007812]""",0.01446533203125,0.000903129577636,2.546397924423217,0.022821219637989002,0.00390625,0.00035572052001900005,0.002227783203125,0.001998901367187,0.500578703703703,0.500694444444444,0.00011574074074
500623652872,5006236528,72,0,250621732614,1.0,"""[0.00013828277587800002",0.00014591217041000002,0.000152587890625,0.000160217285156,0.00016784667968700002,0.000175476074218,0.00021553039550700003,0.000550270080566,0.005050659179687,0.009017944335937," 0.009872436523437]""",0.01361083984375,0.00213623046875,0.641944468021392,0.0033130149822680004,0.00390625,0.000361442565917,0.00210952758789,0.001749038696289,0.5064814814814811,0.506597222222222,0.00011574074074
500623652872,5006236528,72,0,250621732614,1.0,"""[0.00013256072998000002",0.00014114379882800002,0.00015068054199200001,0.00015926361083900002,0.00016880035400300002,0.000191688537597,0.00032901763916,0.004173278808593001,0.0076904296875,0.009231567382812," 0.010055541992187]""",0.010940551757812,0.002674102783203,0.641944468021392,0.0033130149822680004,0.00390625,0.000361442565917,0.002166748046875,0.001749038696289,0.506597222222222,0.5067129629629631,0.00011574074074
500623652872,5006236528,72,0,250621732614,1.0,"""[0.00013828277587800002",0.000148773193359,0.00015926361083900002,0.000170707702636,0.000196456909179,0.00032424926757800005,0.0027122497558590003,0.005699157714843001,0.008804321289062,0.009170532226562," 0.009979248046875]""",0.0186767578125,0.00323486328125,0.641944468021392,0.0033130149822680004,0.00390625,0.000361442565917,0.002197265625,0.001960754394531,0.506828703703703,0.5069444444444441,0.00011574074074
500623652872,5006236528,72,0,250621732614,1.0,"""[0.00013828277587800002",0.000149726867675,0.00016212463378900002,0.000174522399902,0.00021076202392500003,0.002399444580078,0.0042724609375,0.005821228027343001,0.0084228515625,0.0091552734375," 0.00982666015625]""",0.01849365234375,0.0034484863281250004,3.046493530273437,0.027380984276533002,0.00390625,0.000348091125488,0.003913879394531,0.002120971679687,0.501041666666666,0.501123842592592,8.217592592592594e-05
500623652872,5006236528,72,0,250621732614,1.0,"""[0.000134468078613",0.000144004821777,0.000153541564941,0.00016307830810500002,0.00017261505126900002,0.00019836425781200002,0.000279426574707,0.0025138854980460003,0.005821228027343001,0.00897216796875," 0.009536743164062]""",0.010086059570312,0.002296447753906,2.969204902648925,0.025319250300526,0.00390625,0.000361442565917,0.002220153808593,0.001972198486328,0.503009259259259,0.5031249999999999,0.00011574074074
500623652872,5006236528,72,0,250621732614,1.0,"""[0.000139236450195",0.000148773193359,0.00015830993652300002,0.00016880035400300002,0.000185966491699,0.00026416778564400005,0.0035820007324210003,0.005889892578125001,0.008590698242187,0.009078979492187," 0.009597778320312]""",0.018585205078125,0.0032005310058590003,1.542741537094116,0.012489725835621001,0.00390625,0.00036334991455000003,0.002204895019531,0.0020103454589840003,0.503703703703703,0.503819444444444,0.00011574074074
