UniqJobId,collection_id,instance_index,priority,machine_id,sample_rate,cpu_usage_distribution1,cpu_usage_distribution2,cpu_usage_distribution3,cpu_usage_distribution4,cpu_usage_distribution5,cpu_usage_distribution6,cpu_usage_distribution7,cpu_usage_distribution8,cpu_usage_distribution9,cpu_usage_distribution10,cpu_usage_distribution11,max_cpu,avg_cpu,cycles_per_instruction,memory_accesses_per_instruction,assigned_memory,page_cache_memory,max_memory,avg_memory,start_time,end_time,time_window
500623652841,5006236528,41,0,21375453,1.0,"""[0.00013256072998000002",0.000144004821777,0.00015640258789,0.00016880035400300002,0.00018882751464800002,0.00022029876708900002,0.003921508789062,0.00726318359375,0.00811767578125,0.008255004882812," 0.009124755859375]""",0.01580810546875,0.003192901611328,2.46488881111145,0.008411035872995,0.00390625,8.106231689453125e-05,0.002017974853515,0.00177001953125,0.504050925925925,0.504166666666666,0.00011574074074
500623652841,5006236528,41,0,21375453,1.0,"""[0.00011730194091700002",0.00013160705566400002,0.00014114379882800002,0.00015163421630800001,0.000161170959472,0.000170707702636,0.000277519226074,0.003952026367187,0.006355285644531,0.008193969726562," 0.008743286132812]""",0.008819580078125,0.002388000488281,4.006715297698974,0.014896116219460001,0.00390625,8.106231689453125e-05,0.0019397735595700002,0.0016803741455070002,0.502199074074074,0.502314814814814,0.00011574074074
500623652841,5006236528,41,0,21375453,1.0,"""[0.000148773193359",0.00015735626220700002,0.00016689300537100002,0.000175476074218,0.000195503234863,0.000216484069824,0.000370979309082,0.005081176757812,0.008071899414062,0.008377075195312," 0.0087890625]""",0.008743286132812,0.0027580261230460003,4.721347332000732,0.015449931845068002,0.00390625,8.0108642578125e-05,0.001998901367187,0.001688003540039,0.5064814814814811,0.506597222222222,0.00011574074074
500623652841,5006236528,41,0,21375453,1.0,"""[0.00013637542724600002",0.00015068054199200001,0.000165939331054,0.00018405914306600003,0.00020885467529200002,0.001211166381835,0.004264831542968001,0.00555419921875,0.008071899414062,0.008270263671875," 0.00897216796875]""",0.0164794921875,0.003334045410156,1.673169374465942,0.004378679674118,0.00390625,8.0108642578125e-05,0.0021476745605460003,0.001811981201171,0.506828703703703,0.5069444444444441,0.00011574074074
500623652841,5006236528,41,0,21375453,1.0,"""[0.00013637542724600002",0.00015163421630800001,0.00016689300537100002,0.00019359588623000002,0.000370025634765,0.0029716491699210003,0.005104064941406,0.007041931152343001,0.008163452148437,0.008316040039062," 0.010101318359375]""",0.0101318359375,0.003684997558593,1.595201849937439,0.004282828886061,0.00390625,8.106231689453125e-05,0.00217056274414,0.001712799072265,0.50324074074074,0.503356481481481,0.00011574074074
500623652841,5006236528,41,0,21375453,0.9933333396911621,"""[0.00013732910156200002",0.000153541564941,0.000170707702636,0.000536918640136,0.004173278808593001,0.005500793457031,0.007583618164062,0.008132934570312,0.00823974609375,0.00836181640625," 0.008773803710937]""",0.0565185546875,0.004844665527343001,1.515022277832031,0.004417572170495001,0.00390625,8.20159912109375e-05,0.001983642578125,0.0016918182373040001,0.509143518518518,0.5092592592592591,0.00011574074074
500623652841,5006236528,41,0,21375453,1.0,"""[0.000148773193359",0.00016975402832,0.000311851501464,0.0028038024902340003,0.004295349121093001,0.005271911621093001,0.007431030273437,0.00811767578125,0.008255004882812,0.008407592773437," 0.008926391601562]""",0.013656616210937,0.004852294921875,1.5438039302825919,0.004567373543977,0.00390625,8.20159912109375e-05,0.0020866394042960003,0.001827239990234,0.509375,0.5094907407407401,0.00011574074074
500623652841,5006236528,41,0,21375453,1.0,"""[0.00011730194091700002",0.000140190124511,0.000154495239257,0.00016784667968700002,0.00019454956054600002,0.000422477722167,0.004425048828125,0.006034851074218001,0.008132934570312,0.00830078125," 0.009124755859375]""",0.009063720703125,0.003318786621093,2.345422506332397,0.0069093657657500005,0.00390625,8.20159912109375e-05,0.001998901367187,0.001667022705078,0.502314814814814,0.502430555555555,0.00011574074074
500623652841,5006236528,41,0,21375453,1.0,"""[0.00013828277587800002",0.000161170959472,0.000205039978027,0.00314712524414,0.005279541015625,0.007064819335937,0.008087158203125,0.008224487304687,0.00830078125,0.008407592773437," 0.009796142578125]""",0.017059326171875,0.005256652832031,1.785761475563049,0.004601014312356,0.00390625,8.106231689453125e-05,0.002105712890625,0.00177001953125,0.504282407407407,0.504398148148148,0.00011574074074
500623652841,5006236528,41,0,21375453,1.0,"""[0.00015640258789",0.000170707702636,0.00018978118896400002,0.00021076202392500003,0.000351905822753,0.0035209655761710003,0.005104064941406,0.007064819335937,0.008209228515625,0.008377075195312," 0.009262084960937]""",0.009246826171875,0.003761291503906,1.603729009628295,0.005060953088104001,0.00390625,8.20159912109375e-05,0.002182006835937,0.001688003540039,0.5087962962962961,0.508912037037037,0.00011574074074
500623652841,5006236528,41,0,21375453,1.0,"""[0.00013828277587800002",0.00015735626220700002,0.00017642974853500002,0.00019454956054600002,0.00021266937255800001,0.00048446655273400003,0.004814147949218001,0.007133483886718001,0.008102416992187,0.008255004882812," 0.009002685546875]""",0.013275146484375002,0.00341796875,4.322458267211914,0.016345689073204002,0.00390625,8.0108642578125e-05,0.002140045166015,0.00175666809082,0.501157407407407,0.501273148148148,0.00011574074074
500623652841,5006236528,41,0,21375453,1.0,"""[0.00013256072998000002",0.00015830993652300002,0.00019264221191400002,0.000329971313476,0.0029716491699210003,0.004035949707031,0.005279541015625,0.007759094238281,0.008132934570312,0.008316040039062," 0.009292602539062]""",0.009323120117187,0.004173278808593001,1.515022277832031,0.004417572170495001,0.00390625,8.20159912109375e-05,0.001976013183593,0.00169563293457,0.5090277777777771,0.509143518518518,0.00011574074074
500623652841,5006236528,41,0,21375453,1.0,"""[0.000127792358398",0.00014305114746000002,0.000154495239257,0.00016689300537100002,0.000186920166015,0.002399444580078,0.003997802734375,0.006187438964843001,0.008041381835937,0.0081787109375," 0.009445190429687]""",0.015869140625,0.0033226013183590003,1.5587525367736812,0.003963865339756001,0.00390625,8.0108642578125e-05,0.002216339111328,0.0018234252929680002,0.503356481481481,0.503472222222222,0.00011574074074
500623652841,5006236528,41,0,21375453,1.0,"""[0.000123023986816",0.00014114379882800002,0.00015163421630800001,0.00016307830810500002,0.00017356872558500002,0.00019836425781200002,0.00027847290039,0.0027313232421870004,0.005943298339843001,0.008224487304687," 0.008743286132812]""",0.008743286132812,0.0021781921386710003,2.748274087905883,0.008500046096742,0.00390625,8.106231689453125e-05,0.002044677734375,0.0017757415771480001,0.5055555555555551,0.505671296296296,0.00011574074074
500623652841,5006236528,41,0,21375453,1.0,"""[0.00013351440429600002",0.000148773193359,0.000164985656738,0.000186920166015,0.00024318695068300001,0.0017395019531250002,0.0040283203125,0.005470275878906,0.007949829101562,0.008193969726562," 0.009063720703125]""",0.010009765625,0.0032958984375,1.4801825284957881,0.003252336755394,0.00390625,8.106231689453125e-05,0.002124786376953,0.001758575439453,0.503703703703703,0.503819444444444,0.00011574074074
500623652841,5006236528,41,0,21375453,1.0,"""[0.000140190124511",0.000152587890625,0.000164985656738,0.00018882751464800002,0.000616073608398,0.004096984863281,0.005767822265625001,0.008087158203125,0.008209228515625,0.00836181640625," 0.009048461914062]""",0.017120361328125,0.004043579101562,3.226769685745239,0.012685317546129001,0.00390625,8.106231689453125e-05,0.0024528503417960003,0.00185203552246,0.503819444444444,0.503935185185185,0.00011574074074
500623652841,5006236528,41,0,21375453,1.0,"""[0.000127792358398",0.00014781951904200002,0.000165939331054,0.00019836425781200002,0.00125503540039,0.004379272460937,0.005943298339843001,0.008026123046875,0.00823974609375,0.008407592773437," 0.009384155273437]""",0.011199951171875002,0.004112243652343001,4.322458267211914,0.016345689073204002,0.00390625,8.20159912109375e-05,0.00204849243164,0.001735687255859,0.501041666666666,0.501157407407407,0.00011574074074
500623652841,5006236528,41,0,21375453,1.0,"""[0.00014209747314400002",0.000155448913574,0.00016880035400300002,0.00018501281738200003,0.00020408630371000002,0.00023365020751900002,0.000616073608398,0.00506591796875,0.007843017578125,0.00823974609375," 0.009292602539062]""",0.009323120117187,0.002815246582031,1.410636901855468,0.004237258806824001,0.00390625,8.106231689453125e-05,0.0019798278808590003,0.0017833709716790001,0.507291666666666,0.5074074074074071,0.00011574074074
500623652841,5006236528,41,0,21375453,1.0,"""[0.00013637542724600002",0.000153541564941,0.00017166137695300002,0.00020408630371000002,0.00253677368164,0.005393981933593001,0.007843017578125,0.008148193359375,0.008270263671875,0.0084228515625," 0.008651733398437]""",0.01654052734375,0.004508972167968001,3.369266033172607,0.011070079170167,0.00390625,8.0108642578125e-05,0.002082824707031,0.0018081665039060002,0.501736111111111,0.501851851851851,0.00011574074074
500623652841,5006236528,41,0,21375453,1.0,"""[0.00014781951904200002",0.00015735626220700002,0.000165939331054,0.000175476074218,0.00019264221191400002,0.00020885467529200002,0.00026416778564400005,0.0036964416503900005,0.007728576660156,0.008285522460937," 0.009597778320312]""",0.009628295898437,0.002449035644531,1.4677221775054932,0.003415529849007,0.00390625,8.0108642578125e-05,0.002464294433593,0.001773834228515,0.5078703703703701,0.507986111111111,0.00011574074074
500623652841,5006236528,41,0,21375453,1.0,"""[0.000114440917968",0.000139236450195,0.000148773193359,0.00015830993652300002,0.00016784667968700002,0.00018119812011700001,0.000308036804199,0.003921508789062,0.005752563476562,0.008270263671875," 0.008712768554687]""",0.008743286132812,0.00238037109375,1.603853464126586,0.004359078593552001,0.00390625,8.0108642578125e-05,0.0018997192382810002,0.0016098022460930002,0.5062500000000001,0.50636574074074,0.00011574074074
500623652841,5006236528,41,0,21375453,1.0,"""[0.00014686584472600002",0.00015640258789,0.000164985656738,0.000174522399902,0.00020980834960900003,0.000328063964843,0.00351333618164,0.005668640136718001,0.008087158203125,0.008316040039062," 0.009445190429687]""",0.009445190429687,0.0031089782714840003,1.537813544273376,0.00493929348886,0.00390625,8.106231689453125e-05,0.0020561218261710003,0.0017948150634760002,0.508217592592592,0.5083333333333331,0.00011574074074
500623652841,5006236528,41,0,21375453,1.0,"""[0.00014305114746000002",0.000164985656738,0.00020694732666000002,0.0020103454589840003,0.003952026367187,0.005271911621093001,0.007804870605468001,0.008148193359375,0.008270263671875,0.0084228515625," 0.008956909179687]""",0.009567260742187,0.004776000976562,3.413233041763305,0.012112978845834002,0.00390625,8.20159912109375e-05,0.0021018981933590003,0.001760482788085,0.500462962962963,0.500578703703703,0.00011574074074
500623652841,5006236528,41,0,21375453,1.0,"""[0.00014305114746000002",0.00016212463378900002,0.00018787384033200002,0.001117706298828,0.004631042480468001,0.006736755371093001,0.008010864257812,0.008163452148437,0.008255004882812,0.008377075195312," 0.008865356445312]""",0.01763916015625,0.005043029785156,1.785761475563049,0.004601014312356,0.00390625,8.20159912109375e-05,0.002029418945312,0.0018386840820310002,0.504398148148148,0.504513888888888,0.00011574074074
500623652841,5006236528,41,0,21375453,1.0,"""[0.000149726867675",0.00015640258789,0.00016403198242100002,0.00017166137695300002,0.00018215179443300001,0.000200271606445,0.00021743774414,0.00036525726318300004,0.00604248046875,0.008255004882812," 0.0087890625]""",0.011962890625,0.0020751953125,3.413233041763305,0.012112978845834002,0.00390625,8.106231689453125e-05,0.001983642578125,0.00168228149414,0.500578703703703,0.500694444444444,0.00011574074074
500623652841,5006236528,41,0,21375453,1.0,"""[0.00013828277587800002",0.000149726867675,0.000160217285156,0.00017166137695300002,0.00019454956054600002,0.000258445739746,0.002399444580078,0.00537109375,0.007965087890625,0.008255004882812," 0.009170532226562]""",0.011016845703125,0.002857208251953,1.320151448249816,0.0013769201468670001,0.00390625,8.106231689453125e-05,0.0021324157714840003,0.001667022705078,0.50474537037037,0.5048611111111111,0.00011574074074
500623652841,5006236528,41,0,21375453,1.0,"""[0.000135421752929",0.00014781951904200002,0.00015926361083900002,0.00017166137695300002,0.00020217895507800002,0.0006599426269530001,0.004623413085937,0.006607055664062,0.00811767578125,0.008285522460937," 0.008834838867187]""",0.016693115234375,0.003410339355468,3.995164632797241,0.014091989025473001,0.00390625,8.106231689453125e-05,0.0019474029541010002,0.0016422271728510002,0.502893518518518,0.503009259259259,0.00011574074074
500623652841,5006236528,41,0,21375453,1.0,"""[0.00013828277587800002",0.00014686584472600002,0.00015640258789,0.000164985656738,0.00017356872558500002,0.00021362304687500003,0.003345489501953,0.006210327148437,0.00811767578125,0.008285522460937," 0.009246826171875]""",0.017242431640625,0.003166198730468,1.515022277832031,0.004417572170495001,0.00390625,8.20159912109375e-05,0.00201416015625,0.0016155242919920001,0.5092592592592591,0.509375,0.00011574074074
500623652841,5006236528,41,0,21375453,1.0,"""[0.00014305114746000002",0.000154495239257,0.000165939331054,0.00017833709716700002,0.00020408630371000002,0.000289916992187,0.0026054382324210003,0.005897521972656,0.0081787109375,0.00836181640625," 0.008773803710937]""",0.013031005859375002,0.003105163574218,3.903356790542602,0.014483513310551002,0.00390625,8.20159912109375e-05,0.0020408630371090003,0.00152587890625,0.505671296296296,0.5057870370370371,0.00011574074074
500623652841,5006236528,41,0,21375453,1.0,"""[0.000130653381347",0.00014209747314400002,0.000152587890625,0.00016307830810500002,0.00017261505126900002,0.00020313262939400002,0.00034713745117100005,0.0042724609375,0.006645202636718001,0.00823974609375," 0.00872802734375]""",0.011260986328125002,0.0024871826171870004,1.494919657707214,0.003971533849835,0.00390625,8.0108642578125e-05,0.001956939697265,0.0016841888427730001,0.5060185185185181,0.506134259259259,0.00011574074074
500623652841,5006236528,41,0,21375453,1.0,"""[0.000144958496093",0.000152587890625,0.000161170959472,0.00016975402832,0.00018119812011700001,0.00020980834960900003,0.00040531158447200004,0.005035400390625,0.007843017578125,0.008132934570312," 0.009109497070312]""",0.009063720703125,0.002685546875,1.518558382987976,0.004520695190876001,0.00390625,8.20159912109375e-05,0.001972198486328,0.001712799072265,0.5081018518518511,0.508217592592592,0.00011574074074
500623652841,5006236528,41,0,21375453,1.0,"""[0.000140190124511",0.00015163421630800001,0.00016403198242100002,0.000175476074218,0.000200271606445,0.000308036804199,0.004844665527343001,0.007904052734375,0.008148193359375,0.00830078125," 0.00872802734375]""",0.013214111328125002,0.0033874511718750004,2.147017002105712,0.005955522414296001,0.00390625,8.0108642578125e-05,0.002059936523437,0.0016117095947260002,0.502430555555555,0.502546296296296,0.00011574074074
500623652841,5006236528,41,0,21375453,1.0,"""[0.000144958496093",0.000155448913574,0.00016689300537100002,0.0001802444458,0.00021362304687500003,0.003543853759765,0.006111145019531,0.008010864257812,0.0081787109375,0.008346557617187," 0.00897216796875]""",0.011016845703125,0.003864288330078,1.335333108901977,0.001482044928707,0.00390625,7.915496826171875e-05,0.002002716064453,0.001705169677734,0.504513888888888,0.504629629629629,0.00011574074074
500623652841,5006236528,41,0,21375453,1.0,"""[0.00015068054199200001",0.00016880035400300002,0.00019741058349600002,0.0010128021240230001,0.004981994628906,0.006935119628906,0.008041381835937,0.008163452148437,0.008255004882812,0.008377075195312," 0.008819580078125]""",0.013473510742187,0.005050659179687,1.8052595853805542,0.004858443513512001,0.00390625,7.915496826171875e-05,0.00235366821289,0.001787185668945,0.506597222222222,0.5067129629629631,0.00011574074074
500623652841,5006236528,41,0,21375453,1.0,"""[0.000149726867675",0.000161170959472,0.00017261505126900002,0.00018787384033200002,0.00020313262939400002,0.00021839141845700002,0.001167297363281,0.005104064941406,0.008102416992187,0.008438110351562," 0.009185791015625]""",0.009185791015625,0.0028343200683590003,1.603729009628295,0.005060953088104001,0.00390625,8.20159912109375e-05,0.002655029296875,0.0017147064208980001,0.508680555555555,0.5087962962962961,0.00011574074074
500623652841,5006236528,41,0,21375453,1.0,"""[0.000130653381347",0.000144004821777,0.000155448913574,0.00016784667968700002,0.000185966491699,0.00021934509277300002,0.002368927001953,0.005271911621093001,0.008102416992187,0.008346557617187," 0.0089111328125]""",0.008941650390625,0.002937316894531,1.670996904373168,0.004592619370669001,0.00390625,8.106231689453125e-05,0.00204849243164,0.001720428466796,0.503009259259259,0.5031249999999999,0.00011574074074
500623652841,5006236528,41,0,21375453,1.0,"""[0.00013732910156200002",0.00014591217041000002,0.000155448913574,0.00016403198242100002,0.00017261505126900002,0.00019741058349600002,0.000308036804199,0.0022239685058590003,0.005790710449218001,0.0081787109375," 0.008758544921875]""",0.008743286132812,0.002216339111328,3.903356790542602,0.014483513310551002,0.00390625,7.915496826171875e-05,0.001956939697265,0.001605987548828,0.5057870370370371,0.505902777777777,0.00011574074074
500623652841,5006236528,41,0,21375453,1.0,"""[0.00013637542724600002",0.00014781951904200002,0.00015926361083900002,0.000170707702636,0.000205039978027,0.0021781921386710003,0.004508972167968001,0.007041931152343001,0.008209228515625,0.00836181640625," 0.009490966796875]""",0.0159912109375,0.003501892089843,1.653947830200195,0.00466563552618,0.00390625,8.0108642578125e-05,0.0020408630371090003,0.00164794921875,0.505902777777777,0.5060185185185181,0.00011574074074
500623652841,5006236528,41,0,21375453,1.0,"""[0.00014305114746000002",0.00015068054199200001,0.00015926361083900002,0.00016689300537100002,0.000175476074218,0.000200271606445,0.000335693359375,0.004035949707031,0.005828857421875001,0.008224487304687," 0.008651733398437]""",0.008621215820312,0.0023155212402340003,4.782922744750976,0.018185103312134,0.00390625,7.915496826171875e-05,0.0021018981933590003,0.0018386840820310002,0.5001157407407401,0.500231481481481,0.00011574074074
500623652841,5006236528,41,0,21375453,1.0,"""[0.000140190124511",0.00014591217041000002,0.000152587890625,0.00015926361083900002,0.000164985656738,0.00017166137695300002,0.00018405914306600003,0.00021076202392500003,0.00038337707519500003,0.006866455078125001," 0.008697509765625]""",0.008682250976562,0.001237869262695,2.411700010299682,0.0071207885630420005,0.00390625,8.106231689453125e-05,0.0019950866699210003,0.001657485961914,0.502662037037037,0.502777777777777,0.00011574074074
500623652841,5006236528,41,0,21375453,1.0,"""[0.00013828277587800002",0.00014591217041000002,0.000153541564941,0.000161170959472,0.00016880035400300002,0.00017833709716700002,0.00020217895507800002,0.000257492065429,0.003028869628906,0.008132934570312," 0.008941650390625]""",0.008941650390625,0.0016174316406250002,1.320151448249816,0.0013769201468670001,0.00390625,7.915496826171875e-05,0.0019397735595700002,0.001712799072265,0.504629629629629,0.50474537037037,0.00011574074074
500623652841,5006236528,41,0,21375453,1.0,"""[0.000135421752929",0.00014209747314400002,0.000148773193359,0.00015640258789,0.00016307830810500002,0.00016975402832,0.000179290771484,0.00020217895507800002,0.000299453735351,0.005348205566406," 0.009124755859375]""",0.009124755859375,0.001077651977539,3.454492568969726,0.0123050538823,0.00390625,8.0108642578125e-05,0.002079010009765,0.0018539428710930002,0.500810185185185,0.500925925925925,0.00011574074074
500623652841,5006236528,41,0,21375453,1.0,"""[0.00013351440429600002",0.00015735626220700002,0.00018119812011700001,0.00020217895507800002,0.00023460388183500002,0.0008144378662100001,0.00408935546875,0.006690979003906,0.008071899414062,0.008316040039062," 0.009368896484375]""",0.011260986328125002,0.003379821777343,1.673169374465942,0.004378679674118,0.00390625,8.0108642578125e-05,0.001998901367187,0.00177001953125,0.5067129629629631,0.506828703703703,0.00011574074074
500623652841,5006236528,41,0,21375453,1.0,"""[0.00013637542724600002",0.000155448913574,0.000175476074218,0.000201225280761,0.00037384033203100004,0.003936767578125,0.005897521972656,0.008087158203125,0.008209228515625,0.00836181640625," 0.009017944335937]""",0.013595581054687,0.004005432128906,4.322458267211914,0.016345689073204002,0.00390625,8.0108642578125e-05,0.0019512176513670001,0.0017108917236320002,0.500925925925925,0.501041666666666,0.00011574074074
500623652841,5006236528,41,0,21375453,1.0,"""[0.00015163421630800001",0.00017261505126900002,0.0009069442749020001,0.003578186035156,0.004035949707031,0.005218505859375,0.007644653320312,0.0081787109375,0.008285522460937,0.0084228515625," 0.00885009765625]""",0.013656616210937,0.005096435546875,1.637375712394714,0.0043583074584600005,0.00390625,8.0108642578125e-05,0.00210952758789,0.0018463134765620002,0.5069444444444441,0.507060185185185,0.00011574074074
500623652841,5006236528,41,0,21375453,1.0,"""[0.00014305114746000002",0.000160217285156,0.0001802444458,0.00033187866210900003,0.004295349121093001,0.00567626953125,0.007904052734375,0.00811767578125,0.008209228515625,0.008377075195312," 0.009140014648437]""",0.00994873046875,0.004714965820312,2.393436431884765,0.006661944556981001,0.00390625,8.0108642578125e-05,0.0023193359375,0.001779556274414,0.5053240740740741,0.505439814814814,0.00011574074074
500623652841,5006236528,41,0,21375453,1.0,"""[0.00013256072998000002",0.00014305114746000002,0.000154495239257,0.00016689300537100002,0.00018215179443300001,0.00021934509277300002,0.0008363723754880001,0.004753112792968001,0.007133483886718001,0.008255004882812," 0.00933837890625]""",0.009628295898437,0.002693176269531,1.586826801300048,0.002854954684153,0.00390625,8.0108642578125e-05,0.002105712890625,0.001779556274414,0.501504629629629,0.50162037037037,0.00011574074074
500623652841,5006236528,41,0,21375453,1.0,"""[0.0001220703125",0.00014305114746000002,0.000154495239257,0.000165939331054,0.00017833709716700002,0.000205039978027,0.00029373168945300005,0.0027313232421870004,0.005851745605468001,0.008255004882812," 0.00909423828125]""",0.011016845703125,0.002212524414062,1.8111717700958252,0.0038889429997650002,0.00390625,8.0108642578125e-05,0.0021629333496090003,0.0016174316406250002,0.50162037037037,0.501736111111111,0.00011574074074
500623652841,5006236528,41,0,21375453,1.0,"""[0.000154495239257",0.000195503234863,0.0011444091796870002,0.004074096679687,0.005241394042968001,0.007308959960937,0.008026123046875,0.008193969726562,0.008270263671875,0.008392333984375," 0.009963989257812]""",0.00994873046875,0.005561828613281,4.501640319824218,0.018433513119816003,0.00390625,8.106231689453125e-05,0.002288818359375,0.001787185668945,0.507523148148148,0.5076388888888881,0.00011574074074
500623652841,5006236528,41,0,21375453,1.0,"""[0.000144004821777",0.00015640258789,0.00016880035400300002,0.00019359588623000002,0.000616073608398,0.003543853759765,0.005241394042968001,0.006820678710937,0.008102416992187,0.008316040039062," 0.009765625]""",0.009750366210937,0.003807067871093,1.47177255153656,0.0034355798270550002,0.00390625,8.20159912109375e-05,0.001960754394531,0.001688003540039,0.507754629629629,0.5078703703703701,0.00011574074074
500623652841,5006236528,41,0,21375453,1.0,"""[0.00014686584472600002",0.000154495239257,0.00016307830810500002,0.00017166137695300002,0.000186920166015,0.00020694732666000002,0.000256538391113,0.0021781921386710003,0.005195617675781,0.008087158203125," 0.008697509765625]""",0.008743286132812,0.002052307128906,1.4677221775054932,0.003415529849007,0.00390625,8.0108642578125e-05,0.001941680908203,0.0016422271728510002,0.507986111111111,0.5081018518518511,0.00011574074074
500623652841,5006236528,41,0,21375453,1.0,"""[0.000134468078613",0.00014209747314400002,0.000149726867675,0.00015640258789,0.00016403198242100002,0.00017166137695300002,0.000185966491699,0.00020885467529200002,0.0005416870117180001,0.006759643554687," 0.008804321289062]""",0.008819580078125,0.00140380859375,4.782922744750976,0.018185103312134,0.00390625,7.82012939453125e-05,0.002094268798828,0.0019359588623040001,0.500231481481481,0.500347222222222,0.00011574074074
500623652841,5006236528,41,0,21375453,1.0,"""[0.000140190124511",0.000152587890625,0.000164985656738,0.00017833709716700002,0.000205993652343,0.00032329559326100003,0.003974914550781,0.005722045898437,0.008071899414062,0.008255004882812," 0.008804321289062]""",0.008743286132812,0.0031700134277340003,1.785761475563049,0.004601014312356,0.00390625,8.106231689453125e-05,0.002113342285156,0.0018634796142570002,0.504166666666666,0.504282407407407,0.00011574074074
500623652841,5006236528,41,0,21375453,1.0,"""[0.000134468078613",0.000139236450195,0.00014591217041000002,0.00015163421630800001,0.00015735626220700002,0.00016307830810500002,0.00016880035400300002,0.000174522399902,0.00021362304687500003,0.00039577484130800004," 0.008636474609375]""",0.008621215820312,0.0005960464477530001,4.419168949127197,0.016572507098317,0.00390625,8.0108642578125e-05,0.002189636230468,0.0020256042480460003,0.500347222222222,0.500462962962963,0.00011574074074
500623652841,5006236528,41,0,21375453,1.0,"""[0.000144004821777",0.000205039978027,0.00235366821289,0.004135131835937,0.005104064941406,0.006515502929687,0.007949829101562,0.008163452148437,0.008316040039062,0.008453369140625," 0.009597778320312]""",0.009567260742187,0.005577087402343001,1.537813544273376,0.00493929348886,0.00390625,8.0108642578125e-05,0.001998901367187,0.0017147064208980001,0.5083333333333331,0.508449074074074,0.00011574074074
500623652841,5006236528,41,0,21375453,1.0,"""[0.00011920928955000001",0.00014305114746000002,0.000154495239257,0.000165939331054,0.0001802444458,0.000308036804199,0.004112243652343001,0.0064697265625,0.008071899414062,0.00830078125," 0.010101318359375]""",0.010757446289062,0.003314971923828,2.147017002105712,0.005955522414296001,0.00390625,8.106231689453125e-05,0.002182006835937,0.0018672943115230001,0.502546296296296,0.502662037037037,0.00011574074074
500623652841,5006236528,41,0,21375453,1.0,"""[0.00015163421630800001",0.000160217285156,0.00016880035400300002,0.00017833709716700002,0.000196456909179,0.00021553039550700003,0.00033950805664,0.005416870117187,0.00811767578125,0.008270263671875," 0.00897216796875]""",0.009002685546875,0.002796173095703,1.603729009628295,0.005060953088104001,0.00390625,8.0108642578125e-05,0.002265930175781,0.0016803741455070002,0.5085648148148141,0.508680555555555,0.00011574074074
500623652841,5006236528,41,0,21375453,1.0,"""[0.00013256072998000002",0.00014209747314400002,0.00015068054199200001,0.000160217285156,0.00016975402832,0.00018882751464800002,0.0016326904296870002,0.004745483398437,0.007072448730468001,0.008270263671875," 0.00885009765625]""",0.01806640625,0.002716064453125,1.59055495262146,0.0028733399230980003,0.00390625,8.106231689453125e-05,0.001991271972656,0.0017223358154290001,0.501273148148148,0.501388888888888,0.00011574074074
500623652841,5006236528,41,0,21375453,1.0,"""[0.000123023986816",0.00014114379882800002,0.000154495239257,0.00016689300537100002,0.000216484069824,0.004066467285156,0.006515502929687,0.008056640625,0.008148193359375,0.008255004882812," 0.0093994140625]""",0.0159912109375,0.003929138183593001,1.473026871681213,0.0032136903610080004,0.00390625,8.106231689453125e-05,0.002059936523437,0.0016555786132810002,0.503472222222222,0.503587962962962,0.00011574074074
500623652841,5006236528,41,0,21375453,1.0,"""[0.00014305114746000002",0.000155448913574,0.00016784667968700002,0.00018501281738200003,0.00020694732666000002,0.00032329559326100003,0.0034751892089840003,0.004974365234375,0.0079345703125,0.008316040039062," 0.009384155273437]""",0.009384155273437,0.003009796142578,4.501640319824218,0.018433513119816003,0.00390625,8.0108642578125e-05,0.001991271972656,0.0018024444580070002,0.5074074074074071,0.507523148148148,0.00011574074074
500623652841,5006236528,41,0,21375453,1.0,"""[0.00014209747314400002",0.00016307830810500002,0.00018787384033200002,0.00023460388183500002,0.0023765563964840003,0.004356384277343001,0.006690979003906,0.008102416992187,0.008193969726562,0.008346557617187," 0.009323120117187]""",0.011642456054687,0.004280090332031,4.006715297698974,0.014896116219460001,0.00390625,8.106231689453125e-05,0.001972198486328,0.0016498565673820002,0.502083333333333,0.502199074074074,0.00011574074074
500623652841,5006236528,41,0,21375453,1.0,"""[0.00014305114746000002",0.000155448913574,0.00016784667968700002,0.00018787384033200002,0.00021934509277300002,0.004844665527343001,0.007720947265625001,0.008193969726562,0.00830078125,0.008468627929687," 0.009246826171875]""",0.01806640625,0.004257202148437,4.721347332000732,0.015449931845068002,0.00390625,7.915496826171875e-05,0.0020751953125,0.001636505126953,0.50636574074074,0.5064814814814811,0.00011574074074
500623652841,5006236528,41,0,21375453,1.0,"""[0.000149726867675",0.00015830993652300002,0.00016689300537100002,0.000175476074218,0.000196456909179,0.00021743774414,0.000792503356933,0.005081176757812,0.008102416992187,0.008316040039062," 0.009201049804687]""",0.009185791015625,0.0027923583984370004,3.413233041763305,0.012112978845834002,0.00390625,8.0108642578125e-05,0.002017974853515,0.0018253326416010002,0.500694444444444,0.500810185185185,0.00011574074074
500623652841,5006236528,41,0,21375453,1.0,"""[0.000125885009765",0.000140190124511,0.000149726867675,0.00015926361083900002,0.00016975402832,0.00019264221191400002,0.0007705688476560001,0.005546569824218001,0.007904052734375,0.008193969726562," 0.009017944335937]""",0.009002685546875,0.00284194946289,1.655306220054626,0.0033360603265460004,0.00390625,8.0108642578125e-05,0.0019645690917960003,0.001726150512695,0.5048611111111111,0.504976851851851,0.00011574074074
500623652841,5006236528,41,0,21375453,1.0,"""[0.000140190124511",0.00015068054199200001,0.00016212463378900002,0.00017356872558500002,0.00019454956054600002,0.00021839141845700002,0.002708435058593,0.004341125488281,0.007789611816406,0.008285522460937," 0.010604858398437]""",0.012969970703125002,0.002845764160156,1.539641141891479,0.004596129991114001,0.00390625,8.20159912109375e-05,0.0019950866699210003,0.0016708374023430002,0.508912037037037,0.5090277777777771,0.00011574074074
500623652841,5006236528,41,0,21375453,1.0,"""[0.000144004821777",0.00016403198242100002,0.00019264221191400002,0.00036334991455000003,0.003608703613281,0.005195617675781,0.00726318359375,0.008056640625,0.008255004882812,0.0084228515625," 0.009567260742187]""",0.016937255859375,0.004608154296875,1.925582766532897,0.004691549111157,0.00390625,8.106231689453125e-05,0.002174377441406,0.0017929077148430002,0.505208333333333,0.5053240740740741,0.00011574074074
500623652841,5006236528,41,0,21375453,1.0,"""[0.000144958496093",0.00016689300537100002,0.000191688537597,0.00021934509277300002,0.00286865234375,0.004692077636718001,0.006370544433593001,0.008026123046875,0.008224487304687,0.008377075195312," 0.0087890625]""",0.008819580078125,0.0042724609375,4.501640319824218,0.018433513119816003,0.00390625,8.106231689453125e-05,0.002044677734375,0.0017108917236320002,0.5076388888888881,0.507754629629629,0.00011574074074
500623652841,5006236528,41,0,21375453,1.0,"""[0.000140190124511",0.000148773193359,0.00015735626220700002,0.00016689300537100002,0.000175476074218,0.00019931793212800002,0.00023555755615200003,0.003192901611328,0.006668090820312,0.008224487304687," 0.009292602539062]""",0.009246826171875,0.002304077148437,3.369266033172607,0.011070079170167,0.00390625,8.106231689453125e-05,0.001998901367187,0.001651763916015,0.501851851851851,0.501967592592592,0.00011574074074
500623652841,5006236528,41,0,21375453,1.0,"""[0.00013637542724600002",0.00014591217041000002,0.000155448913574,0.00016403198242100002,0.00017356872558500002,0.00020217895507800002,0.00032329559326100003,0.0036773681640620004,0.006607055664062,0.008224487304687," 0.009048461914062]""",0.009063720703125,0.0024223327636710003,3.226769685745239,0.012685317546129001,0.00390625,7.915496826171875e-05,0.0020713806152340003,0.0017471313476560002,0.503935185185185,0.504050925925925,0.00011574074074
500623652841,5006236528,41,0,21375453,1.0,"""[0.000152587890625",0.000160217285156,0.00016689300537100002,0.000174522399902,0.000191688537597,0.00021171569824200001,0.00037384033203100004,0.004531860351562,0.007919311523437,0.0081787109375," 0.009048461914062]""",0.009063720703125,0.002632141113281,1.5811711549758911,0.005019317846745,0.00390625,8.106231689453125e-05,0.002006530761718,0.0016613006591790001,0.508449074074074,0.5085648148148141,0.00011574074074
500623652841,5006236528,41,0,21375453,1.0,"""[0.000144004821777",0.000154495239257,0.000164985656738,0.000175476074218,0.00022888183593700002,0.0030174255371090003,0.004798889160156,0.006965637207031,0.008132934570312,0.008316040039062," 0.009185791015625]""",0.010955810546875,0.003589630126953,3.995164632797241,0.014091989025473001,0.00390625,8.106231689453125e-05,0.00204849243164,0.0018329620361320002,0.502777777777777,0.502893518518518,0.00011574074074
500623652841,5006236528,41,0,21375453,1.0,"""[0.00013732910156200002",0.000153541564941,0.000170707702636,0.00023746490478500002,0.002708435058593,0.003952026367187,0.004005432128906,0.004035949707031,0.005142211914062,0.008209228515625," 0.008651733398437]""",0.008621215820312,0.003360748291015,1.408648133277893,0.004228125791996,0.00390625,8.0108642578125e-05,0.002079010009765,0.0017452239990230001,0.507060185185185,0.5071759259259261,0.00011574074074
500623652841,5006236528,41,0,21375453,1.0,"""[0.000130653381347",0.00014114379882800002,0.00015068054199200001,0.000160217285156,0.00016975402832,0.000185966491699,0.00021934509277300002,0.003410339355468,0.006690979003906,0.008163452148437," 0.009140014648437]""",0.009628295898437,0.002288818359375,1.408648133277893,0.004228125791996,0.00390625,8.0108642578125e-05,0.0019283294677730001,0.0015640258789060002,0.5071759259259261,0.507291666666666,0.00011574074074
500623652841,5006236528,41,0,21375453,1.0,"""[0.000127792358398",0.000140190124511,0.000148773193359,0.00015830993652300002,0.00016784667968700002,0.00018215179443300001,0.000300407409667,0.0033683776855460003,0.00567626953125,0.008224487304687," 0.009506225585937]""",0.009506225585937,0.002296447753906,2.393436431884765,0.006661944556981001,0.00390625,8.106231689453125e-05,0.002128601074218,0.0018157958984370002,0.505439814814814,0.5055555555555551,0.00011574074074
500623652841,5006236528,41,0,21375453,1.0,"""[0.000126838684082",0.00013732910156200002,0.000144004821777,0.00015068054199200001,0.00015735626220700002,0.00016403198242100002,0.000170707702636,0.00018787384033200002,0.00027179718017500003,0.004447937011718001," 0.008941650390625]""",0.009445190429687,0.0010204315185540001,1.473026871681213,0.0032136903610080004,0.00390625,7.915496826171875e-05,0.001932144165039,0.001766204833984,0.503587962962962,0.503703703703703,0.00011574074074
