UniqJobId,collection_id,instance_index,priority,machine_id,sample_rate,cpu_usage_distribution1,cpu_usage_distribution2,cpu_usage_distribution3,cpu_usage_distribution4,cpu_usage_distribution5,cpu_usage_distribution6,cpu_usage_distribution7,cpu_usage_distribution8,cpu_usage_distribution9,cpu_usage_distribution10,cpu_usage_distribution11,max_cpu,avg_cpu,cycles_per_instruction,memory_accesses_per_instruction,assigned_memory,page_cache_memory,max_memory,avg_memory,start_time,end_time,time_window
500623652881,5006236528,81,0,20737051,1.0,"""[0.00014209747314400002",0.000153541564941,0.000165939331054,0.00018119812011700001,0.00020217895507800002,0.00025177001953100004,0.0036888122558590003,0.005775451660156,0.008132934570312,0.008377075195312," 0.009170532226562]""",0.022186279296875,0.003131866455078,3.776877403259277,0.0210543256253,0.00390625,0.00035476684570300005,0.0026054382324210003,0.0017986297607420001,0.500231481481481,0.500347222222222,0.00011574074074
500623652881,5006236528,81,0,20737051,1.0,"""[0.00014686584472600002",0.00015830993652300002,0.00016975402832,0.00018119812011700001,0.000190734863281,0.000201225280761,0.00021171569824200001,0.00022983551025300002,0.00038337707519500003,0.00604248046875," 0.009017944335937]""",0.012451171875,0.001272201538085,3.507360696792602,0.016318131238222,0.00390625,0.00035667419433500004,0.002307891845703,0.002079010009765,0.502546296296296,0.502662037037037,0.00011574074074
500623652881,5006236528,81,0,20737051,1.0,"""[0.00012016296386700001",0.00014114379882800002,0.00015068054199200001,0.000160217285156,0.00016975402832,0.000185966491699,0.00021743774414,0.002811431884765,0.005508422851562,0.008331298828125," 0.009124755859375]""",0.009124755859375,0.0022239685058590003,1.30274474620819,0.004466996528208001,0.00390625,0.00035572052001900005,0.002098083496093,0.001857757568359,0.500694444444444,0.500810185185185,0.00011574074074
500623652881,5006236528,81,0,20737051,1.0,"""[0.000144958496093",0.00016403198242100002,0.00019741058349600002,0.002307891845703,0.005111694335937,0.00616455078125,0.007637023925781,0.00823974609375,0.008407592773437,0.008544921875," 0.009262084960937]""",0.0174560546875,0.005081176757812,1.18218445777893,0.0032785811927160003,0.00390625,0.000359535217285,0.002368927001953,0.001983642578125,0.506828703703703,0.5069444444444441,0.00011574074074
500623652881,5006236528,81,0,20737051,1.0,"""[0.000129699707031",0.00014114379882800002,0.00015163421630800001,0.00016212463378900002,0.00017261505126900002,0.000200271606445,0.0005989074707030001,0.004562377929687,0.007049560546875001,0.008270263671875," 0.00897216796875]""",0.014633178710937,0.0025482177734370004,3.710117816925048,0.017837468534708002,0.00390625,0.00035476684570300005,0.0020561218261710003,0.00179100036621,0.501157407407407,0.501273148148148,0.00011574074074
500623652881,5006236528,81,0,20737051,1.0,"""[0.000130653381347",0.00017261505126900002,0.00035381317138600003,0.003517150878906,0.004692077636718001,0.006103515625,0.007843017578125,0.008270263671875,0.008407592773437,0.008560180664062," 0.009628295898437]""",0.013824462890625002,0.005256652832031,2.709895133972168,0.011644436046481,0.00390625,0.000359535217285,0.002372741699218,0.002044677734375,0.5071759259259261,0.507291666666666,0.00011574074074
500623652881,5006236528,81,0,20737051,1.0,"""[0.00013351440429600002",0.000144004821777,0.00015640258789,0.00016784667968700002,0.00018119812011700001,0.00019741058349600002,0.00021457672119100003,0.0007400512695310001,0.004859924316406,0.008041381835937," 0.008804321289062]""",0.014053344726562,0.0019149780273430002,2.018120527267456,0.006685398984700001,0.00390625,0.00035572052001900005,0.002128601074218,0.001750946044921,0.503356481481481,0.503472222222222,0.00011574074074
500623652881,5006236528,81,0,20737051,1.0,"""[0.000144004821777",0.000154495239257,0.000164985656738,0.000175476074218,0.000196456909179,0.00021839141845700002,0.00042533874511700004,0.004844665527343001,0.008102416992187,0.008407592773437," 0.00885009765625]""",0.016845703125,0.00274658203125,2.709895133972168,0.011644436046481,0.00390625,0.000357627868652,0.002410888671875,0.002159118652343,0.507291666666666,0.5074074074074071,0.00011574074074
500623652881,5006236528,81,0,20737051,1.0,"""[0.00013732910156200002",0.00015163421630800001,0.00016689300537100002,0.00019359588623000002,0.0022087097167960003,0.004158020019531,0.0054931640625,0.00787353515625,0.008270263671875,0.0084228515625," 0.009368896484375]""",0.018310546875,0.004158020019531,1.895735502243042,0.007808476220816001,0.00390625,0.000359535217285,0.0022392272949210003,0.001871109008789,0.5076388888888881,0.507754629629629,0.00011574074074
500623652881,5006236528,81,0,20737051,1.0,"""[0.000140190124511",0.00015068054199200001,0.00016212463378900002,0.00017356872558500002,0.000186920166015,0.00020217895507800002,0.00021743774414,0.00045967102050700005,0.004074096679687,0.007324218749999999," 0.008758544921875]""",0.008758544921875,0.001689910888671,3.76263403892517,0.017900662496685,0.00390625,0.000357627868652,0.0024261474609370004,0.0020866394042960003,0.501967592592592,0.502083333333333,0.00011574074074
500623652881,5006236528,81,0,20737051,1.0,"""[0.00013160705566400002",0.00014781951904200002,0.00016307830810500002,0.00018215179443300001,0.00021266937255800001,0.00042533874511700004,0.004806518554687,0.007156372070312,0.00823974609375,0.008392333984375," 0.010910034179687]""",0.016693115234375,0.003498077392578,1.3940914869308472,0.00404129223898,0.00390625,0.000358581542968,0.002311706542968,0.0017757415771480001,0.503935185185185,0.504050925925925,0.00011574074074
500623652881,5006236528,81,0,20737051,1.0,"""[0.00014591217041000002",0.00015735626220700002,0.00016784667968700002,0.00018501281738200003,0.00021553039550700003,0.002079010009765,0.004264831542968001,0.00543212890625,0.007293701171875001,0.0084228515625," 0.009078979492187]""",0.00921630859375,0.003192901611328,3.917886018753051,0.018372647464275003,0.00390625,0.00035667419433500004,0.0022544860839840003,0.001882553100585,0.502083333333333,0.502199074074074,0.00011574074074
500623652881,5006236528,81,0,20737051,1.0,"""[0.0001220703125",0.000149726867675,0.000170707702636,0.0006914138793940001,0.003623962402343,0.004867553710937,0.006553649902343001,0.00823974609375,0.0084228515625,0.00860595703125," 0.009185791015625]""",0.009170532226562,0.004585266113281,1.365125179290771,0.0031901467591520004,0.00390625,0.000358581542968,0.00253677368164,0.0020751953125,0.506134259259259,0.5062500000000001,0.00011574074074
500623652881,5006236528,81,0,20737051,1.0,"""[0.00013828277587800002",0.00014686584472600002,0.00015735626220700002,0.00016689300537100002,0.00017642974853500002,0.000195503234863,0.00021362304687500003,0.000370979309082,0.004806518554687,0.008224487304687," 0.00897216796875]""",0.013046264648437,0.001882553100585,3.776877403259277,0.0210543256253,0.00390625,0.00035381317138600003,0.0020866394042960003,0.00172996520996,0.500347222222222,0.500462962962963,0.00011574074074
500623652881,5006236528,81,0,20737051,0.9933333396911621,"""[0.00014114379882800002",0.00015068054199200001,0.00015926361083900002,0.00016880035400300002,0.00018215179443300001,0.00021076202392500003,0.00038337707519500003,0.004165649414062,0.008010864257812,0.0084228515625," 0.0087890625]""",0.0196533203125,0.0024871826171870004,3.676295518875122,0.017163582146167002,0.00390625,0.00035667419433500004,0.002388000488281,0.0020751953125,0.502430555555555,0.502546296296296,0.00011574074074
500623652881,5006236528,81,0,20737051,1.0,"""[0.000126838684082",0.000140190124511,0.000148773193359,0.00015735626220700002,0.00016689300537100002,0.000175476074218,0.00020885467529200002,0.0022239685058590003,0.006515502929687,0.008438110351562," 0.0093994140625]""",0.013290405273437,0.002323150634765,1.30274474620819,0.004466996528208001,0.00390625,0.00035285949707000003,0.001960754394531,0.0017013549804680002,0.500578703703703,0.500694444444444,0.00011574074074
500623652881,5006236528,81,0,20737051,1.0,"""[0.000135421752929",0.00014591217041000002,0.00015735626220700002,0.00016975402832,0.000185966491699,0.00020980834960900003,0.00035667419433500004,0.002845764160156,0.0048828125,0.008132934570312," 0.00897216796875]""",0.008956909179687,0.002082824707031,3.618541955947876,0.017248161137104,0.00390625,0.000359535217285,0.002311706542968,0.0020408630371090003,0.508449074074074,0.5085648148148141,0.00011574074074
500623652881,5006236528,81,0,20737051,1.0,"""[0.000144004821777",0.00015640258789,0.00016880035400300002,0.00018215179443300001,0.00019836425781200002,0.00021362304687500003,0.000276565551757,0.0030822753906250004,0.005020141601562,0.007484436035156," 0.009017944335937]""",0.011062622070312,0.002124786376953,3.507360696792602,0.016318131238222,0.00390625,0.00035572052001900005,0.002227783203125,0.0018444061279290001,0.502662037037037,0.502777777777777,0.00011574074074
500623652881,5006236528,81,0,20737051,1.0,"""[0.00014305114746000002",0.00016307830810500002,0.00019931793212800002,0.000536918640136,0.004142761230468001,0.005088806152343001,0.006683349609375001,0.008010864257812,0.008224487304687,0.0084228515625," 0.008819580078125]""",0.017364501953125,0.004623413085937,1.18821108341217,0.00331158330664,0.00390625,0.000359535217285,0.002296447753906,0.0019645690917960003,0.5069444444444441,0.507060185185185,0.00011574074074
500623652881,5006236528,81,0,20737051,1.0,"""[0.000114440917968",0.00014209747314400002,0.000155448913574,0.00016880035400300002,0.00018787384033200002,0.00021266937255800001,0.001550674438476,0.004547119140625,0.007102966308593001,0.008316040039062," 0.009414672851562]""",0.015213012695312,0.002643585205078,3.710117816925048,0.017837468534708002,0.00390625,0.00035476684570300005,0.002185821533203,0.001968383789062,0.501273148148148,0.501388888888888,0.00011574074074
500623652881,5006236528,81,0,20737051,1.0,"""[0.00013160705566400002",0.00017738342285100002,0.00046634674072200004,0.003116607666015,0.004608154296875,0.005722045898437,0.0076904296875,0.008209228515625,0.008346557617187,0.008514404296875," 0.009170532226562]""",0.01019287109375,0.005126953125,1.303479552268981,0.004124452359974,0.00390625,0.000358581542968,0.002368927001953,0.00204849243164,0.509143518518518,0.5092592592592591,0.00011574074074
500623652881,5006236528,81,0,20737051,1.0,"""[0.0001220703125",0.000140190124511,0.000149726867675,0.00015926361083900002,0.00016880035400300002,0.00018978118896400002,0.0021781921386710003,0.005592346191406,0.008193969726562,0.008346557617187," 0.0091552734375]""",0.0091552734375,0.002979278564453,1.444494724273681,0.0047796466387800005,0.00390625,0.000358581542968,0.00229263305664,0.001779556274414,0.50474537037037,0.5048611111111111,0.00011574074074
500623652881,5006236528,81,0,20737051,1.0,"""[0.000116348266601",0.00013256072998000002,0.00014209747314400002,0.00015163421630800001,0.000161170959472,0.000170707702636,0.00019264221191400002,0.000321388244628,0.004241943359375,0.00836181640625," 0.00897216796875]""",0.009857177734375,0.0018005371093750002,1.5248913764953609,0.005253709387034001,0.00390625,0.00035667419433500004,0.002124786376953,0.0017452239990230001,0.504976851851851,0.5050925925925921,0.00011574074074
500623652881,5006236528,81,0,20737051,1.0,"""[0.000140190124511",0.00016689300537100002,0.00021553039550700003,0.0031433105468750004,0.004776000976562,0.006050109863281,0.0078125,0.008209228515625,0.00836181640625,0.00848388671875," 0.009765625]""",0.009750366210937,0.005119323730468001,1.303479552268981,0.004124452359974,0.00390625,0.000359535217285,0.0025291442871090003,0.00210952758789,0.5090277777777771,0.509143518518518,0.00011574074074
500623652881,5006236528,81,0,20737051,1.0,"""[0.000140190124511",0.000148773193359,0.00015735626220700002,0.000164985656738,0.00017356872558500002,0.000191688537597,0.00021362304687500003,0.000308036804199,0.0030632019042960003,0.008010864257812," 0.009307861328125]""",0.013381958007812,0.0016536712646480001,1.7853199243545532,0.005126235075294,0.00390625,0.00035667419433500004,0.002079010009765,0.00186538696289,0.503472222222222,0.503587962962962,0.00011574074074
500623652881,5006236528,81,0,20737051,1.0,"""[0.000128746032714",0.00014305114746000002,0.00015735626220700002,0.000170707702636,0.000205993652343,0.001728057861328,0.004791259765625,0.006683349609375001,0.008255004882812,0.00848388671875," 0.00921630859375]""",0.017059326171875,0.0034599304199210003,1.054882526397705,0.00197587814182,0.00390625,0.00035667419433500004,0.002384185791015,0.002063751220703,0.5055555555555551,0.505671296296296,0.00011574074074
500623652881,5006236528,81,0,20737051,1.0,"""[0.00013732910156200002",0.00014781951904200002,0.00015926361083900002,0.00016975402832,0.000190734863281,0.000257492065429,0.002662658691406,0.005104064941406,0.007888793945312,0.00836181640625," 0.009231567382812]""",0.009246826171875,0.0028991699218750004,2.810163259506225,0.012431810609996001,0.00390625,0.000358581542968,0.0024681091308590003,0.0020256042480460003,0.507986111111111,0.5081018518518511,0.00011574074074
500623652881,5006236528,81,0,20737051,1.0,"""[0.00013256072998000002",0.000144958496093,0.00015830993652300002,0.00017166137695300002,0.00018978118896400002,0.00021076202392500003,0.0003662109375,0.00363540649414,0.007026672363281,0.008407592773437," 0.009170532226562]""",0.017333984375,0.0024833679199210003,3.738452911376953,0.017125230282545003,0.00390625,0.000357627868652,0.0024070739746090003,0.0018844604492180002,0.5083333333333331,0.508449074074074,0.00011574074074
500623652881,5006236528,81,0,20737051,1.0,"""[0.00012016296386700001",0.000139236450195,0.00015068054199200001,0.00016212463378900002,0.00017356872558500002,0.000190734863281,0.00020980834960900003,0.00032234191894500003,0.004776000976562,0.00823974609375," 0.0087890625]""",0.008773803710937,0.0018634796142570002,1.13027799129486,0.002926850691437,0.00390625,0.00035667419433500004,0.002105712890625,0.0018768310546870002,0.504513888888888,0.504629629629629,0.00011574074074
500623652881,5006236528,81,0,20737051,1.0,"""[0.000128746032714",0.00014209747314400002,0.000153541564941,0.00016403198242100002,0.000175476074218,0.00019931793212800002,0.00029373168945300005,0.003589630126953,0.006515502929687,0.008331298828125," 0.008743286132812]""",0.011795043945312,0.002399444580078,3.558305501937866,0.017309913411736003,0.00390625,0.000358581542968,0.002140045166015,0.0018978118896480001,0.5085648148148141,0.508680555555555,0.00011574074074
500623652881,5006236528,81,0,20737051,1.0,"""[0.0001220703125",0.00014305114746000002,0.000155448913574,0.00016880035400300002,0.00019359588623000002,0.000342369079589,0.003559112548828,0.005332946777343001,0.007843017578125,0.0084228515625," 0.009246826171875]""",0.014755249023437,0.00308609008789,3.710117816925048,0.017837468534708002,0.00390625,0.00035285949707000003,0.002143859863281,0.0018386840820310002,0.501041666666666,0.501157407407407,0.00011574074074
500623652881,5006236528,81,0,20737051,1.0,"""[0.000127792358398",0.00014686584472600002,0.00016212463378900002,0.0001802444458,0.00021553039550700003,0.002159118652343,0.004478454589843001,0.00634765625,0.008285522460937,0.008438110351562," 0.008941650390625]""",0.017181396484375,0.003528594970703,1.412073016166687,0.004759470466524,0.00390625,0.000360488891601,0.0024566650390620004,0.0019512176513670001,0.508912037037037,0.5090277777777771,0.00011574074074
500623652881,5006236528,81,0,20737051,1.0,"""[0.00013637542724600002",0.00014591217041000002,0.000155448913574,0.000164985656738,0.000175476074218,0.00020694732666000002,0.003364562988281,0.006134033203125001,0.008316040039062,0.008560180664062," 0.009078979492187]""",0.0172119140625,0.0031433105468750004,1.431256651878356,0.0038714052643620002,0.00390625,0.000357627868652,0.002326965332031,0.0019454956054680002,0.5050925925925921,0.505208333333333,0.00011574074074
500623652881,5006236528,81,0,20737051,1.0,"""[0.000124931335449",0.00014114379882800002,0.00015068054199200001,0.000160217285156,0.00016880035400300002,0.00018405914306600003,0.00021266937255800001,0.00033950805664,0.004791259765625,0.008316040039062," 0.008895874023437]""",0.013427734375,0.001840591430664,2.709895133972168,0.011644436046481,0.00390625,0.000357627868652,0.002174377441406,0.0019092559814450002,0.507060185185185,0.5071759259259261,0.00011574074074
500623652881,5006236528,81,0,20737051,1.0,"""[0.000139236450195",0.000149726867675,0.000161170959472,0.00017261505126900002,0.00019454956054600002,0.00022792816162100002,0.002094268798828,0.004776000976562,0.0081787109375,0.008468627929687," 0.0089111328125]""",0.017181396484375,0.0029106140136710003,1.400501489639282,0.0034173750318580005,0.00390625,0.000358581542968,0.0022544860839840003,0.0018863677978510002,0.505208333333333,0.5053240740740741,0.00011574074074
500623652881,5006236528,81,0,20737051,1.0,"""[0.000144958496093",0.00015926361083900002,0.00017356872558500002,0.00019359588623000002,0.00021457672119100003,0.001232147216796,0.004707336425781,0.006515502929687,0.008132934570312,0.008377075195312," 0.009033203125]""",0.016876220703125,0.003456115722656,1.303479552268981,0.004124452359974,0.00390625,0.000359535217285,0.0022697448730460003,0.001998901367187,0.5092592592592591,0.509375,0.00011574074074
500623652881,5006236528,81,0,20737051,1.0,"""[0.000128746032714",0.00015068054199200001,0.00016880035400300002,0.00024318695068300001,0.0023460388183590003,0.004653930664062,0.006179809570312,0.008056640625,0.00830078125,0.008453369140625," 0.008956909179687]""",0.01678466796875,0.004295349121093001,1.7853199243545532,0.005126235075294,0.00390625,0.000359535217285,0.002159118652343,0.0018558502197260002,0.503587962962962,0.503703703703703,0.00011574074074
500623652881,5006236528,81,0,20737051,1.0,"""[0.000149726867675",0.00016689300537100002,0.000185966491699,0.000205993652343,0.000299453735351,0.002948760986328,0.004791259765625,0.006660461425781,0.008193969726562,0.008392333984375," 0.009124755859375]""",0.01422119140625,0.0036277770996090003,3.355605363845825,0.016663240268826002,0.00390625,0.00035381317138600003,0.0022239685058590003,0.0018444061279290001,0.501736111111111,0.501851851851851,0.00011574074074
500623652881,5006236528,81,0,20737051,1.0,"""[0.00013637542724600002",0.00014686584472600002,0.00015830993652300002,0.00016975402832,0.00018882751464800002,0.000226020812988,0.0037078857421870004,0.005447387695312,0.008071899414062,0.008377075195312," 0.009002685546875]""",0.013580322265625002,0.0030670166015620004,1.659303903579711,0.004776771180331,0.00390625,0.000357627868652,0.002265930175781,0.001956939697265,0.503703703703703,0.503819444444444,0.00011574074074
500623652881,5006236528,81,0,20737051,1.0,"""[0.00014114379882800002",0.000155448913574,0.00016880035400300002,0.000195503234863,0.000348091125488,0.004280090332031,0.00555419921875,0.008071899414062,0.008316040039062,0.008514404296875," 0.00927734375]""",0.018402099609375,0.003990173339843001,1.3940914869308472,0.00404129223898,0.00390625,0.000359535217285,0.002189636230468,0.001901626586914,0.503819444444444,0.503935185185185,0.00011574074074
500623652881,5006236528,81,0,20737051,1.0,"""[0.00013351440429600002",0.000144004821777,0.000154495239257,0.000165939331054,0.00017642974853500002,0.000201225280761,0.00024318695068300001,0.001129150390625,0.005668640136718001,0.008331298828125," 0.00970458984375]""",0.0123291015625,0.0021324157714840003,0.8553251624107361,0.001143570756539,0.00390625,0.000358581542968,0.00238037109375,0.0018863677978510002,0.505902777777777,0.5060185185185181,0.00011574074074
500623652881,5006236528,81,0,20737051,1.0,"""[0.000144004821777",0.000160217285156,0.00017738342285100002,0.001138687133789,0.004379272460937,0.005470275878906,0.007316589355468001,0.008193969726562,0.008316040039062,0.008438110351562," 0.009063720703125]""",0.014236450195312,0.004852294921875,3.776877403259277,0.0210543256253,0.00390625,0.00035476684570300005,0.002304077148437,0.0019645690917960003,0.5001157407407401,0.500231481481481,0.00011574074074
500623652881,5006236528,81,0,20737051,1.0,"""[0.000126838684082",0.00014209747314400002,0.000152587890625,0.00016212463378900002,0.00017261505126900002,0.00019836425781200002,0.00030422210693300004,0.0037803649902340003,0.006019592285156,0.008346557617187," 0.009078979492187]""",0.01763916015625,0.002399444580078,3.917886018753051,0.018372647464275003,0.00390625,0.00035572052001900005,0.002296447753906,0.0017719268798820002,0.502199074074074,0.502314814814814,0.00011574074074
500623652881,5006236528,81,0,20737051,1.0,"""[0.000149726867675",0.000164985656738,0.00018310546875,0.00020694732666000002,0.00031375885009700004,0.0030174255371090003,0.00445556640625,0.005867004394531,0.007499694824218001,0.008392333984375," 0.009109497070312]""",0.0103759765625,0.003364562988281,3.917886018753051,0.018372647464275003,0.00390625,0.00035667419433500004,0.002464294433593,0.0018329620361320002,0.502314814814814,0.502430555555555,0.00011574074074
500623652881,5006236528,81,0,20737051,1.0,"""[0.00013256072998000002",0.00014305114746000002,0.000153541564941,0.00016403198242100002,0.000174522399902,0.00019836425781200002,0.000275611877441,0.002754211425781,0.005851745605468001,0.008392333984375," 0.00946044921875]""",0.00946044921875,0.0023193359375,3.558305501937866,0.017309913411736003,0.00390625,0.000357627868652,0.002311706542968,0.002059936523437,0.508680555555555,0.5087962962962961,0.00011574074074
500623652881,5006236528,81,0,20737051,1.0,"""[0.00013351440429600002",0.00014114379882800002,0.00014781951904200002,0.000154495239257,0.00016212463378900002,0.00016880035400300002,0.00017642974853500002,0.00019454956054600002,0.00021171569824200001,0.000338554382324," 0.006500244140625001]""",0.006507873535156,0.00034523010253900005,1.306269407272338,0.004486572928726,0.00390625,0.00035476684570300005,0.0019397735595700002,0.0017318725585930002,0.500925925925925,0.501041666666666,0.00011574074074
500623652881,5006236528,81,0,20737051,1.0,"""[0.00013828277587800002",0.000152587890625,0.00016784667968700002,0.00018787384033200002,0.000216484069824,0.001960754394531,0.004798889160156,0.007553100585937,0.008331298828125,0.008514404296875," 0.010055541992187]""",0.015777587890625,0.003620147705078,1.400501489639282,0.0034173750318580005,0.00390625,0.000357627868652,0.002243041992187,0.001882553100585,0.5053240740740741,0.505439814814814,0.00011574074074
500623652881,5006236528,81,0,20737051,1.0,"""[0.000116348266601",0.00015068054199200001,0.00016975402832,0.00020980834960900003,0.0016727447509760002,0.004203796386718001,0.005325317382812,0.007560729980468001,0.008331298828125,0.008514404296875," 0.009063720703125]""",0.016571044921875,0.003974914550781,3.355605363845825,0.016663240268826002,0.00390625,0.00035476684570300005,0.002262115478515,0.0019149780273430002,0.50162037037037,0.501736111111111,0.00011574074074
500623652881,5006236528,81,0,20737051,1.0,"""[0.000139236450195",0.000148773193359,0.00015926361083900002,0.00016975402832,0.00018501281738200003,0.00020408630371000002,0.000231742858886,0.00038719177246000004,0.005317687988281,0.008331298828125," 0.009384155273437]""",0.01470947265625,0.0019645690917960003,1.909794330596923,0.007874716073274,0.00390625,0.000357627868652,0.00217056274414,0.0019168853759760002,0.507523148148148,0.5076388888888881,0.00011574074074
500623652881,5006236528,81,0,20737051,1.0,"""[0.000135421752929",0.00015163421630800001,0.00016880035400300002,0.00019741058349600002,0.0021476745605460003,0.004623413085937,0.007011413574218001,0.008224487304687,0.008392333984375,0.008575439453125," 0.00909423828125]""",0.017822265625,0.00439453125,0.8553251624107361,0.001143570756539,0.00390625,0.000359535217285,0.0023956298828120004,0.002105712890625,0.5057870370370371,0.505902777777777,0.00011574074074
500623652881,5006236528,81,0,20737051,1.0,"""[0.00013732910156200002",0.0005455017089840001,0.0036735534667960003,0.004875183105468001,0.005950927734375001,0.007965087890625,0.008255004882812,0.008377075195312,0.00848388671875,0.008651733398437," 0.01068115234375]""",0.02081298828125,0.006172180175781,1.024107217788696,0.0018211405258620002,0.00390625,0.000358581542968,0.0028343200683590003,0.002151489257812,0.5060185185185181,0.506134259259259,0.00011574074074
500623652881,5006236528,81,0,20737051,1.0,"""[0.000144958496093",0.000155448913574,0.00016689300537100002,0.00018215179443300001,0.000205993652343,0.000726699829101,0.004409790039062,0.006004333496093001,0.008041381835937,0.008453369140625," 0.009140014648437]""",0.013153076171875002,0.003284454345703,3.738452911376953,0.017125230282545003,0.00390625,0.000358581542968,0.002349853515625,0.001998901367187,0.5081018518518511,0.508217592592592,0.00011574074074
500623652881,5006236528,81,0,20737051,1.0,"""[0.00010204315185500001",0.000124931335449,0.00014114379882800002,0.000153541564941,0.000165939331054,0.000196456909179,0.00308609008789,0.005622863769531,0.007637023925781,0.0084228515625," 0.009521484375]""",0.0186767578125,0.0029449462890620004,1.5248913764953609,0.005253709387034001,0.00390625,0.000357627868652,0.0022087097167960003,0.00186538696289,0.5048611111111111,0.504976851851851,0.00011574074074
500623652881,5006236528,81,0,20737051,1.0,"""[0.00013160705566400002",0.00014781951904200002,0.00016403198242100002,0.000186920166015,0.000268936157226,0.002662658691406,0.004737854003906,0.006904602050781,0.00830078125,0.008514404296875," 0.009002685546875]""",0.016937255859375,0.003559112548828,3.558305501937866,0.017309913411736003,0.00390625,0.000359535217285,0.002304077148437,0.001998901367187,0.5087962962962961,0.508912037037037,0.00011574074074
500623652881,5006236528,81,0,20737051,1.0,"""[0.00013160705566400002",0.00014305114746000002,0.000155448913574,0.00016689300537100002,0.000185966491699,0.000308036804199,0.0036888122558590003,0.005638122558593001,0.007781982421875001,0.008453369140625," 0.009521484375]""",0.00946044921875,0.0030937194824210003,3.796889305114746,0.01859856583178,0.00390625,0.000359535217285,0.002277374267578,0.0019378662109370002,0.5031249999999999,0.50324074074074,0.00011574074074
500623652881,5006236528,81,0,20737051,1.0,"""[0.00010299682617100001",0.000125885009765,0.00014209747314400002,0.000155448913574,0.00016975402832,0.000205039978027,0.0009593963623040001,0.004898071289062,0.007637023925781,0.008209228515625," 0.009002685546875]""",0.009033203125,0.00271987915039,3.710117816925048,0.017837468534708002,0.00390625,0.00035285949707000003,0.002372741699218,0.0019283294677730001,0.501388888888888,0.501504629629629,0.00011574074074
500623652881,5006236528,81,0,20737051,1.0,"""[0.000123023986816",0.00013828277587800002,0.00014781951904200002,0.00015640258789,0.000165939331054,0.000175476074218,0.00021839141845700002,0.000995635986328,0.006050109863281,0.00836181640625," 0.008804321289062]""",0.01727294921875,0.002140045166015,3.399435997009277,0.016808416694402,0.00390625,0.00035667419433500004,0.002243041992187,0.0017852783203120002,0.501504629629629,0.50162037037037,0.00011574074074
500623652881,5006236528,81,0,20737051,1.0,"""[0.000135421752929",0.00014591217041000002,0.00015640258789,0.000165939331054,0.00017738342285100002,0.00019741058349600002,0.00021743774414,0.000568389892578,0.005477905273437,0.008346557617187," 0.009567260742187]""",0.013824462890625002,0.0020103454589840003,1.895735502243042,0.007808476220816001,0.00390625,0.00035667419433500004,0.002094268798828,0.001888275146484,0.507754629629629,0.5078703703703701,0.00011574074074
500623652881,5006236528,81,0,20737051,1.0,"""[0.000139236450195",0.00015926361083900002,0.00018405914306600003,0.000250816345214,0.003162384033203,0.004707336425781,0.007278442382812,0.0081787109375,0.008346557617187,0.008453369140625," 0.009429931640625]""",0.009445190429687,0.004463195800781,1.895735502243042,0.007808476220816001,0.00390625,0.000359535217285,0.002418518066406,0.002067565917968,0.5078703703703701,0.507986111111111,0.00011574074074
500623652881,5006236528,81,0,20737051,1.0,"""[0.000144958496093",0.000160217285156,0.000175476074218,0.00019454956054600002,0.00021362304687500003,0.002311706542968,0.004913330078125,0.006187438964843001,0.008132934570312,0.00848388671875," 0.009506225585937]""",0.009811401367187,0.003456115722656,3.738452911376953,0.017125230282545003,0.00390625,0.000358581542968,0.0024528503417960003,0.0020751953125,0.508217592592592,0.5083333333333331,0.00011574074074
500623652881,5006236528,81,0,20737051,1.0,"""[0.000128746032714",0.00015163421630800001,0.000170707702636,0.000200271606445,0.00040531158447200004,0.00537109375,0.007843017578125,0.008224487304687,0.008346557617187,0.008438110351562," 0.009140014648437]""",0.016815185546875,0.004364013671875,3.355605363845825,0.016663240268826002,0.00390625,0.00035476684570300005,0.00225830078125,0.001882553100585,0.501851851851851,0.501967592592592,0.00011574074074
500623652881,5006236528,81,0,20737051,1.0,"""[0.000125885009765",0.00014305114746000002,0.00015735626220700002,0.000170707702636,0.00020217895507800002,0.000616073608398,0.004043579101562,0.0057373046875,0.008163452148437,0.008392333984375," 0.0089111328125]""",0.017059326171875,0.00326919555664,1.131469845771789,0.002931885421276,0.00390625,0.000358581542968,0.002357482910156,0.00204849243164,0.504282407407407,0.504398148148148,0.00011574074074
500623652881,5006236528,81,0,20737051,1.0,"""[0.000124931335449",0.000144004821777,0.00015640258789,0.00016880035400300002,0.00018787384033200002,0.00021553039550700003,0.0029602050781250004,0.005096435546875,0.008102416992187,0.008438110351562," 0.01092529296875]""",0.01702880859375,0.0029716491699210003,1.365125179290771,0.0031901467591520004,0.00390625,0.000357627868652,0.0023765563964840003,0.0020103454589840003,0.5062500000000001,0.50636574074074,0.00011574074074
500623652881,5006236528,81,0,20737051,1.0,"""[0.000124931335449",0.00014114379882800002,0.00015163421630800001,0.00016307830810500002,0.00017356872558500002,0.00025463104248,0.0037956237792960003,0.005630493164062,0.008209228515625,0.008407592773437," 0.009475708007812]""",0.010879516601562,0.003105163574218,1.13027799129486,0.002926850691437,0.00390625,0.000357627868652,0.002246856689453,0.0019207000732420001,0.504629629629629,0.50474537037037,0.00011574074074
500623652881,5006236528,81,0,20737051,1.0,"""[0.00014114379882800002",0.00015163421630800001,0.00016212463378900002,0.00017356872558500002,0.00019454956054600002,0.00021934509277300002,0.000440597534179,0.0037651062011710003,0.00506591796875,0.0081787109375," 0.00970458984375]""",0.018310546875,0.00235366821289,1.18218445777893,0.0032785811927160003,0.00390625,0.000357627868652,0.002338409423828,0.00179100036621,0.5067129629629631,0.506828703703703,0.00011574074074
500623652881,5006236528,81,0,20737051,1.0,"""[0.00013637542724600002",0.000144958496093,0.000154495239257,0.00016403198242100002,0.00017356872558500002,0.000195503234863,0.00022029876708900002,0.0014343261718750002,0.005294799804687,0.008209228515625," 0.009445190429687]""",0.013626098632812,0.002128601074218,3.610656976699829,0.017131730914115,0.00390625,0.000358581542968,0.0023002624511710003,0.002151489257812,0.502893518518518,0.503009259259259,0.00011574074074
500623652881,5006236528,81,0,20737051,1.0,"""[0.00014305114746000002",0.000153541564941,0.00016403198242100002,0.000174522399902,0.000185966491699,0.00019931793212800002,0.00021171569824200001,0.000249862670898,0.002044677734375,0.007423400878906," 0.008651733398437]""",0.012680053710937,0.0014877319335930002,1.3940914869308472,0.00404129223898,0.00390625,0.000357627868652,0.0021324157714840003,0.0017719268798820002,0.504050925925925,0.504166666666666,0.00011574074074
500623652881,5006236528,81,0,20737051,1.0,"""[0.000134468078613",0.00015640258789,0.00018119812011700001,0.0008144378662100001,0.004135131835937,0.005104064941406,0.006561279296875001,0.008026123046875,0.008316040039062,0.008468627929687," 0.010009765625]""",0.011260986328125002,0.004600524902343001,1.3940914869308472,0.00404129223898,0.00390625,0.000357627868652,0.0024070739746090003,0.002033233642578,0.504166666666666,0.504282407407407,0.00011574074074
500623652881,5006236528,81,0,20737051,1.0,"""[0.00013732910156200002",0.000148773193359,0.000160217285156,0.000170707702636,0.000200271606445,0.00037384033203100004,0.003837585449218,0.00543212890625,0.008255004882812,0.008453369140625," 0.009017944335937]""",0.009048461914062,0.003162384033203,1.365125179290771,0.0031901467591520004,0.00390625,0.000357627868652,0.002521514892578,0.002082824707031,0.50636574074074,0.5064814814814811,0.00011574074074
500623652881,5006236528,81,0,20737051,1.0,"""[0.000134468078613",0.00014781951904200002,0.000161170959472,0.000174522399902,0.00020217895507800002,0.000297546386718,0.003620147705078,0.005805969238281,0.0081787109375,0.008499145507812," 0.009536743164062]""",0.009536743164062,0.003116607666015,1.316009759902954,0.0032138891983770003,0.00390625,0.000359535217285,0.002445220947265,0.002033233642578,0.5064814814814811,0.506597222222222,0.00011574074074
500623652881,5006236528,81,0,20737051,1.0,"""[0.000134468078613",0.000144958496093,0.000155448913574,0.000165939331054,0.00017642974853500002,0.000196456909179,0.00021743774414,0.00169563293457,0.006690979003906,0.008346557617187," 0.008895874023437]""",0.009140014648437,0.002250671386718,3.796889305114746,0.01859856583178,0.00390625,0.000357627868652,0.0021629333496090003,0.0018978118896480001,0.503009259259259,0.5031249999999999,0.00011574074074
500623652881,5006236528,81,0,20737051,0.983333349227905,"""[0.000134468078613",0.00015735626220700002,0.00018310546875,0.000288963317871,0.004127502441406,0.005340576171875,0.007514953613281,0.008209228515625,0.00836181640625,0.008499145507812," 0.008926391601562]""",0.0506591796875,0.004875183105468001,1.265666961669921,0.003631385508924,0.00390625,0.000358581542968,0.002323150634765,0.002021789550781,0.509375,0.5094907407407401,0.00011574074074
500623652881,5006236528,81,0,20737051,1.0,"""[0.00014591217041000002",0.000164985656738,0.000195503234863,0.0006914138793940001,0.0038566589355460003,0.005149841308593001,0.007049560546875001,0.008224487304687,0.008346557617187,0.008514404296875," 0.008956909179687]""",0.009078979492187,0.004638671875,0.8553251624107361,0.001143570756539,0.00390625,0.000358581542968,0.002403259277343,0.001998901367187,0.505671296296296,0.5057870370370371,0.00011574074074
