UniqJobId,collection_id,instance_index,priority,machine_id,sample_rate,cpu_usage_distribution1,cpu_usage_distribution2,cpu_usage_distribution3,cpu_usage_distribution4,cpu_usage_distribution5,cpu_usage_distribution6,cpu_usage_distribution7,cpu_usage_distribution8,cpu_usage_distribution9,cpu_usage_distribution10,cpu_usage_distribution11,max_cpu,avg_cpu,cycles_per_instruction,memory_accesses_per_instruction,assigned_memory,page_cache_memory,max_memory,avg_memory,start_time,end_time,time_window
526241894450,52624189445,0,0,21365709,1.0,"""[4.196166992187501e-05",4.768371582031251e-05,5.245208740234376e-05,5.722045898437501e-05,6.198883056640625e-05,6.771087646484375e-05,7.2479248046875e-05,7.724761962890625e-05,8.20159912109375e-05,8.678436279296876e-05," 0.00045680999755800004]""",0.00045394897460900003,6.198883056640625e-05,3.879962682723999,0.016406383365392,0.00103759765625,0.00015640258789,0.000482559204101,0.000360488891601,0.500925925925925,0.501041666666666,0.00011574074074
526241894450,52624189445,0,0,21365709,1.0,"""[5.149841308593751e-05",5.531311035156251e-05,6.008148193359376e-05,6.389617919921875e-05,6.866455078125e-05,7.2479248046875e-05,7.62939453125e-05,8.106231689453125e-05,8.487701416015626e-05,0.00010204315185500001," 0.00059700012207]""",0.0006017684936520001,7.534027099609375e-05,3.770092010498046,0.015192828141152002,0.00103759765625,0.00015640258789,0.000338554382324,0.000336647033691,0.5087962962962961,0.508912037037037,0.00011574074074
526241894450,52624189445,0,0,21365709,1.0,"""[5.340576171875001e-05",5.722045898437501e-05,6.198883056640625e-05,6.580352783203125e-05,6.961822509765625e-05,7.343292236328125e-05,7.82012939453125e-05,8.20159912109375e-05,8.583068847656251e-05,0.00010299682617100001," 0.000551223754882]""",0.0005521774291990001,7.343292236328125e-05,3.9091217517852783,0.014913527294993002,0.00103759765625,0.00015640258789,0.00045394897460900003,0.000358581542968,0.509143518518518,0.5092592592592591,0.00011574074074
526241894450,52624189445,0,0,21365709,1.0,"""[4.863739013671876e-05",5.245208740234376e-05,5.722045898437501e-05,6.198883056640625e-05,6.580352783203125e-05,7.05718994140625e-05,7.534027099609375e-05,7.915496826171875e-05,8.392333984375001e-05,9.250640869140626e-05," 0.000543594360351]""",0.000542640686035,7.05718994140625e-05,3.858004570007324,0.017261104658246002,0.00103759765625,0.00015640258789,0.000639915466308,0.000460624694824,0.507523148148148,0.5076388888888881,0.00011574074074
526241894450,52624189445,0,0,21365709,1.0,"""[4.291534423828126e-05",4.863739013671876e-05,5.340576171875001e-05,5.817413330078126e-05,6.29425048828125e-05,6.866455078125e-05,7.343292236328125e-05,7.82012939453125e-05,8.296966552734376e-05,8.773803710937501e-05," 0.000611305236816]""",0.000622749328613,6.67572021484375e-05,1.385753870010376,0.004604021552950001,0.00103759765625,0.00015640258789,0.00032520294189400005,0.00032329559326100003,0.501851851851851,0.501967592592592,0.00011574074074
526241894450,52624189445,0,0,21365709,1.0,"""[4.482269287109376e-05",4.959106445312501e-05,5.435943603515626e-05,6.008148193359376e-05,6.4849853515625e-05,6.961822509765625e-05,7.534027099609375e-05,8.0108642578125e-05,8.487701416015626e-05,0.00010585784912100001," 0.001998901367187]""",0.001998901367187,8.106231689453125e-05,1.5682926177978511,0.005926689133048,0.00103759765625,0.00015640258789,0.00047874450683500004,0.000360488891601,0.502083333333333,0.502199074074074,0.00011574074074
526241894450,52624189445,0,0,21365709,1.0,"""[5.054473876953126e-05",5.531311035156251e-05,5.912780761718751e-05,6.389617919921875e-05,6.771087646484375e-05,7.152557373046875e-05,7.62939453125e-05,8.0108642578125e-05,8.487701416015626e-05,9.727478027343751e-05," 0.0018367767333980001]""",0.0018386840820310002,7.724761962890625e-05,3.651715040206909,0.013817863538861,0.00103759765625,0.00015640258789,0.000481605529785,0.000370025634765,0.508217592592592,0.5083333333333331,0.00011574074074
526241894450,52624189445,0,0,21365709,1.0,"""[4.959106445312501e-05",5.435943603515626e-05,5.817413330078126e-05,6.198883056640625e-05,6.67572021484375e-05,7.05718994140625e-05,7.534027099609375e-05,7.915496826171875e-05,8.296966552734376e-05,8.773803710937501e-05," 0.0005416870117180001]""",0.00053596496582,6.866455078125e-05,3.63453984260559,0.015034949406981002,0.00103759765625,0.00015640258789,0.000532150268554,0.000391006469726,0.5064814814814811,0.506597222222222,0.00011574074074
526241894450,52624189445,0,0,21365709,1.0,"""[4.386901855468751e-05",4.863739013671876e-05,5.340576171875001e-05,5.817413330078126e-05,6.29425048828125e-05,6.771087646484375e-05,7.2479248046875e-05,7.82012939453125e-05,8.296966552734376e-05,8.773803710937501e-05," 0.000645637512207]""",0.000500679016113,6.389617919921875e-05,1.385753870010376,0.004604021552950001,0.00103759765625,0.00015640258789,0.00032520294189400005,0.00032329559326100003,0.501736111111111,0.501851851851851,0.00011574074074
526241894450,52624189445,0,0,21365709,1.0,"""[4.673004150390626e-05",5.149841308593751e-05,5.626678466796876e-05,6.103515625e-05,6.580352783203125e-05,7.05718994140625e-05,7.534027099609375e-05,8.0108642578125e-05,8.487701416015626e-05,0.00010299682617100001," 0.00048828124999999995]""",0.00048828124999999995,6.961822509765625e-05,4.00783348083496,0.018219364807009003,0.00103759765625,0.00015640258789,0.000388145446777,0.000340461730957,0.504513888888888,0.504629629629629,0.00011574074074
526241894450,52624189445,0,0,21365709,1.0,"""[4.673004150390626e-05",5.149841308593751e-05,5.626678466796876e-05,6.103515625e-05,6.580352783203125e-05,7.05718994140625e-05,7.534027099609375e-05,8.0108642578125e-05,8.487701416015626e-05,0.00010395050048800001," 0.001544952392578]""",0.001544952392578,7.534027099609375e-05,3.6725001335144043,0.014059285633265,0.00103759765625,0.00015640258789,0.00048446655273400003,0.00036716461181600005,0.5085648148148141,0.508680555555555,0.00011574074074
526241894450,52624189445,0,0,21365709,1.0,"""[5.531311035156251e-05",5.912780761718751e-05,6.29425048828125e-05,6.67572021484375e-05,7.05718994140625e-05,7.43865966796875e-05,7.82012939453125e-05,8.20159912109375e-05,8.583068847656251e-05,0.00010108947753900001," 0.000579833984375]""",0.0005769729614250001,7.43865966796875e-05,3.770092010498046,0.015192828141152002,0.00103759765625,0.00015640258789,0.00033760070800700005,0.000336647033691,0.508912037037037,0.5090277777777771,0.00011574074074
526241894450,52624189445,0,0,21365709,1.0,"""[4.959106445312501e-05",5.340576171875001e-05,5.817413330078126e-05,6.198883056640625e-05,6.67572021484375e-05,7.05718994140625e-05,7.534027099609375e-05,7.915496826171875e-05,8.392333984375001e-05,8.964538574218751e-05," 0.001079559326171]""",0.001079559326171,7.05718994140625e-05,4.109974861145019,0.016362154856324,0.00103759765625,0.00015640258789,0.000432968139648,0.00035476684570300005,0.507060185185185,0.5071759259259261,0.00011574074074
526241894450,52624189445,0,0,21365709,1.0,"""[4.291534423828126e-05",4.863739013671876e-05,5.340576171875001e-05,5.817413330078126e-05,6.29425048828125e-05,6.866455078125e-05,7.343292236328125e-05,7.82012939453125e-05,8.296966552734376e-05,9.155273437500001e-05," 0.000593185424804]""",0.0006141662597650001,6.771087646484375e-05,3.482995748519897,0.013814540579915002,0.00103759765625,0.00015640258789,0.00032615661621000004,0.00032329559326100003,0.501388888888888,0.501504629629629,0.00011574074074
526241894450,52624189445,0,0,21365709,1.0,"""[4.100799560546875e-05",4.768371582031251e-05,5.340576171875001e-05,5.817413330078126e-05,6.29425048828125e-05,6.771087646484375e-05,7.2479248046875e-05,7.82012939453125e-05,8.296966552734376e-05,8.773803710937501e-05," 0.000501632690429]""",0.000499725341796,6.389617919921875e-05,3.482995748519897,0.013814540579915002,0.00103759765625,0.00015640258789,0.00032234191894500003,0.000320434570312,0.501504629629629,0.50162037037037,0.00011574074074
526241894450,52624189445,0,0,21365709,1.0,"""[5.054473876953126e-05",5.435943603515626e-05,5.912780761718751e-05,6.389617919921875e-05,6.771087646484375e-05,7.2479248046875e-05,7.724761962890625e-05,8.106231689453125e-05,8.583068847656251e-05,0.000106811523437," 0.0024375915527340003]""",0.0024375915527340003,9.155273437500001e-05,3.56868290901184,0.013185907155275001,0.00103759765625,0.00015640258789,0.000802993774414,0.0005149841308590001,0.5055555555555551,0.505671296296296,0.00011574074074
526241894450,52624189445,0,0,21365709,1.0,"""[5.054473876953126e-05",5.435943603515626e-05,5.817413330078126e-05,6.29425048828125e-05,6.67572021484375e-05,7.05718994140625e-05,7.534027099609375e-05,7.915496826171875e-05,8.392333984375001e-05,8.773803710937501e-05," 0.001789093017578]""",0.00179100036621,7.724761962890625e-05,3.441832065582275,0.013063304126262,0.00103759765625,0.00015640258789,0.00048828124999999995,0.000342369079589,0.505902777777777,0.5060185185185181,0.00011574074074
526241894450,52624189445,0,0,21365709,1.0,"""[5.531311035156251e-05",5.912780761718751e-05,6.29425048828125e-05,6.67572021484375e-05,7.05718994140625e-05,7.43865966796875e-05,7.82012939453125e-05,8.20159912109375e-05,8.583068847656251e-05,0.00010871887207," 0.000725746154785]""",0.000726699829101,7.82012939453125e-05,1.578433632850647,0.005902308039367,0.00103759765625,0.00015640258789,0.000329971313476,0.000328063964843,0.502314814814814,0.502430555555555,0.00011574074074
526241894450,52624189445,0,0,21365709,1.0,"""[4.577636718750001e-05",5.054473876953126e-05,5.531311035156251e-05,6.008148193359376e-05,6.4849853515625e-05,6.961822509765625e-05,7.43865966796875e-05,7.915496826171875e-05,8.296966552734376e-05,8.773803710937501e-05," 0.00048542022705000003]""",0.00048542022705000003,6.67572021484375e-05,4.00783348083496,0.018219364807009003,0.00103759765625,0.00015640258789,0.00033760070800700005,0.00033378601074200004,0.504629629629629,0.50474537037037,0.00011574074074
526241894450,52624189445,0,0,21365709,1.0,"""[5.054473876953126e-05",5.435943603515626e-05,5.817413330078126e-05,6.29425048828125e-05,6.67572021484375e-05,7.05718994140625e-05,7.534027099609375e-05,7.915496826171875e-05,8.296966552734376e-05,8.773803710937501e-05," 0.00041580200195300005]""",0.00041580200195300005,6.771087646484375e-05,3.63453984260559,0.015034949406981002,0.00103759765625,0.00015640258789,0.000342369079589,0.000341415405273,0.506597222222222,0.5067129629629631,0.00011574074074
526241894450,52624189445,0,0,21365709,1.0,"""[4.673004150390626e-05",5.149841308593751e-05,5.626678466796876e-05,6.103515625e-05,6.4849853515625e-05,6.961822509765625e-05,7.43865966796875e-05,7.915496826171875e-05,8.392333984375001e-05,9.059906005859376e-05," 0.000544548034667]""",0.000551223754882,6.866455078125e-05,3.937886476516723,0.017299415543675003,0.00103759765625,0.00015640258789,0.00033378601074200004,0.00033283233642500003,0.50474537037037,0.5048611111111111,0.00011574074074
526241894450,52624189445,0,0,21365709,1.0,"""[4.959106445312501e-05",5.435943603515626e-05,5.817413330078126e-05,6.29425048828125e-05,6.67572021484375e-05,7.152557373046875e-05,7.534027099609375e-05,8.0108642578125e-05,8.392333984375001e-05,9.250640869140626e-05," 0.000317573547363]""",0.000317573547363,7.05718994140625e-05,4.304807186126709,0.017255527898669,0.00103759765625,0.00015640258789,0.00042533874511700004,0.000348091125488,0.502893518518518,0.503009259259259,0.00011574074074
526241894450,52624189445,0,0,21365709,1.0,"""[4.673004150390626e-05",5.054473876953126e-05,5.531311035156251e-05,6.008148193359376e-05,6.4849853515625e-05,6.961822509765625e-05,7.43865966796875e-05,7.915496826171875e-05,8.296966552734376e-05,8.773803710937501e-05," 0.0033073425292960003]""",0.0033073425292960003,8.20159912109375e-05,3.838570356369018,0.01599321141839,0.00103759765625,0.00015640258789,0.0007019042968750001,0.000513076782226,0.5048611111111111,0.504976851851851,0.00011574074074
526241894450,52624189445,0,0,21365709,0.996666669845581,"""[5.054473876953126e-05",5.531311035156251e-05,5.912780761718751e-05,6.29425048828125e-05,6.771087646484375e-05,7.152557373046875e-05,7.534027099609375e-05,8.0108642578125e-05,8.392333984375001e-05,8.869171142578126e-05," 0.00047492980957000003]""",0.00047588348388600003,7.05718994140625e-05,4.109974861145019,0.016362154856324,0.00103759765625,0.00015640258789,0.000361442565917,0.00034427642822200004,0.506828703703703,0.5069444444444441,0.00011574074074
526241894450,52624189445,0,0,21365709,1.0,"""[5.149841308593751e-05",5.531311035156251e-05,5.912780761718751e-05,6.389617919921875e-05,6.771087646484375e-05,7.2479248046875e-05,7.62939453125e-05,8.106231689453125e-05,8.487701416015626e-05,0.00010108947753900001," 0.00351333618164]""",0.003517150878906,8.583068847656251e-05,3.858004570007324,0.017261104658246002,0.00103759765625,0.00015640258789,0.0007038116455070001,0.00039577484130800004,0.5074074074074071,0.507523148148148,0.00011574074074
526241894450,52624189445,0,0,21365709,1.0,"""[5.054473876953126e-05",5.531311035156251e-05,5.912780761718751e-05,6.389617919921875e-05,6.771087646484375e-05,7.2479248046875e-05,7.724761962890625e-05,8.106231689453125e-05,8.583068847656251e-05,0.00010490417480400001," 0.002613067626953]""",0.002613067626953,8.392333984375001e-05,3.793262004852294,0.014750803820788002,0.00103759765625,0.00015640258789,0.000612258911132,0.000443458557128,0.5078703703703701,0.507986111111111,0.00011574074074
526241894450,52624189445,0,0,21365709,1.0,"""[4.00543212890625e-05",4.768371582031251e-05,5.245208740234376e-05,5.722045898437501e-05,6.198883056640625e-05,6.67572021484375e-05,7.152557373046875e-05,7.62939453125e-05,8.106231689453125e-05,8.583068847656251e-05," 0.0008630752563470001]""",0.0008621215820310001,6.389617919921875e-05,4.349655628204345,0.020076973363757,0.00103759765625,0.00015640258789,0.000349044799804,0.00032329559326100003,0.5001157407407401,0.500231481481481,0.00011574074074
526241894450,52624189445,0,0,21365709,1.0,"""[4.959106445312501e-05",5.340576171875001e-05,5.817413330078126e-05,6.198883056640625e-05,6.580352783203125e-05,6.961822509765625e-05,7.43865966796875e-05,7.82012939453125e-05,8.20159912109375e-05,8.678436279296876e-05," 0.000548362731933]""",0.000548362731933,6.771087646484375e-05,3.441832065582275,0.013063304126262,0.00103759765625,0.00015640258789,0.00047111511230400006,0.00036430358886700004,0.5060185185185181,0.506134259259259,0.00011574074074
526241894450,52624189445,0,0,21365709,1.0,"""[5.245208740234376e-05",5.626678466796876e-05,6.008148193359376e-05,6.4849853515625e-05,6.866455078125e-05,7.343292236328125e-05,7.724761962890625e-05,8.20159912109375e-05,8.583068847656251e-05,0.000106811523437," 0.000432014465332]""",0.00045585632324200004,7.534027099609375e-05,1.5682926177978511,0.005926689133048,0.00103759765625,0.00015640258789,0.00033187866210900003,0.000329971313476,0.502199074074074,0.502314814814814,0.00011574074074
526241894450,52624189445,0,0,21365709,1.0,"""[4.863739013671876e-05",5.245208740234376e-05,5.722045898437501e-05,6.103515625e-05,6.580352783203125e-05,6.961822509765625e-05,7.43865966796875e-05,7.915496826171875e-05,8.296966552734376e-05,8.773803710937501e-05," 0.000506401062011]""",0.000506401062011,6.866455078125e-05,3.743757724761962,0.014424518682062001,0.00103759765625,0.00015640258789,0.000340461730957,0.000338554382324,0.5081018518518511,0.508217592592592,0.00011574074074
526241894450,52624189445,0,0,21365709,1.0,"""[4.863739013671876e-05",5.245208740234376e-05,5.722045898437501e-05,6.103515625e-05,6.580352783203125e-05,7.05718994140625e-05,7.43865966796875e-05,7.915496826171875e-05,8.392333984375001e-05,8.773803710937501e-05," 0.000640869140625]""",0.000639915466308,6.866455078125e-05,3.617536306381225,0.014860982075333002,0.00103759765625,0.00015640258789,0.00033760070800700005,0.000335693359375,0.5062500000000001,0.50636574074074,0.00011574074074
526241894450,52624189445,0,0,21365709,1.0,"""[4.386901855468751e-05",4.863739013671876e-05,5.340576171875001e-05,5.817413330078126e-05,6.389617919921875e-05,6.866455078125e-05,7.343292236328125e-05,7.82012939453125e-05,8.296966552734376e-05,8.869171142578126e-05," 0.0015087127685540001]""",0.0015239715576170001,7.534027099609375e-05,3.548380136489868,0.015760170295834,0.00103759765625,0.00015640258789,0.000431060791015,0.000336647033691,0.500462962962963,0.500578703703703,0.00011574074074
526241894450,52624189445,0,0,21365709,1.0,"""[4.768371582031251e-05",5.245208740234376e-05,5.722045898437501e-05,6.198883056640625e-05,6.67572021484375e-05,7.152557373046875e-05,7.62939453125e-05,8.106231689453125e-05,8.583068847656251e-05,0.000106811523437," 0.0017070770263670001]""",0.0017070770263670001,8.296966552734376e-05,4.00783348083496,0.018219364807009003,0.00103759765625,0.00015640258789,0.000581741333007,0.000411987304687,0.504398148148148,0.504513888888888,0.00011574074074
526241894450,52624189445,0,0,21365709,1.0,"""[4.959106445312501e-05",5.340576171875001e-05,5.817413330078126e-05,6.29425048828125e-05,6.67572021484375e-05,7.152557373046875e-05,7.62939453125e-05,8.106231689453125e-05,8.487701416015626e-05,0.00010490417480400001," 0.004852294921875]""",0.004852294921875,9.441375732421876e-05,3.63453984260559,0.015034949406981002,0.00103759765625,0.00015640258789,0.0008449554443350001,0.0006313323974600001,0.50636574074074,0.5064814814814811,0.00011574074074
526241894450,52624189445,0,0,21365709,1.0,"""[4.196166992187501e-05",4.863739013671876e-05,5.340576171875001e-05,5.817413330078126e-05,6.29425048828125e-05,6.771087646484375e-05,7.2479248046875e-05,7.724761962890625e-05,8.20159912109375e-05,8.678436279296876e-05," 0.0005578994750970001]""",0.000558853149414,6.29425048828125e-05,3.548380136489868,0.015760170295834,0.00103759765625,0.00015640258789,0.00032615661621000004,0.00032520294189400005,0.500578703703703,0.500694444444444,0.00011574074074
526241894450,52624189445,0,0,21365709,1.0,"""[5.245208740234376e-05",5.626678466796876e-05,6.008148193359376e-05,6.389617919921875e-05,6.866455078125e-05,7.2479248046875e-05,7.62939453125e-05,8.0108642578125e-05,8.487701416015626e-05,9.536743164062501e-05," 0.000430107116699]""",0.000430107116699,7.2479248046875e-05,1.656964898109436,0.005807147826999001,0.00103759765625,0.00015640258789,0.00033283233642500003,0.000330924987792,0.502662037037037,0.502777777777777,0.00011574074074
526241894450,52624189445,0,0,21365709,1.0,"""[5.435943603515626e-05",5.817413330078126e-05,6.198883056640625e-05,6.580352783203125e-05,6.961822509765625e-05,7.343292236328125e-05,7.724761962890625e-05,8.106231689453125e-05,8.487701416015626e-05,9.918212890625001e-05," 0.0005531311035150001]""",0.0005531311035150001,7.62939453125e-05,4.158251285552978,0.016823949292302,0.00103759765625,0.00015640258789,0.00033378601074200004,0.000330924987792,0.5031249999999999,0.50324074074074,0.00011574074074
526241894450,52624189445,0,0,21365709,1.0,"""[4.959106445312501e-05",5.435943603515626e-05,5.817413330078126e-05,6.29425048828125e-05,6.67572021484375e-05,7.152557373046875e-05,7.62939453125e-05,8.0108642578125e-05,8.487701416015626e-05,9.918212890625001e-05," 0.002113342285156]""",0.002113342285156,8.392333984375001e-05,3.767988443374633,0.015259032137691001,0.00103759765625,0.00015640258789,0.000627517700195,0.00044918060302700006,0.505208333333333,0.5053240740740741,0.00011574074074
526241894450,52624189445,0,0,21365709,1.0,"""[4.863739013671876e-05",5.245208740234376e-05,5.722045898437501e-05,6.198883056640625e-05,6.580352783203125e-05,7.05718994140625e-05,7.534027099609375e-05,8.0108642578125e-05,8.392333984375001e-05,9.632110595703126e-05," 0.00113296508789]""",0.00113296508789,7.62939453125e-05,3.860250234603881,0.017423506826162,0.00103759765625,0.00015640258789,0.00046539306640600004,0.00035381317138600003,0.503587962962962,0.503703703703703,0.00011574074074
526241894450,52624189445,0,0,21365709,1.0,"""[5.054473876953126e-05",5.531311035156251e-05,5.912780761718751e-05,6.29425048828125e-05,6.67572021484375e-05,7.152557373046875e-05,7.534027099609375e-05,7.915496826171875e-05,8.392333984375001e-05,8.773803710937501e-05," 0.00045394897460900003]""",0.000452995300292,6.866455078125e-05,3.793262004852294,0.014750803820788002,0.00103759765625,0.00015640258789,0.00033950805664,0.000336647033691,0.507754629629629,0.5078703703703701,0.00011574074074
526241894450,52624189445,0,0,21365709,1.0,"""[5.340576171875001e-05",5.722045898437501e-05,6.103515625e-05,6.4849853515625e-05,6.866455078125e-05,7.343292236328125e-05,7.724761962890625e-05,8.106231689453125e-05,8.487701416015626e-05,9.918212890625001e-05," 0.0006484985351560001]""",0.000650405883789,7.62939453125e-05,4.104203224182128,0.018512029200792,0.00103759765625,0.00015640258789,0.000336647033691,0.000330924987792,0.503935185185185,0.504050925925925,0.00011574074074
526241894450,52624189445,0,0,21365709,1.0,"""[4.959106445312501e-05",5.340576171875001e-05,5.817413330078126e-05,6.198883056640625e-05,6.67572021484375e-05,7.05718994140625e-05,7.534027099609375e-05,7.915496826171875e-05,8.392333984375001e-05,8.773803710937501e-05," 0.00048732757568300004]""",0.00048637390136700004,6.771087646484375e-05,3.793262004852294,0.014750803820788002,0.00103759765625,0.00015640258789,0.00034427642822200004,0.000341415405273,0.507986111111111,0.5081018518518511,0.00011574074074
526241894450,52624189445,0,0,21365709,1.0,"""[5.149841308593751e-05",5.626678466796876e-05,6.008148193359376e-05,6.389617919921875e-05,6.866455078125e-05,7.2479248046875e-05,7.724761962890625e-05,8.106231689453125e-05,8.583068847656251e-05,0.00010299682617100001," 0.000575065612792]""",0.001148223876953,7.724761962890625e-05,4.315231323242187,0.019087197259068,0.00103759765625,0.00015640258789,0.00033473968505800004,0.00033283233642500003,0.504166666666666,0.504282407407407,0.00011574074074
526241894450,52624189445,0,0,21365709,1.0,"""[5.054473876953126e-05",5.435943603515626e-05,5.912780761718751e-05,6.29425048828125e-05,6.771087646484375e-05,7.152557373046875e-05,7.62939453125e-05,8.0108642578125e-05,8.487701416015626e-05,9.536743164062501e-05," 0.0009288787841790001]""",0.0009279251098630001,7.05718994140625e-05,3.651715040206909,0.013817863538861,0.00103759765625,0.00015640258789,0.00034332275390600004,0.000341415405273,0.5083333333333331,0.508449074074074,0.00011574074074
526241894450,52624189445,0,0,21365709,1.0,"""[5.054473876953126e-05",5.435943603515626e-05,5.912780761718751e-05,6.389617919921875e-05,6.771087646484375e-05,7.2479248046875e-05,7.62939453125e-05,8.106231689453125e-05,8.583068847656251e-05,0.00010395050048800001," 0.001901626586914]""",0.001901626586914,8.20159912109375e-05,3.9996721744537354,0.016054237261414,0.00103759765625,0.00015640258789,0.000560760498046,0.000411033630371,0.5067129629629631,0.506828703703703,0.00011574074074
526241894450,52624189445,0,0,21365709,1.0,"""[4.673004150390626e-05",5.054473876953126e-05,5.531311035156251e-05,6.008148193359376e-05,6.389617919921875e-05,6.866455078125e-05,7.343292236328125e-05,7.82012939453125e-05,8.20159912109375e-05,8.678436279296876e-05," 0.000525474548339]""",0.000524520874023,6.67572021484375e-05,3.770092010498046,0.015192828141152002,0.00103759765625,0.00015640258789,0.00038528442382800005,0.000342369079589,0.508680555555555,0.5087962962962961,0.00011574074074
526241894450,52624189445,0,0,21365709,1.0,"""[4.959106445312501e-05",5.435943603515626e-05,5.817413330078126e-05,6.29425048828125e-05,6.67572021484375e-05,7.152557373046875e-05,7.534027099609375e-05,8.0108642578125e-05,8.392333984375001e-05,9.250640869140626e-05," 0.00044441223144500003]""",0.000443458557128,6.866455078125e-05,3.838570356369018,0.01599321141839,0.00103759765625,0.00015640258789,0.00033950805664,0.00033760070800700005,0.504976851851851,0.5050925925925921,0.00011574074074
526241894450,52624189445,0,0,21365709,1.0,"""[3.910064697265625e-05",4.768371582031251e-05,5.245208740234376e-05,5.722045898437501e-05,6.198883056640625e-05,6.771087646484375e-05,7.2479248046875e-05,7.724761962890625e-05,8.20159912109375e-05,8.678436279296876e-05," 0.00046539306640600004]""",0.00046539306640600004,6.198883056640625e-05,3.660593032836914,0.014974093995988001,0.00103759765625,0.00015640258789,0.00032615661621000004,0.00032424926757800005,0.501157407407407,0.501273148148148,0.00011574074074
526241894450,52624189445,0,0,21365709,1.0,"""[4.100799560546875e-05",4.768371582031251e-05,5.245208740234376e-05,5.722045898437501e-05,6.29425048828125e-05,6.771087646484375e-05,7.2479248046875e-05,7.724761962890625e-05,8.296966552734376e-05,8.773803710937501e-05," 0.0010662078857420001]""",0.001068115234375,6.580352783203125e-05,3.482995748519897,0.013814540579915002,0.00103759765625,0.00015640258789,0.000369071960449,0.00032901763916,0.501273148148148,0.501388888888888,0.00011574074074
526241894450,52624189445,0,0,21365709,1.0,"""[4.768371582031251e-05",5.149841308593751e-05,5.626678466796876e-05,6.008148193359376e-05,6.4849853515625e-05,6.961822509765625e-05,7.43865966796875e-05,7.82012939453125e-05,8.296966552734376e-05,8.773803710937501e-05," 0.000443458557128]""",0.000443458557128,6.389617919921875e-05,3.858004570007324,0.017261104658246002,0.00103759765625,0.00015640258789,0.000341415405273,0.00033950805664,0.507291666666666,0.5074074074074071,0.00011574074074
526241894450,52624189445,0,0,21365709,1.0,"""[5.149841308593751e-05",5.626678466796876e-05,6.008148193359376e-05,6.389617919921875e-05,6.866455078125e-05,7.2479248046875e-05,7.62939453125e-05,8.106231689453125e-05,8.487701416015626e-05,9.822845458984376e-05," 0.0005216598510740001]""",0.000520706176757,7.343292236328125e-05,3.56868290901184,0.013185907155275001,0.00103759765625,0.00015640258789,0.000338554382324,0.000336647033691,0.505439814814814,0.5055555555555551,0.00011574074074
526241894450,52624189445,0,0,21365709,1.0,"""[3.719329833984375e-05",4.100799560546875e-05,4.577636718750001e-05,5.149841308593751e-05,5.722045898437501e-05,6.29425048828125e-05,6.866455078125e-05,7.43865966796875e-05,8.0108642578125e-05,8.583068847656251e-05," 0.000369071960449]""",0.000369071960449,5.626678466796876e-05,3.548380136489868,0.015760170295834,0.00103759765625,0.00015640258789,0.000321388244628,0.000319480895996,0.500347222222222,0.500462962962963,0.00011574074074
526241894450,52624189445,0,0,21365709,1.0,"""[5.054473876953126e-05",5.435943603515626e-05,5.817413330078126e-05,6.29425048828125e-05,6.67572021484375e-05,7.05718994140625e-05,7.534027099609375e-05,7.915496826171875e-05,8.296966552734376e-05,8.773803710937501e-05," 0.00041675567626900005]""",0.000412940979003,6.771087646484375e-05,4.1558332443237305,0.01863719150424,0.00103759765625,0.00015640258789,0.00033187866210900003,0.00032901763916,0.504282407407407,0.504398148148148,0.00011574074074
526241894450,52624189445,0,0,21365709,0.9933333396911621,"""[4.959106445312501e-05",5.340576171875001e-05,5.817413330078126e-05,6.198883056640625e-05,6.67572021484375e-05,7.05718994140625e-05,7.534027099609375e-05,8.0108642578125e-05,8.392333984375001e-05,9.250640869140626e-05," 0.00045871734619100005]""",0.0010433197021480001,6.961822509765625e-05,3.651715040206909,0.013817863538861,0.00103759765625,0.00015640258789,0.000342369079589,0.00033950805664,0.508449074074074,0.5085648148148141,0.00011574074074
526241894450,52624189445,0,0,21365709,1.0,"""[5.054473876953126e-05",5.531311035156251e-05,5.912780761718751e-05,6.29425048828125e-05,6.67572021484375e-05,7.152557373046875e-05,7.534027099609375e-05,7.915496826171875e-05,8.392333984375001e-05,8.773803710937501e-05," 0.0005035400390620001]""",0.0005044937133780001,7.05718994140625e-05,3.838570356369018,0.01599321141839,0.00103759765625,0.00015640258789,0.00033760070800700005,0.000336647033691,0.5050925925925921,0.505208333333333,0.00011574074074
526241894450,52624189445,0,0,21365709,1.0,"""[5.340576171875001e-05",5.722045898437501e-05,6.103515625e-05,6.4849853515625e-05,6.961822509765625e-05,7.343292236328125e-05,7.724761962890625e-05,8.20159912109375e-05,8.583068847656251e-05,0.00010395050048800001," 0.000547409057617]""",0.000547409057617,7.534027099609375e-05,3.56868290901184,0.013185907155275001,0.00103759765625,0.00015640258789,0.000358581542968,0.000338554382324,0.5053240740740741,0.505439814814814,0.00011574074074
526241894450,52624189445,0,0,21365709,1.0,"""[5.054473876953126e-05",5.435943603515626e-05,5.912780761718751e-05,6.389617919921875e-05,6.771087646484375e-05,7.2479248046875e-05,7.62939453125e-05,8.106231689453125e-05,8.583068847656251e-05,0.00010395050048800001," 0.004425048828125]""",0.004425048828125,9.059906005859376e-05,3.9091217517852783,0.014913527294993002,0.00103759765625,0.00015640258789,0.0008621215820310001,0.00046634674072200004,0.509375,0.5094907407407401,0.00011574074074
526241894450,52624189445,0,0,21365709,1.0,"""[4.673004150390626e-05",5.149841308593751e-05,5.626678466796876e-05,6.103515625e-05,6.4849853515625e-05,6.961822509765625e-05,7.43865966796875e-05,7.915496826171875e-05,8.392333984375001e-05,9.536743164062501e-05," 0.0006189346313470001]""",0.0006189346313470001,7.2479248046875e-05,3.77524185180664,0.017615426331758003,0.00103759765625,0.00015640258789,0.000378608703613,0.00033760070800700005,0.503703703703703,0.503819444444444,0.00011574074074
526241894450,52624189445,0,0,21365709,1.0,"""[4.863739013671876e-05",5.245208740234376e-05,5.722045898437501e-05,6.198883056640625e-05,6.580352783203125e-05,7.05718994140625e-05,7.534027099609375e-05,7.915496826171875e-05,8.392333984375001e-05,9.155273437500001e-05," 0.00039672851562500005]""",0.00039672851562500005,6.961822509765625e-05,3.558130264282226,0.01317570824176,0.00103759765625,0.00015640258789,0.0006265640258780001,0.00044536590576100003,0.505671296296296,0.5057870370370371,0.00011574074074
526241894450,52624189445,0,0,21365709,1.0,"""[4.768371582031251e-05",5.149841308593751e-05,5.626678466796876e-05,6.103515625e-05,6.4849853515625e-05,6.961822509765625e-05,7.43865966796875e-05,7.82012939453125e-05,8.296966552734376e-05,8.773803710937501e-05," 0.000677108764648]""",0.0007905960083000001,6.771087646484375e-05,1.4284296035766602,0.004913248587399,0.00103759765625,0.00015640258789,0.00032329559326100003,0.00032234191894500003,0.501967592592592,0.502083333333333,0.00011574074074
526241894450,52624189445,0,0,21365709,1.0,"""[5.054473876953126e-05",5.435943603515626e-05,5.912780761718751e-05,6.29425048828125e-05,6.771087646484375e-05,7.152557373046875e-05,7.62939453125e-05,8.106231689453125e-05,8.487701416015626e-05,9.918212890625001e-05," 0.0004911422729490001]""",0.0004920959472650001,7.43865966796875e-05,1.643046140670776,0.005746968090534,0.00103759765625,0.00015640258789,0.000473022460937,0.000359535217285,0.502546296296296,0.502662037037037,0.00011574074074
526241894450,52624189445,0,0,21365709,1.0,"""[4.768371582031251e-05",5.245208740234376e-05,5.626678466796876e-05,6.103515625e-05,6.4849853515625e-05,6.961822509765625e-05,7.43865966796875e-05,7.82012939453125e-05,8.296966552734376e-05,8.678436279296876e-05," 0.00045967102050700005]""",0.00045967102050700005,6.67572021484375e-05,3.95395016670227,0.016918800771236,0.00103759765625,0.00015640258789,0.00034618377685500005,0.000342369079589,0.5071759259259261,0.507291666666666,0.00011574074074
526241894450,52624189445,0,0,21365709,1.0,"""[5.054473876953126e-05",5.435943603515626e-05,5.912780761718751e-05,6.29425048828125e-05,6.771087646484375e-05,7.152557373046875e-05,7.62939453125e-05,8.0108642578125e-05,8.487701416015626e-05,9.632110595703126e-05," 0.000542640686035]""",0.000542640686035,7.2479248046875e-05,4.144175052642822,0.016782497987151,0.00103759765625,0.00015640258789,0.00033760070800700005,0.000335693359375,0.503356481481481,0.503472222222222,0.00011574074074
526241894450,52624189445,0,0,21365709,1.0,"""[5.054473876953126e-05",5.435943603515626e-05,5.817413330078126e-05,6.29425048828125e-05,6.67572021484375e-05,7.152557373046875e-05,7.534027099609375e-05,8.0108642578125e-05,8.392333984375001e-05,9.346008300781251e-05," 0.000543594360351]""",0.000543594360351,7.152557373046875e-05,3.441832065582275,0.013063304126262,0.00103759765625,0.00015640258789,0.00033760070800700005,0.000336647033691,0.5057870370370371,0.505902777777777,0.00011574074074
526241894450,52624189445,0,0,21365709,0.983333349227905,"""[5.149841308593751e-05",5.531311035156251e-05,6.008148193359376e-05,6.389617919921875e-05,6.771087646484375e-05,7.2479248046875e-05,7.62939453125e-05,8.106231689453125e-05,8.487701416015626e-05,0.00010204315185500001," 0.001760482788085]""",0.0017471313476560002,8.20159912109375e-05,4.315231323242187,0.019087197259068,0.00103759765625,0.00015640258789,0.00040817260742100005,0.00034332275390600004,0.504050925925925,0.504166666666666,0.00011574074074
526241894450,52624189445,0,0,21365709,1.0,"""[4.00543212890625e-05",4.768371582031251e-05,5.340576171875001e-05,5.817413330078126e-05,6.29425048828125e-05,6.771087646484375e-05,7.2479248046875e-05,7.724761962890625e-05,8.20159912109375e-05,8.678436279296876e-05," 0.00107192993164]""",0.00107192993164,6.4849853515625e-05,3.757758140563964,0.016168221831321,0.00103759765625,0.00015640258789,0.00032329559326100003,0.00032234191894500003,0.500694444444444,0.500810185185185,0.00011574074074
526241894450,52624189445,0,0,21365709,1.0,"""[4.768371582031251e-05",5.245208740234376e-05,5.722045898437501e-05,6.198883056640625e-05,6.67572021484375e-05,7.152557373046875e-05,7.62939453125e-05,8.106231689453125e-05,8.583068847656251e-05,0.00010490417480400001," 0.002120971679687]""",0.002120971679687,8.392333984375001e-05,4.304807186126709,0.017255527898669,0.00103759765625,0.00015640258789,0.000473022460937,0.00034618377685500005,0.502777777777777,0.502893518518518,0.00011574074074
526241894450,52624189445,0,0,21365709,1.0,"""[4.196166992187501e-05",4.768371582031251e-05,5.245208740234376e-05,5.722045898437501e-05,6.198883056640625e-05,6.771087646484375e-05,7.2479248046875e-05,7.724761962890625e-05,8.20159912109375e-05,8.678436279296876e-05," 0.000473022460937]""",0.000472068786621,6.103515625e-05,3.879962682723999,0.016406383365392,0.00103759765625,0.00015640258789,0.000327110290527,0.00032520294189400005,0.501041666666666,0.501157407407407,0.00011574074074
526241894450,52624189445,0,0,21365709,1.0,"""[5.531311035156251e-05",5.912780761718751e-05,6.29425048828125e-05,6.67572021484375e-05,7.05718994140625e-05,7.43865966796875e-05,7.82012939453125e-05,8.20159912109375e-05,8.583068847656251e-05,0.00010299682617100001," 0.000621795654296]""",0.00062084197998,7.534027099609375e-05,4.304807186126709,0.017255527898669,0.00103759765625,0.00015640258789,0.00033378601074200004,0.00033283233642500003,0.503009259259259,0.5031249999999999,0.00011574074074
526241894450,52624189445,0,0,21365709,1.0,"""[5.340576171875001e-05",5.722045898437501e-05,6.198883056640625e-05,6.580352783203125e-05,7.05718994140625e-05,7.43865966796875e-05,7.82012939453125e-05,8.296966552734376e-05,8.678436279296876e-05,0.000112533569335," 0.00241470336914]""",0.00241470336914,9.632110595703126e-05,3.775034189224243,0.015182901173830001,0.00103759765625,0.00015640258789,0.0006923675537100001,0.000489234924316,0.5090277777777771,0.509143518518518,0.00011574074074
526241894450,52624189445,0,0,21365709,1.0,"""[5.340576171875001e-05",5.722045898437501e-05,6.103515625e-05,6.580352783203125e-05,6.961822509765625e-05,7.343292236328125e-05,7.724761962890625e-05,8.20159912109375e-05,8.583068847656251e-05,0.00010299682617100001," 0.0022697448730460003]""",0.002262115478515,8.487701416015626e-05,4.144175052642822,0.016782497987151,0.00103759765625,0.00015640258789,0.000514030456542,0.00037765502929600005,0.50324074074074,0.503356481481481,0.00011574074074
526241894450,52624189445,0,0,21365709,1.0,"""[5.245208740234376e-05",5.626678466796876e-05,6.008148193359376e-05,6.4849853515625e-05,6.866455078125e-05,7.343292236328125e-05,7.724761962890625e-05,8.106231689453125e-05,8.583068847656251e-05,0.00010204315185500001," 0.0011272430419920001]""",0.001131057739257,7.62939453125e-05,4.144175052642822,0.016782497987151,0.00103759765625,0.00015640258789,0.00033473968505800004,0.00033187866210900003,0.503472222222222,0.503587962962962,0.00011574074074
526241894450,52624189445,0,0,21365709,1.0,"""[4.386901855468751e-05",4.863739013671876e-05,5.340576171875001e-05,5.817413330078126e-05,6.29425048828125e-05,6.771087646484375e-05,7.343292236328125e-05,7.82012939453125e-05,8.296966552734376e-05,8.773803710937501e-05," 0.002063751220703]""",0.001871109008789,7.343292236328125e-05,2.132581233978271,0.007883884944021001,0.00103759765625,0.00015640258789,0.00039672851562500005,0.000329971313476,0.50162037037037,0.501736111111111,0.00011574074074
526241894450,52624189445,0,0,21365709,1.0,"""[5.245208740234376e-05",5.626678466796876e-05,6.103515625e-05,6.4849853515625e-05,6.866455078125e-05,7.343292236328125e-05,7.724761962890625e-05,8.20159912109375e-05,8.583068847656251e-05,0.00010490417480400001," 0.000525474548339]""",0.000525474548339,7.43865966796875e-05,3.77524185180664,0.017615426331758003,0.00103759765625,0.00015640258789,0.000336647033691,0.00033283233642500003,0.503819444444444,0.503935185185185,0.00011574074074
