UniqJobId,collection_id,instance_index,priority,machine_id,sample_rate,cpu_usage_distribution1,cpu_usage_distribution2,cpu_usage_distribution3,cpu_usage_distribution4,cpu_usage_distribution5,cpu_usage_distribution6,cpu_usage_distribution7,cpu_usage_distribution8,cpu_usage_distribution9,cpu_usage_distribution10,cpu_usage_distribution11,max_cpu,avg_cpu,cycles_per_instruction,memory_accesses_per_instruction,assigned_memory,page_cache_memory,max_memory,avg_memory,start_time,end_time,time_window
573717526993,57371752699,3,0,104791355580,1.0,"""[0.000205993652343",0.000472068786621,0.000550270080566,0.0006141662597650001,0.000645637512207,0.0006790161132810001,0.000715255737304,0.000758171081542,0.000828742980957,0.0009012222290030001," 0.001604080200195]""",0.002948760986328,0.0006942749023430001,2.477510452270507,0.017057696357369,0.001077651977539,9.155273437500001e-05,0.0008134841918940001,0.0008096694946280001,0.504050925925925,0.504166666666666,0.00011574074074
573717526993,57371752699,3,0,104791355580,0.9933333396911621,"""[0.000399589538574",0.000517845153808,0.0005836486816400001,0.0006141662597650001,0.0006380081176750001,0.0006618499755850001,0.000707626342773,0.000776290893554,0.0008468627929680001,0.0009489059448240001," 0.002059936523437]""",0.004364013671875,0.000725746154785,3.322248697280883,0.024389227852225002,0.001077651977539,9.155273437500001e-05,0.000822067260742,0.000818252563476,0.506597222222222,0.5067129629629631,0.00011574074074
573717526993,57371752699,3,0,104791355580,1.0,"""[0.00020790100097600002",0.000463485717773,0.0005578994750970001,0.000592231750488,0.0006179809570310001,0.000638961791992,0.0006599426269530001,0.000700950622558,0.0007600784301750001,0.0008544921875," 0.00201416015625]""",0.002044677734375,0.000666618347167,2.883142709732055,0.022394489496946002,0.001077651977539,9.250640869140626e-05,0.0008068084716790001,0.0008058547973630001,0.503009259259259,0.5031249999999999,0.00011574074074
573717526993,57371752699,3,0,104791355580,1.0,"""[0.00034713745117100005",0.000513076782226,0.0005836486816400001,0.000621795654296,0.0006570816040030001,0.0006990432739250001,0.0007467269897460001,0.0008020401000970001,0.0008544921875,0.001045227050781," 0.002582550048828]""",0.0025138854980460003,0.0007658004760740001,2.740694761276245,0.02362173050642,0.001077651977539,9.155273437500001e-05,0.000811576843261,0.0008096694946280001,0.5090277777777771,0.509143518518518,0.00011574074074
573717526993,57371752699,3,0,104791355580,1.0,"""[0.000308036804199",0.00047111511230400006,0.0005455017089840001,0.0005989074707030001,0.0006332397460930001,0.000658988952636,0.0007019042968750001,0.000743865966796,0.000811576843261,0.0009431838989250001," 0.0027275085449210003]""",0.002601623535156,0.0007247924804680001,2.740694761276245,0.02362173050642,0.001077651977539,9.155273437500001e-05,0.000810623168945,0.0008096694946280001,0.509143518518518,0.5092592592592591,0.00011574074074
573717526993,57371752699,3,0,104791355580,0.9933333396911621,"""[0.00042629241943300004",0.000560760498046,0.000641822814941,0.000680923461914,0.0007352828979490001,0.0008087158203120001,0.0008583068847650001,0.0009107589721670001,0.0010299682617180002,0.00118064880371," 0.0018367767333980001]""",0.002662658691406,0.0008392333984370001,2.651729106903076,0.018907895311713,0.001077651977539,9.155273437500001e-05,0.0008153915405270001,0.0008077621459960001,0.505902777777777,0.5060185185185181,0.00011574074074
573717526993,57371752699,3,0,104791355580,1.0,"""[0.00034713745117100005",0.00043773651123000005,0.000513076782226,0.000562667846679,0.0005950927734370001,0.0006246566772460001,0.000652313232421,0.0006980895996090001,0.000772476196289,0.0009193420410150001," 0.004798889160156]""",0.00482177734375,0.000678062438964,2.905935764312744,0.023442732170224002,0.001077651977539,9.250640869140626e-05,0.0008077621459960001,0.00080394744873,0.5001157407407401,0.500231481481481,0.00011574074074
573717526993,57371752699,3,0,104791355580,1.0,"""[0.00020980834960900003",0.00046634674072200004,0.000523567199707,0.0005464553833000001,0.000567436218261,0.0005941390991210001,0.000622749328613,0.000654220581054,0.0007019042968750001,0.000819206237792," 0.001251220703125]""",0.0036315917968750004,0.00062084197998,2.905935764312744,0.023442732170224002,0.001077651977539,9.250640869140626e-05,0.000810623168945,0.000804901123046,0.500231481481481,0.500347222222222,0.00011574074074
573717526993,57371752699,3,0,104791355580,1.0,"""[0.00022506713867100002",0.000517845153808,0.0006189346313470001,0.000650405883789,0.000680923461914,0.000712394714355,0.0007524490356440001,0.0008201599121090001,0.000914573669433,0.0011215209960930002," 0.009033203125]""",0.009048461914062,0.000823020935058,3.322248697280883,0.024389227852225002,0.001077651977539,9.155273437500001e-05,0.0008125305175780001,0.0008087158203120001,0.506134259259259,0.5062500000000001,0.00011574074074
573717526993,57371752699,3,0,104791355580,1.0,"""[0.00021743774414",0.000452995300292,0.00048828124999999995,0.0005273818969720001,0.000593185424804,0.0006303787231440001,0.0006628036499020001,0.0007047653198240001,0.0007553100585930001,0.000913619995117," 0.006858825683593001]""",0.006858825683593001,0.000708580017089,3.144585847854614,0.022695992141962003,0.001077651977539,9.155273437500001e-05,0.0008201599121090001,0.00081729888916,0.508217592592592,0.5083333333333331,0.00011574074074
573717526993,57371752699,3,0,104791355580,0.9933333396911621,"""[0.00021743774414",0.00042915344238200005,0.000501632690429,0.000547409057617,0.000580787658691,0.000605583190917,0.000640869140625,0.0006856918334960001,0.0007476806640620001,0.0009012222290030001," 0.002021789550781]""",0.002338409423828,0.0006570816040030001,2.700384616851806,0.020139405503869,0.001077651977539,9.250640869140626e-05,0.0008087158203120001,0.0008058547973630001,0.501041666666666,0.501157407407407,0.00011574074074
573717526993,57371752699,3,0,104791355580,1.0,"""[0.00021457672119100003",0.000460624694824,0.000531196594238,0.0006189346313470001,0.000645637512207,0.0006742477416990001,0.000708580017089,0.0007486343383780001,0.0008249282836910001,0.0009117126464840001," 0.0017852783203120002]""",0.002304077148437,0.0006875991821280001,3.322248697280883,0.024389227852225002,0.001077651977539,9.155273437500001e-05,0.000819206237792,0.0008163452148430001,0.5069444444444441,0.507060185185185,0.00011574074074
573717526993,57371752699,3,0,104791355580,1.0,"""[0.000320434570312",0.00041961669921800006,0.00047874450683500004,0.000547409057617,0.000580787658691,0.0006065368652340001,0.0006380081176750001,0.0006752014160150001,0.000720024108886,0.0008125305175780001," 0.0014953613281250002]""",0.001565933227539,0.000623703002929,2.538861989974975,0.024572510272264002,0.001077651977539,9.250640869140626e-05,0.0008068084716790001,0.00080394744873,0.501851851851851,0.501967592592592,0.00011574074074
573717526993,57371752699,3,0,104791355580,1.0,"""[0.00038433074951100003",0.000472068786621,0.0005655288696280001,0.0006179809570310001,0.000641822814941,0.000670433044433,0.000714302062988,0.000775337219238,0.0008516311645500001,0.0009822845458980001," 0.001735687255859]""",0.0023155212402340003,0.0007181167602530001,2.477510452270507,0.017057696357369,0.001077651977539,9.250640869140626e-05,0.0008068084716790001,0.0008010864257810001,0.503819444444444,0.503935185185185,0.00011574074074
573717526993,57371752699,3,0,104791355580,0.996666669845581,"""[0.00021839141845700002",0.000422477722167,0.00047683715820300005,0.0005407333374020001,0.00057315826416,0.000604629516601,0.0006380081176750001,0.000683784484863,0.0007514953613280001,0.0008754730224600001," 0.001544952392578]""",0.0022392272949210003,0.000636100769042,2.538861989974975,0.024572510272264002,0.001077651977539,9.250640869140626e-05,0.0008058547973630001,0.000804901123046,0.501967592592592,0.502083333333333,0.00011574074074
573717526993,57371752699,3,0,104791355580,0.996666669845581,"""[0.00036239624023400003",0.00043678283691400005,0.000501632690429,0.000547409057617,0.0005769729614250001,0.0005989074707030001,0.0006246566772460001,0.0006675720214840001,0.000745773315429,0.000835418701171," 0.004013061523437]""",0.00390625,0.000650405883789,2.634422302246093,0.024627678096294,0.001077651977539,9.250640869140626e-05,0.0008087158203120001,0.0008058547973630001,0.502083333333333,0.502199074074074,0.00011574074074
573717526993,57371752699,3,0,104791355580,1.0,"""[0.000277519226074",0.00043869018554600005,0.000464439392089,0.000494956970214,0.000542640686035,0.000592231750488,0.00063419342041,0.0006685256958000001,0.00071907043457,0.000849723815917," 0.00152587890625]""",0.0015239715576170001,0.0006103515625,3.144585847854614,0.022695992141962003,0.001077651977539,9.155273437500001e-05,0.0008239746093750001,0.000819206237792,0.5081018518518511,0.508217592592592,0.00011574074074
573717526993,57371752699,3,0,104791355580,0.9933333396911621,"""[0.00022315979003900002",0.000442504882812,0.0004968643188470001,0.0005464553833000001,0.000605583190917,0.000640869140625,0.000670433044433,0.000699996948242,0.0007715225219720001,0.000922203063964," 0.001972198486328]""",0.0023307800292960003,0.000670433044433,3.144585847854614,0.022695992141962003,0.001077651977539,9.155273437500001e-05,0.0008201599121090001,0.000811576843261,0.5085648148148141,0.508680555555555,0.00011574074074
573717526993,57371752699,3,0,104791355580,1.0,"""[0.000277519226074",0.00046634674072200004,0.000548362731933,0.0005874633789060001,0.000612258911132,0.0006380081176750001,0.000665664672851,0.0007181167602530001,0.0007791519165030001,0.0009403228759760001," 0.003055572509765]""",0.0030822753906250004,0.000682830810546,2.772500991821289,0.023630805313587,0.001077651977539,9.250640869140626e-05,0.0008087158203120001,0.000804901123046,0.502777777777777,0.502893518518518,0.00011574074074
573717526993,57371752699,3,0,104791355580,1.0,"""[0.00033760070800700005",0.000432968139648,0.0005226135253900001,0.000555038452148,0.0005836486816400001,0.000611305236816,0.000640869140625,0.000689506530761,0.0007467269897460001,0.0008363723754880001," 0.00302505493164]""",0.0033416748046870004,0.000638961791992,2.700384616851806,0.020139405503869,0.001077651977539,9.250640869140626e-05,0.0008068084716790001,0.0008058547973630001,0.500925925925925,0.501041666666666,0.00011574074074
573717526993,57371752699,3,0,104791355580,0.996666669845581,"""[0.00020790100097600002",0.000432014465332,0.00048637390136700004,0.00054931640625,0.000586509704589,0.000616073608398,0.0006618499755850001,0.0007104873657220001,0.0007839202880850001,0.0008926391601560001," 0.0032005310058590003]""",0.003299713134765,0.0006608963012690001,2.883142709732055,0.022394489496946002,0.001077651977539,9.250640869140626e-05,0.0008020401000970001,0.000798225402832,0.503472222222222,0.503587962962962,0.00011574074074
573717526993,57371752699,3,0,104791355580,0.9933333396911621,"""[0.00040721893310500005",0.00046730041503900005,0.000524520874023,0.0006027221679680001,0.0006380081176750001,0.000666618347167,0.0006933212280270001,0.000750541687011,0.00084114074707,0.000952720642089," 0.002113342285156]""",0.003437042236328,0.00071907043457,2.651729106903076,0.018907895311713,0.001077651977539,9.155273437500001e-05,0.000810623168945,0.0008087158203120001,0.505439814814814,0.5055555555555551,0.00011574074074
573717526993,57371752699,3,0,104791355580,1.0,"""[0.000327110290527",0.00046157836914,0.000542640686035,0.000579833984375,0.000605583190917,0.00063419342041,0.000665664672851,0.0007104873657220001,0.000775337219238,0.0008687973022460001," 0.00172996520996]""",0.002738952636718,0.0006799697875970001,2.808730840682983,0.021415473893284003,0.001077651977539,9.250640869140626e-05,0.000800132751464,0.000798225402832,0.503587962962962,0.503703703703703,0.00011574074074
573717526993,57371752699,3,0,104791355580,1.0,"""[0.000349998474121",0.000431060791015,0.0004911422729490001,0.000537872314453,0.0005760192871090001,0.000603675842285,0.0006303787231440001,0.0006561279296870001,0.000700950622558,0.000811576843261," 0.002059936523437]""",0.002067565917968,0.000615119934082,2.538861989974975,0.024572510272264002,0.001077651977539,9.250640869140626e-05,0.0008096694946280001,0.000804901123046,0.501736111111111,0.501851851851851,0.00011574074074
573717526993,57371752699,3,0,104791355580,1.0,"""[0.00027275085449200004",0.00046539306640600004,0.000531196594238,0.000562667846679,0.0005941390991210001,0.000628471374511,0.0006675720214840001,0.0007219314575190001,0.0007820129394530001,0.0008678436279290001," 0.0015850067138670001]""",0.0024070739746090003,0.0006675720214840001,2.680887460708618,0.024654498323798003,0.001077651977539,9.250640869140626e-05,0.0008096694946280001,0.0008058547973630001,0.502314814814814,0.502430555555555,0.00011574074074
573717526993,57371752699,3,0,104791355580,0.990000009536743,"""[0.00022029876708900002",0.00044631958007800005,0.000494956970214,0.000575065612792,0.000628471374511,0.0006618499755850001,0.0006933212280270001,0.000745773315429,0.000829696655273,0.000980377197265," 0.005882263183593001]""",0.004981994628906,0.000737190246582,3.144585847854614,0.022695992141962003,0.001077651977539,9.155273437500001e-05,0.000819206237792,0.000818252563476,0.508449074074074,0.5085648148148141,0.00011574074074
573717526993,57371752699,3,0,104791355580,1.0,"""[0.00020980834960900003",0.00042343139648400003,0.00047683715820300005,0.000561714172363,0.0005989074707030001,0.000635147094726,0.00068187713623,0.0007524490356440001,0.0008468627929680001,0.000975608825683," 0.008712768554687]""",0.008575439453125,0.0007162094116210001,2.700384616851806,0.020139405503869,0.001077651977539,9.250640869140626e-05,0.0008077621459960001,0.0008058547973630001,0.500810185185185,0.500925925925925,0.00011574074074
573717526993,57371752699,3,0,104791355580,0.9933333396911621,"""[0.000370979309082",0.00047016143798800006,0.000544548034667,0.000580787658691,0.000608444213867,0.0006380081176750001,0.000673294067382,0.0007162094116210001,0.000767707824707,0.0008687973022460001," 0.0015029907226560002]""",0.0017108917236320002,0.000669479370117,2.883142709732055,0.022394489496946002,0.001077651977539,9.250640869140626e-05,0.0008068084716790001,0.0008058547973630001,0.502893518518518,0.503009259259259,0.00011574074074
573717526993,57371752699,3,0,104791355580,0.9933333396911621,"""[0.000350952148437",0.00042629241943300004,0.000494003295898,0.0005416870117180001,0.000574111938476,0.0005989074707030001,0.0006313323974600001,0.000680923461914,0.0007591247558590001,0.000864028930664," 0.007743835449218001]""",0.007743835449218001,0.000684738159179,2.883142709732055,0.022394489496946002,0.001077651977539,9.250640869140626e-05,0.000802993774414,0.000799179077148,0.503356481481481,0.503472222222222,0.00011574074074
573717526993,57371752699,3,0,104791355580,1.0,"""[0.00020694732666000002",0.00045776367187500005,0.000539779663085,0.000609397888183,0.000640869140625,0.000670433044433,0.0007019042968750001,0.000758171081542,0.0008201599121090001,0.000894546508789," 0.00166893005371]""",0.002464294433593,0.0006914138793940001,2.257844448089599,0.015001995489001002,0.001077651977539,9.155273437500001e-05,0.000818252563476,0.00081729888916,0.507291666666666,0.5074074074074071,0.00011574074074
573717526993,57371752699,3,0,104791355580,0.996666669845581,"""[0.00020885467529200002",0.000472068786621,0.000536918640136,0.000589370727539,0.0006294250488280001,0.0006637573242180001,0.0006923675537100001,0.000730514526367,0.0007848739624020001,0.0008745193481440001," 0.002525329589843]""",0.0025291442871090003,0.0006942749023430001,2.257844448089599,0.015001995489001002,0.001077651977539,9.155273437500001e-05,0.0008201599121090001,0.0008163452148430001,0.507523148148148,0.5076388888888881,0.00011574074074
573717526993,57371752699,3,0,104791355580,1.0,"""[0.000338554382324",0.000490188598632,0.0005645751953120001,0.0005998611450190001,0.0006294250488280001,0.00065803527832,0.0006990432739250001,0.0007591247558590001,0.00080394744873,0.000896453857421," 0.008636474609375]""",0.008651733398437,0.0007553100585930001,2.477510452270507,0.017057696357369,0.001077651977539,9.250640869140626e-05,0.000810623168945,0.00080394744873,0.503703703703703,0.503819444444444,0.00011574074074
573717526993,57371752699,3,0,104791355580,0.9933333396911621,"""[0.000226974487304",0.00044918060302700006,0.000505447387695,0.0005760192871090001,0.000623703002929,0.0006551742553710001,0.000689506530761,0.0007410049438470001,0.0008249282836910001,0.000956535339355," 0.0016155242919920001]""",0.0030784606933590003,0.0006990432739250001,2.477510452270507,0.017057696357369,0.001077651977539,9.155273437500001e-05,0.0008087158203120001,0.0008068084716790001,0.504166666666666,0.504282407407407,0.00011574074074
573717526993,57371752699,3,0,104791355580,1.0,"""[0.00020885467529200002",0.00040721893310500005,0.00048446655273400003,0.00054931640625,0.0005874633789060001,0.000619888305664,0.000647544860839,0.0006923675537100001,0.00075626373291,0.000889778137207," 0.002704620361328]""",0.002704620361328,0.0006570816040030001,2.700384616851806,0.020139405503869,0.001077651977539,9.250640869140626e-05,0.0008096694946280001,0.0008068084716790001,0.500694444444444,0.500810185185185,0.00011574074074
573717526993,57371752699,3,0,104791355580,0.996666669845581,"""[0.000196456909179",0.00045585632324200004,0.0005226135253900001,0.0005760192871090001,0.000617027282714,0.000653266906738,0.0006914138793940001,0.000738143920898,0.000800132751464,0.000908851623535," 0.00179100036621]""",0.0031852722167960003,0.00068187713623,3.322248697280883,0.024389227852225002,0.001077651977539,9.155273437500001e-05,0.0008201599121090001,0.0008163452148430001,0.5067129629629631,0.506828703703703,0.00011574074074
573717526993,57371752699,3,0,104791355580,1.0,"""[0.00025463104248",0.000430107116699,0.000505447387695,0.00057029724121,0.0006065368652340001,0.000639915466308,0.0006790161132810001,0.00074291229248,0.000800132751464,0.000951766967773," 0.004188537597656]""",0.004196166992187,0.00069522857666,2.740694761276245,0.02362173050642,0.001077651977539,9.155273437500001e-05,0.0008125305175780001,0.0008087158203120001,0.5087962962962961,0.508912037037037,0.00011574074074
573717526993,57371752699,3,0,104791355580,0.996666669845581,"""[0.000246047973632",0.00046157836914,0.000555038452148,0.0006103515625,0.000642776489257,0.000672340393066,0.0007028579711910001,0.0007600784301750001,0.000829696655273,0.0009622573852530001," 0.002151489257812]""",0.0024871826171870004,0.0007057189941400001,2.651729106903076,0.018907895311713,0.001077651977539,9.155273437500001e-05,0.000811576843261,0.0008087158203120001,0.505208333333333,0.5053240740740741,0.00011574074074
573717526993,57371752699,3,0,104791355580,1.0,"""[0.000277519226074",0.00048828124999999995,0.0005826950073240001,0.0006256103515620001,0.000651359558105,0.000680923461914,0.0007171630859370001,0.0007829666137690001,0.000842094421386,0.0009593963623040001," 0.002948760986328]""",0.002948760986328,0.0007295608520500001,2.257844448089599,0.015001995489001002,0.001077651977539,9.155273437500001e-05,0.000818252563476,0.0008163452148430001,0.5074074074074071,0.507523148148148,0.00011574074074
573717526993,57371752699,3,0,104791355580,1.0,"""[0.000311851501464",0.00040435791015600004,0.00048637390136700004,0.000519752502441,0.000544548034667,0.0005655288696280001,0.000590324401855,0.0006179809570310001,0.0006866455078120001,0.0007829666137690001," 0.0014572143554680002]""",0.00168228149414,0.000593185424804,2.905935764312744,0.023442732170224002,0.001077651977539,9.250640869140626e-05,0.0008058547973630001,0.000804901123046,0.500347222222222,0.500462962962963,0.00011574074074
573717526993,57371752699,3,0,104791355580,0.996666669845581,"""[0.000329971313476",0.000473022460937,0.0005645751953120001,0.0006074905395500001,0.000635147094726,0.0006608963012690001,0.0006980895996090001,0.0007553100585930001,0.0008087158203120001,0.000922203063964," 0.001468658447265]""",0.002357482910156,0.0006914138793940001,2.477510452270507,0.017057696357369,0.001077651977539,9.155273437500001e-05,0.0008087158203120001,0.0008077621459960001,0.504282407407407,0.504398148148148,0.00011574074074
573717526993,57371752699,3,0,104791355580,0.996666669845581,"""[0.000329971313476",0.00047016143798800006,0.000544548034667,0.000578880310058,0.0006103515625,0.000653266906738,0.0006904602050780001,0.0007486343383780001,0.000798225402832,0.0009317398071280001," 0.002674102783203]""",0.0026397705078120004,0.0006914138793940001,2.680887460708618,0.024654498323798003,0.001077651977539,9.250640869140626e-05,0.0008077621459960001,0.0008068084716790001,0.502430555555555,0.502546296296296,0.00011574074074
573717526993,57371752699,3,0,104791355580,1.0,"""[0.00038623809814400005",0.000462532043457,0.0005273818969720001,0.000589370727539,0.0006294250488280001,0.0006637573242180001,0.000696182250976,0.0007467269897460001,0.0008373260498040001,0.001014709472656," 0.005630493164062]""",0.005577087402343001,0.000769615173339,3.144585847854614,0.022695992141962003,0.001077651977539,9.155273437500001e-05,0.000819206237792,0.00081729888916,0.5083333333333331,0.508449074074074,0.00011574074074
573717526993,57371752699,3,0,104791355580,0.9933333396911621,"""[0.000318527221679",0.00044631958007800005,0.000516891479492,0.0005722045898430001,0.0006027221679680001,0.0006380081176750001,0.000678062438964,0.000732421875,0.0008058547973630001,0.0009164810180660001," 0.0018367767333980001]""",0.002105712890625,0.0006752014160150001,2.389900922775268,0.018910344690084003,0.001077651977539,9.155273437500001e-05,0.0008087158203120001,0.0008077621459960001,0.504629629629629,0.50474537037037,0.00011574074074
573717526993,57371752699,3,0,104791355580,1.0,"""[0.00022888183593700002",0.0004968643188470001,0.0005826950073240001,0.000627517700195,0.0006570816040030001,0.0006923675537100001,0.000738143920898,0.000800132751464,0.000853538513183,0.0009918212890620002," 0.0023918151855460003]""",0.005416870117187,0.0007486343383780001,2.740694761276245,0.02362173050642,0.001077651977539,9.155273437500001e-05,0.000811576843261,0.0008087158203120001,0.508912037037037,0.5090277777777771,0.00011574074074
573717526993,57371752699,3,0,104791355580,0.903333306312561,"""[0.00023746490478500002",0.00046825408935500005,0.0005407333374020001,0.000586509704589,0.000619888305664,0.0006446838378900001,0.000677108764648,0.0007247924804680001,0.0007839202880850001,0.0009183883666990001," 0.0018081665039060002]""",0.0230712890625,0.0006933212280270001,2.5594441890716553,0.018908757716417,0.001077651977539,9.155273437500001e-05,0.000811576843261,0.0008087158203120001,0.5050925925925921,0.505208333333333,0.00011574074074
573717526993,57371752699,3,0,104791355580,1.0,"""[0.00018882751464800002",0.000402450561523,0.000463485717773,0.000524520874023,0.000555038452148,0.000584602355957,0.000616073608398,0.000653266906738,0.0007171630859370001,0.0007781982421870001," 0.005111694335937]""",0.005096435546875,0.000617027282714,2.700384616851806,0.020139405503869,0.001077651977539,9.250640869140626e-05,0.0008096694946280001,0.0008058547973630001,0.501273148148148,0.501388888888888,0.00011574074074
573717526993,57371752699,3,0,104791355580,0.996666669845581,"""[0.000348091125488",0.00046157836914,0.000538825988769,0.00057315826416,0.0006008148193350001,0.000628471374511,0.0006561279296870001,0.0007028579711910001,0.000767707824707,0.0008773803710930001," 0.0024566650390620004]""",0.0025444030761710003,0.0006675720214840001,2.883142709732055,0.022394489496946002,0.001077651977539,9.250640869140626e-05,0.0008058547973630001,0.0007963180541990001,0.50324074074074,0.503356481481481,0.00011574074074
573717526993,57371752699,3,0,104791355580,0.996666669845581,"""[0.000338554382324",0.000440597534179,0.000518798828125,0.000562667846679,0.000590324401855,0.0006141662597650001,0.000647544860839,0.000707626342773,0.0007705688476560001,0.0008449554443350001," 0.002582550048828]""",0.0025787353515620004,0.0006494522094720001,2.538861989974975,0.024572510272264002,0.001077651977539,9.250640869140626e-05,0.0008068084716790001,0.0008058547973630001,0.501504629629629,0.50162037037037,0.00011574074074
573717526993,57371752699,3,0,104791355580,0.9933333396911621,"""[0.00021743774414",0.0004920959472650001,0.000593185424804,0.0006370544433590001,0.0006675720214840001,0.0006990432739250001,0.0007343292236320001,0.0007848739624020001,0.0008630752563470001,0.0009622573852530001," 0.00191307067871]""",0.00241470336914,0.0007286071777340001,2.651729106903076,0.018907895311713,0.001077651977539,9.155273437500001e-05,0.000811576843261,0.0008096694946280001,0.505671296296296,0.5057870370370371,0.00011574074074
573717526993,57371752699,3,0,104791355580,1.0,"""[0.000532150268554",0.0007362365722650001,0.0008096694946280001,0.0008687973022460001,0.000908851623535,0.000950813293457,0.001001358032226,0.001070022583007,0.0011425018310540001,0.001333236694335," 0.002067565917968]""",0.003227233886718,0.0009994506835930002,2.257844448089599,0.015001995489001002,0.001077651977539,9.155273437500001e-05,0.0008258819580070001,0.0008239746093750001,0.507754629629629,0.5078703703703701,0.00011574074074
573717526993,57371752699,3,0,104791355580,1.0,"""[0.00024223327636700001",0.000464439392089,0.0005273818969720001,0.0005950927734370001,0.000640869140625,0.0006752014160150001,0.0007104873657220001,0.000758171081542,0.0008516311645500001,0.0010509490966790001," 0.0068359375]""",0.006965637207031,0.000773429870605,3.322248697280883,0.024389227852225002,0.001077651977539,9.155273437500001e-05,0.0008163452148430001,0.0008144378662100001,0.5062500000000001,0.50636574074074,0.00011574074074
573717526993,57371752699,3,0,104791355580,0.996666669845581,"""[0.000216484069824",0.000432014465332,0.000506401062011,0.0005464553833000001,0.0005769729614250001,0.000605583190917,0.000641822814941,0.0006933212280270001,0.000772476196289,0.0008697509765620001," 0.0016326904296870002]""",0.002151489257812,0.0006380081176750001,2.905935764312744,0.023442732170224002,0.001077651977539,9.250640869140626e-05,0.0008087158203120001,0.000804901123046,0.500462962962963,0.500578703703703,0.00011574074074
573717526993,57371752699,3,0,104791355580,0.996666669845581,"""[0.00035285949707000003",0.00044536590576100003,0.000520706176757,0.0005645751953120001,0.0005960464477530001,0.000627517700195,0.0006628036499020001,0.0007038116455070001,0.0007648468017570001,0.0008544921875," 0.0012893676757810002]""",0.002555847167968,0.0006494522094720001,2.402598857879638,0.018641833215951,0.001077651977539,9.155273437500001e-05,0.000810623168945,0.0008068084716790001,0.504398148148148,0.504513888888888,0.00011574074074
573717526993,57371752699,3,0,104791355580,0.996666669845581,"""[0.00034713745117100005",0.00045013427734300006,0.0005273818969720001,0.000558853149414,0.000589370727539,0.000621795654296,0.000654220581054,0.0006990432739250001,0.000776290893554,0.0008687973022460001," 0.0016098022460930002]""",0.0016098022460930002,0.000652313232421,2.861124277114868,0.022722588852047,0.001077651977539,9.250640869140626e-05,0.0008058547973630001,0.000804901123046,0.500578703703703,0.500694444444444,0.00011574074074
573717526993,57371752699,3,0,104791355580,1.0,"""[0.000349998474121",0.00046634674072200004,0.0005464553833000001,0.0005760192871090001,0.0006008148193350001,0.000627517700195,0.00065803527832,0.000713348388671,0.0007791519165030001,0.0008926391601560001," 0.0015487670898430002]""",0.0022544860839840003,0.00067138671875,2.680887460708618,0.024654498323798003,0.001077651977539,9.250640869140626e-05,0.000810623168945,0.0008068084716790001,0.502546296296296,0.502662037037037,0.00011574074074
573717526993,57371752699,3,0,104791355580,0.996666669845581,"""[0.000311851501464",0.000422477722167,0.00048732757568300004,0.0005531311035150001,0.0005884170532220001,0.000615119934082,0.000653266906738,0.000697135925292,0.000769615173339,0.000849723815917," 0.002044677734375]""",0.002044677734375,0.0006370544433590001,2.680887460708618,0.024654498323798003,0.001077651977539,9.250640869140626e-05,0.0008096694946280001,0.000804901123046,0.502662037037037,0.502777777777777,0.00011574074074
573717526993,57371752699,3,0,104791355580,0.9933333396911621,"""[0.000221252441406",0.000420570373535,0.000497817993164,0.000579833984375,0.000609397888183,0.00063419342041,0.00065803527832,0.000699996948242,0.0007600784301750001,0.0008373260498040001," 0.001504898071289]""",0.002616882324218,0.0006570816040030001,2.883142709732055,0.022394489496946002,0.001077651977539,9.250640869140626e-05,0.0008077621459960001,0.0008058547973630001,0.5031249999999999,0.50324074074074,0.00011574074074
573717526993,57371752699,3,0,104791355580,0.996666669845581,"""[0.00021171569824200001",0.000432014465332,0.000506401062011,0.0005578994750970001,0.000591278076171,0.000621795654296,0.0006561279296870001,0.00071907043457,0.00080394744873,0.000895500183105," 0.008758544921875]""",0.008773803710937,0.0007019042968750001,2.680887460708618,0.024654498323798003,0.001077651977539,9.250640869140626e-05,0.0008077621459960001,0.0008058547973630001,0.502199074074074,0.502314814814814,0.00011574074074
573717526993,57371752699,3,0,104791355580,0.996666669845581,"""[0.00025272369384700004",0.000422477722167,0.00046825408935500005,0.000520706176757,0.000575065612792,0.000604629516601,0.0006380081176750001,0.0006799697875970001,0.000741958618164,0.000879287719726," 0.002288818359375]""",0.0022850036621090003,0.000641822814941,3.002896547317504,0.023020749911665,0.001077651977539,9.155273437500001e-05,0.0008087158203120001,0.0008077621459960001,0.508680555555555,0.5087962962962961,0.00011574074074
573717526993,57371752699,3,0,104791355580,0.9933333396911621,"""[0.00023460388183500002",0.00045108795166,0.000532150268554,0.0005826950073240001,0.000619888305664,0.0006551742553710001,0.000700950622558,0.0007553100585930001,0.0008258819580070001,0.0009098052978510001," 0.002017974853515]""",0.004127502441406,0.000700950622558,3.322248697280883,0.024389227852225002,0.001077651977539,9.155273437500001e-05,0.0008201599121090001,0.0008163452148430001,0.506828703703703,0.5069444444444441,0.00011574074074
573717526993,57371752699,3,0,104791355580,0.990000009536743,"""[0.000381469726562",0.00047683715820300005,0.0005569458007810001,0.0006103515625,0.000651359558105,0.0006875991821280001,0.0007333755493160001,0.000775337219238,0.0008440017700190001,0.000933647155761," 0.0019512176513670001]""",0.0025634765625,0.000714302062988,2.389900922775268,0.018910344690084003,0.001077651977539,9.155273437500001e-05,0.000810623168945,0.0008058547973630001,0.504976851851851,0.5050925925925921,0.00011574074074
573717526993,57371752699,3,0,104791355580,0.996666669845581,"""[0.000226020812988",0.00044918060302700006,0.000516891479492,0.000561714172363,0.00059700012207,0.0006265640258780001,0.000651359558105,0.0006856918334960001,0.0007524490356440001,0.0008668899536130001," 0.003517150878906]""",0.003528594970703,0.000658988952636,2.538861989974975,0.024572510272264002,0.001077651977539,9.250640869140626e-05,0.0008087158203120001,0.000804901123046,0.50162037037037,0.501736111111111,0.00011574074074
573717526993,57371752699,3,0,104791355580,0.9933333396911621,"""[0.00023078918457",0.000519752502441,0.0005950927734370001,0.0006332397460930001,0.000664710998535,0.000696182250976,0.000739097595214,0.0007858276367180001,0.00086498260498,0.0010433197021480001," 0.002006530761718]""",0.002918243408203,0.0007543563842770001,2.651729106903076,0.018907895311713,0.001077651977539,9.155273437500001e-05,0.000811576843261,0.000810623168945,0.5055555555555551,0.505671296296296,0.00011574074074
573717526993,57371752699,3,0,104791355580,0.996666669845581,"""[0.000216484069824",0.0006017684936520001,0.0006904602050780001,0.000750541687011,0.00078010559082,0.0008153915405270001,0.0008573532104490001,0.000908851623535,0.0009593963623040001,0.001089096069335," 0.0020103454589840003]""",0.004196166992187,0.0008544921875,3.144585847854614,0.022695992141962003,0.001077651977539,9.155273437500001e-05,0.000828742980957,0.0008249282836910001,0.507986111111111,0.5081018518518511,0.00011574074074
573717526993,57371752699,3,0,104791355580,0.996666669845581,"""[0.00037765502929600005",0.00044822692871000004,0.0005226135253900001,0.0005636215209960001,0.0005950927734370001,0.0006294250488280001,0.00068187713623,0.000737190246582,0.000804901123046,0.0009183883666990001," 0.0017318725585930002]""",0.002521514892578,0.000669479370117,2.389900922775268,0.018910344690084003,0.001077651977539,9.155273437500001e-05,0.000811576843261,0.0008077621459960001,0.504513888888888,0.504629629629629,0.00011574074074
573717526993,57371752699,3,0,104791355580,0.996666669845581,"""[0.00039768218994100005",0.0005035400390620001,0.000581741333007,0.000628471374511,0.0006628036499020001,0.0006942749023430001,0.0007362365722650001,0.000798225402832,0.000890731811523,0.001075744628906," 0.0025634765625]""",0.0031394958496090003,0.0007553100585930001,3.322248697280883,0.024389227852225002,0.001077651977539,9.155273437500001e-05,0.0008211135864250001,0.00081729888916,0.5064814814814811,0.506597222222222,0.00011574074074
573717526993,57371752699,3,0,104791355580,1.0,"""[0.00024032592773400003",0.00048446655273400003,0.000555992126464,0.000621795654296,0.0006599426269530001,0.0006942749023430001,0.0007410049438470001,0.000799179077148,0.00086498260498,0.0009489059448240001," 0.0015888214111320002]""",0.0018672943115230001,0.0007247924804680001,2.651729106903076,0.018907895311713,0.001077651977539,9.155273437500001e-05,0.0008096694946280001,0.0008087158203120001,0.5053240740740741,0.505439814814814,0.00011574074074
573717526993,57371752699,3,0,104791355580,0.9933333396911621,"""[0.00031280517578100004",0.0005111694335930001,0.0005826950073240001,0.0006294250488280001,0.0006637573242180001,0.0007028579711910001,0.0007524490356440001,0.0007963180541990001,0.000871658325195,0.001045227050781," 0.00314712524414]""",0.003135681152343,0.0007791519165030001,2.740694761276245,0.02362173050642,0.001077651977539,9.155273437500001e-05,0.000810623168945,0.0008087158203120001,0.5092592592592591,0.509375,0.00011574074074
573717526993,57371752699,3,0,104791355580,1.0,"""[0.00036430358886700004",0.0005407333374020001,0.000627517700195,0.000665664672851,0.000712394714355,0.0007658004760740001,0.0008201599121090001,0.0008773803710930001,0.000951766967773,0.001110076904296," 0.002796173095703]""",0.0028038024902340003,0.0008249282836910001,2.740694761276245,0.02362173050642,0.001077651977539,9.155273437500001e-05,0.0008134841918940001,0.0008096694946280001,0.509375,0.5094907407407401,0.00011574074074
