UniqJobId,collection_id,instance_index,priority,machine_id,sample_rate,cpu_usage_distribution1,cpu_usage_distribution2,cpu_usage_distribution3,cpu_usage_distribution4,cpu_usage_distribution5,cpu_usage_distribution6,cpu_usage_distribution7,cpu_usage_distribution8,cpu_usage_distribution9,cpu_usage_distribution10,cpu_usage_distribution11,max_cpu,avg_cpu,cycles_per_instruction,memory_accesses_per_instruction,assigned_memory,page_cache_memory,max_memory,avg_memory,start_time,end_time,time_window
681636533389,68163653338,9,0,21205043,1.0,"""[0.000185966491699",0.000231742858886,0.000247001647949,0.00026226043701100003,0.000296592712402,0.000409126281738,0.000568389892578,0.000975608825683,0.0017375946044920001,0.0026664733886710003," 0.008255004882812]""",0.008285522460937,0.001068115234375,1.413083791732788,0.002166341058909,0.017608642578125,0.0006265640258780001,0.012359619140625002,0.012298583984375002,0.502314814814814,0.502430555555555,0.00011574074074
681636533389,68163653338,9,0,21205043,1.0,"""[0.00020217895507800002",0.000226020812988,0.00024127960205000003,0.000255584716796,0.00028228759765600004,0.00036334991455000003,0.000561714172363,0.001123428344726,0.001760482788085,0.0029258728027340003," 0.0081787109375]""",0.008193969726562,0.0010910034179680002,1.835052728652954,0.0041652414947740005,0.017608642578125,0.0006265640258780001,0.012420654296875002,0.012359619140625002,0.502430555555555,0.502546296296296,0.00011574074074
681636533389,68163653338,9,0,21205043,1.0,"""[0.000205993652343",0.00023746490478500002,0.000256538391113,0.000281333923339,0.00031375885009700004,0.00050926208496,0.0008363723754880001,0.0013656616210930002,0.002796173095703,0.004753112792968001," 0.011886596679687]""",0.01190185546875,0.0015487670898430002,1.550225019454956,0.004863510373979,0.017608642578125,0.000627517700195,0.012451171875,0.012313842773437,0.508449074074074,0.5085648148148141,0.00011574074074
681636533389,68163653338,9,0,21205043,1.0,"""[0.000205993652343",0.00023651123046800003,0.000257492065429,0.000306129455566,0.00041580200195300005,0.00049877166748,0.000726699829101,0.001161575317382,0.0017166137695310002,0.002334594726562," 0.008209228515625]""",0.008193969726562,0.0010528564453120002,2.888730525970459,0.010012057609856,0.017608642578125,0.0006265640258780001,0.011932373046875002,0.011932373046875002,0.500694444444444,0.500810185185185,0.00011574074074
681636533389,68163653338,9,0,21205043,1.0,"""[0.00020885467529200002",0.00023746490478500002,0.000257492065429,0.00028228759765600004,0.000307083129882,0.0005331039428710001,0.0008096694946280001,0.001382827758789,0.002216339111328,0.0034637451171870004," 0.008560180664062]""",0.008529663085937,0.001300811767578,4.49622106552124,0.016077531501650002,0.017608642578125,0.0006265640258780001,0.012130737304687,0.01202392578125,0.501851851851851,0.501967592592592,0.00011574074074
681636533389,68163653338,9,0,21205043,1.0,"""[0.00023555755615200003",0.000298500061035,0.00044727325439400005,0.000741958618164,0.00130271911621,0.002113342285156,0.00323486328125,0.004150390625,0.006080627441406,0.008316040039062," 0.011871337890625002]""",0.011795043945312,0.0031852722167960003,1.526816248893737,0.002643482759594,0.017608642578125,0.000627517700195,0.012252807617187,0.012237548828125002,0.507754629629629,0.5078703703703701,0.00011574074074
681636533389,68163653338,9,0,21205043,1.0,"""[0.00022888183593700002",0.000290870666503,0.000349044799804,0.000528335571289,0.000847816467285,0.0013790130615230001,0.002113342285156,0.0034332275390620004,0.004646301269531,0.006866455078125001," 0.013717651367187]""",0.0137939453125,0.0026092529296870004,1.526816248893737,0.002643482759594,0.017608642578125,0.000627517700195,0.012237548828125002,0.012237548828125002,0.5078703703703701,0.507986111111111,0.00011574074074
681636533389,68163653338,9,0,21205043,1.0,"""[0.000205993652343",0.00023365020751900002,0.00025177001953100004,0.000275611877441,0.00034332275390600004,0.000506401062011,0.0009241104125970001,0.001827239990234,0.004180908203125,0.008193969726562," 0.0086669921875]""",0.016815185546875,0.002159118652343,2.921282291412353,0.009315632283687,0.017608642578125,0.0006265640258780001,0.013046264648437,0.012405395507812,0.504050925925925,0.504166666666666,0.00011574074074
681636533389,68163653338,9,0,21205043,1.0,"""[0.00020694732666000002",0.00023746490478500002,0.000256538391113,0.000281333923339,0.000308036804199,0.00042915344238200005,0.000589370727539,0.00099754333496,0.001689910888671,0.0036582946777340003," 0.008346557617187]""",0.008407592773437,0.001138687133789,3.251675367355346,0.00974969100207,0.017608642578125,0.000627517700195,0.01239013671875,0.01239013671875,0.5060185185185181,0.506134259259259,0.00011574074074
681636533389,68163653338,9,0,21205043,1.0,"""[0.000231742858886",0.00031471252441400005,0.0005578994750970001,0.0007486343383780001,0.0010299682617180002,0.001461029052734,0.001840591430664,0.002552032470703,0.003345489501953,0.004844665527343001," 0.008712768554687]""",0.008697509765625,0.0020256042480460003,1.526816248893737,0.002643482759594,0.017608642578125,0.000627517700195,0.012237548828125002,0.012237548828125002,0.507986111111111,0.5081018518518511,0.00011574074074
681636533389,68163653338,9,0,21205043,1.0,"""[0.00018405914306600003",0.00022315979003900002,0.00024127960205000003,0.000259399414062,0.00029563903808500004,0.00041866302490200006,0.000616073608398,0.00108528137207,0.001688003540039,0.0024871826171870004," 0.008010864257812]""",0.008056640625,0.001008987426757,1.413083791732788,0.002166341058909,0.017608642578125,0.0006265640258780001,0.012237548828125002,0.012176513671875002,0.502199074074074,0.502314814814814,0.00011574074074
681636533389,68163653338,9,0,21205043,1.0,"""[0.000200271606445",0.000226974487304,0.00024127960205000003,0.000255584716796,0.000277519226074,0.000309944152832,0.00045013427734300006,0.0006856918334960001,0.001504898071289,0.004051208496093001," 0.008270263671875]""",0.013168334960937,0.00125503540039,1.8854137659072872,0.004023389890789,0.017608642578125,0.0006265640258780001,0.012344360351562,0.012344360351562,0.504282407407407,0.504398148148148,0.00011574074074
681636533389,68163653338,9,0,21205043,1.0,"""[0.00020313262939400002",0.00023078918457,0.000244140625,0.000257492065429,0.000276565551757,0.000299453735351,0.00034427642822200004,0.000550270080566,0.0009899139404290001,0.002201080322265," 0.008926391601562]""",0.0089111328125,0.0008211135864250001,1.8968873023986812,0.0041096122004090005,0.017608642578125,0.0006265640258780001,0.012344360351562,0.012344360351562,0.504513888888888,0.504629629629629,0.00011574074074
681636533389,68163653338,9,0,21205043,1.0,"""[0.00019454956054600002",0.00022506713867100002,0.00023555755615200003,0.000246047973632,0.000255584716796,0.000269889831542,0.00030326843261700004,0.000432968139648,0.001014709472656,0.002029418945312," 0.008438110351562]""",0.0084228515625,0.000799179077148,4.581079006195068,0.017173387110233,0.017608642578125,0.0006265640258780001,0.012313842773437,0.012298583984375002,0.502662037037037,0.502777777777777,0.00011574074074
681636533389,68163653338,9,0,21205043,1.0,"""[0.00022792816162100002",0.00026798248291,0.000307083129882,0.000490188598632,0.000737190246582,0.0011444091796870002,0.0018482208251950002,0.002552032470703,0.004447937011718001,0.006340026855468001," 0.010787963867187]""",0.010757446289062,0.002349853515625,1.870517015457153,0.004222876857966001,0.017608642578125,0.000627517700195,0.0123291015625,0.012298583984375002,0.5087962962962961,0.508912037037037,0.00011574074074
681636533389,68163653338,9,0,21205043,1.0,"""[0.00021266937255800001",0.00024318695068300001,0.00027179718017500003,0.00031471252441400005,0.00045776367187500005,0.0007705688476560001,0.0014190673828120002,0.002037048339843,0.002674102783203,0.005989074707031," 0.010513305664062]""",0.010498046875,0.0018749237060540001,4.586124420166015,0.016380531713366002,0.017608642578125,0.0006265640258780001,0.012359619140625002,0.012298583984375002,0.505208333333333,0.5053240740740741,0.00011574074074
681636533389,68163653338,9,0,21205043,1.0,"""[0.00020408630371000002",0.00023078918457,0.000245094299316,0.000259399414062,0.000288009643554,0.000371932983398,0.000550270080566,0.001033782958984,0.0018844604492180002,0.0032157897949210003," 0.008193969726562]""",0.008209228515625,0.0011825561523430002,1.626739382743835,0.002622306579723,0.017608642578125,0.0006265640258780001,0.012283325195312,0.012283325195312,0.503472222222222,0.503587962962962,0.00011574074074
681636533389,68163653338,9,0,21205043,1.0,"""[0.000205039978027",0.00022792816162100002,0.00023937225341700002,0.000249862670898,0.00026130676269500003,0.00028228759765600004,0.000311851501464,0.00044631958007800005,0.000642776489257,0.001760482788085," 0.008163452148437]""",0.0081787109375,0.000689506530761,1.50677478313446,0.0022903080098330003,0.017608642578125,0.0006265640258780001,0.01202392578125,0.012008666992187,0.5001157407407401,0.500231481481481,0.00011574074074
681636533389,68163653338,9,0,21205043,1.0,"""[0.00021171569824200001",0.00023555755615200003,0.00025272369384700004,0.000274658203125,0.00030517578125,0.00042533874511700004,0.0006380081176750001,0.001110076904296,0.001819610595703,0.0029258728027340003," 0.00823974609375]""",0.008514404296875,0.001110076904296,1.8854137659072872,0.004023389890789,0.017608642578125,0.0006265640258780001,0.012344360351562,0.012344360351562,0.504166666666666,0.504282407407407,0.00011574074074
681636533389,68163653338,9,0,21205043,1.0,"""[0.00020694732666000002",0.00024223327636700001,0.00027084350585900003,0.000328063964843,0.00045108795166,0.000711441040039,0.001028060913085,0.001443862915039,0.002246856689453,0.00457763671875," 0.0089111328125]""",0.0089111328125,0.0014724731445310002,1.808936238288879,0.0036331447772680004,0.017608642578125,0.000627517700195,0.012451171875,0.01239013671875,0.5062500000000001,0.50636574074074,0.00011574074074
681636533389,68163653338,9,0,21205043,1.0,"""[0.00018501281738200003",0.00022792816162100002,0.00024223327636700001,0.000255584716796,0.000281333923339,0.00036430358886700004,0.0006628036499020001,0.0012893676757810002,0.002094268798828,0.004234313964843001," 0.008331298828125]""",0.008331298828125,0.0013580322265620002,1.5766111612319942,0.003471285104751,0.017608642578125,0.0006265640258780001,0.0123291015625,0.0123291015625,0.502893518518518,0.503009259259259,0.00011574074074
681636533389,68163653338,9,0,21205043,1.0,"""[0.000205039978027",0.00022792816162100002,0.000246047973632,0.00026321411132800005,0.00029468536376900005,0.00037384033203100004,0.00048446655273400003,0.0007486343383780001,0.0015182495117180002,0.002716064453125," 0.008041381835937]""",0.008026123046875,0.0009708404541010001,4.586124420166015,0.016380531713366002,0.017608642578125,0.0006265640258780001,0.0123291015625,0.012252807617187,0.5053240740740741,0.505439814814814,0.00011574074074
681636533389,68163653338,9,0,21205043,1.0,"""[0.000200271606445",0.00022411346435500002,0.00023651123046800003,0.000248908996582,0.000260353088378,0.00029182434082000003,0.00040435791015600004,0.0006103515625,0.00132942199707,0.002601623535156," 0.00738525390625]""",0.007392883300781,0.0008745193481440001,1.626739382743835,0.002622306579723,0.017608642578125,0.0006265640258780001,0.012283325195312,0.012283325195312,0.503587962962962,0.503703703703703,0.00011574074074
681636533389,68163653338,9,0,21205043,0.990000009536743,"""[0.00019454956054600002",0.00022792816162100002,0.00024032592773400003,0.00025272369384700004,0.000266075134277,0.000309944152832,0.000439643859863,0.000591278076171,0.001094818115234,0.001903533935546," 0.008316040039062]""",0.011077880859375,0.0007848739624020001,1.76482355594635,0.00333195971325,0.017608642578125,0.0006265640258780001,0.012359619140625002,0.012283325195312,0.503703703703703,0.503819444444444,0.00011574074074
681636533389,68163653338,9,0,21205043,1.0,"""[0.00019741058349600002",0.00022792816162100002,0.00023937225341700002,0.00025177001953100004,0.00026321411132800005,0.00029182434082000003,0.000372886657714,0.0006074905395500001,0.0009899139404290001,0.0026512145996090003," 0.0084228515625]""",0.0084228515625,0.000880241394042,1.432104349136352,0.001956847729161,0.017608642578125,0.000627517700195,0.012359619140625002,0.012359619140625002,0.505671296296296,0.5057870370370371,0.00011574074074
681636533389,68163653338,9,0,21205043,1.0,"""[0.000205993652343",0.00022888183593700002,0.00023937225341700002,0.000249862670898,0.000260353088378,0.000275611877441,0.00029373168945300005,0.00032329559326100003,0.00047111511230400006,0.0018482208251950002," 0.007698059082031]""",0.007713317871093001,0.000641822814941,4.49622106552124,0.016077531501650002,0.017608642578125,0.0006265640258780001,0.012069702148437,0.012069702148437,0.501967592592592,0.502083333333333,0.00011574074074
681636533389,68163653338,9,0,21205043,1.0,"""[0.00021171569824200001",0.00023269653320300002,0.000247955322265,0.00026321411132800005,0.000289916992187,0.000351905822753,0.000500679016113,0.0009469985961910001,0.0017833709716790001,0.002685546875," 0.008514404296875]""",0.008529663085937,0.000984191894531,4.252058506011962,0.016114551573991002,0.017608642578125,0.0006265640258780001,0.012283325195312,0.012283325195312,0.503935185185185,0.504050925925925,0.00011574074074
681636533389,68163653338,9,0,21205043,1.0,"""[0.00021362304687500003",0.00024223327636700001,0.000266075134277,0.00033187866210900003,0.00046825408935500005,0.0007591247558590001,0.0012893676757810002,0.001750946044921,0.002201080322265,0.003257751464843," 0.00823974609375]""",0.009979248046875,0.001384735107421,1.50677478313446,0.0022903080098330003,0.017608642578125,0.0006265640258780001,0.01202392578125,0.012008666992187,0.500347222222222,0.500462962962963,0.00011574074074
681636533389,68163653338,9,0,21205043,1.0,"""[0.000216484069824",0.000257492065429,0.00030326843261700004,0.00047111511230400006,0.000730514526367,0.0011882781982420001,0.0015411376953120002,0.0019798278808590003,0.0024871826171870004,0.003410339355468," 0.008056640625]""",0.008041381835937,0.0015335083007810002,2.033216714859008,0.0051341066136950005,0.017608642578125,0.0006265640258780001,0.012344360351562,0.012344360351562,0.50474537037037,0.5048611111111111,0.00011574074074
681636533389,68163653338,9,0,21205043,1.0,"""[0.00022792816162100002",0.00028228759765600004,0.00034332275390600004,0.000616073608398,0.0009899139404290001,0.001453399658203,0.0024223327636710003,0.0036964416503900005,0.004959106445312,0.007919311523437," 0.0091552734375]""",0.009429931640625,0.0026397705078120004,4.517317771911621,0.016600191593170003,0.017608642578125,0.000627517700195,0.012344360351562,0.012298583984375002,0.5074074074074071,0.507523148148148,0.00011574074074
681636533389,68163653338,9,0,21205043,1.0,"""[0.000226974487304",0.000250816345214,0.00027370452880800004,0.00029563903808500004,0.00033187866210900003,0.000431060791015,0.000682830810546,0.001100540161132,0.0019512176513670001,0.0036315917968750004," 0.009857177734375]""",0.009872436523437,0.001283645629882,1.526816248893737,0.002643482759594,0.017608642578125,0.000627517700195,0.012252807617187,0.012237548828125002,0.5076388888888881,0.507754629629629,0.00011574074074
681636533389,68163653338,9,0,21205043,1.0,"""[0.00020408630371000002",0.00024127960205000003,0.00026321411132800005,0.00029182434082000003,0.00042915344238200005,0.000792503356933,0.00139045715332,0.002094268798828,0.00271987915039,0.003974914550781," 0.00897216796875]""",0.011581420898437,0.00157356262207,3.251675367355346,0.00974969100207,0.017608642578125,0.000627517700195,0.01239013671875,0.01239013671875,0.506134259259259,0.5062500000000001,0.00011574074074
681636533389,68163653338,9,0,21205043,1.0,"""[0.00021934509277300002",0.000249862670898,0.000274658203125,0.00029468536376900005,0.00033473968505800004,0.00046634674072200004,0.0006599426269530001,0.00108528137207,0.0016727447509760002,0.002796173095703," 0.006179809570312]""",0.006149291992187,0.001028060913085,1.550225019454956,0.004863510373979,0.017608642578125,0.000627517700195,0.01220703125,0.01220703125,0.508217592592592,0.5083333333333331,0.00011574074074
681636533389,68163653338,9,0,21205043,1.0,"""[0.000201225280761",0.000253677368164,0.000287055969238,0.000340461730957,0.00047111511230400006,0.0007295608520500001,0.001129150390625,0.001787185668945,0.002388000488281,0.0035247802734370004," 0.0084228515625]""",0.0084228515625,0.00140380859375,1.657737851142883,0.0029921336099500003,0.017608642578125,0.000627517700195,0.01239013671875,0.01239013671875,0.50636574074074,0.5064814814814811,0.00011574074074
681636533389,68163653338,9,0,21205043,1.0,"""[0.00020790100097600002",0.00023269653320300002,0.000247955322265,0.00026226043701100003,0.000284194946289,0.000308036804199,0.00042343139648400003,0.000616073608398,0.0013866424560540001,0.003807067871093," 0.008270263671875]""",0.008285522460937,0.0012435913085930002,2.888730525970459,0.010012057609856,0.017608642578125,0.0006265640258780001,0.01202392578125,0.011993408203125002,0.500578703703703,0.500694444444444,0.00011574074074
681636533389,68163653338,9,0,21205043,1.0,"""[0.00021362304687500003",0.00026226043701100003,0.00044918060302700006,0.000678062438964,0.0010204315185540001,0.001688003540039,0.00247573852539,0.0031700134277340003,0.004249572753906,0.006340026855468001," 0.008773803710937]""",0.013153076171875002,0.002388000488281,1.870517015457153,0.004222876857966001,0.017608642578125,0.000627517700195,0.0123291015625,0.012313842773437,0.508680555555555,0.5087962962962961,0.00011574074074
681636533389,68163653338,9,0,21205043,1.0,"""[0.000205039978027",0.00026798248291,0.000306129455566,0.00049877166748,0.0009469985961910001,0.001651763916015,0.00259780883789,0.006340026855468001,0.008102416992187,0.00823974609375," 0.008514404296875]""",0.00921630859375,0.0033226013183590003,1.525874733924865,0.0023199804127210003,0.017608642578125,0.000627517700195,0.013031005859375002,0.012420654296875002,0.5069444444444441,0.507060185185185,0.00011574074074
681636533389,68163653338,9,0,21205043,1.0,"""[0.000205993652343",0.00024223327636700001,0.00026798248291,0.000306129455566,0.00046634674072200004,0.0007047653198240001,0.001232147216796,0.0019950866699210003,0.0026512145996090003,0.004493713378906," 0.008697509765625]""",0.0086669921875,0.001575469970703,1.516461730003356,0.0027709943242370002,0.017608642578125,0.0006265640258780001,0.012344360351562,0.012344360351562,0.50324074074074,0.503356481481481,0.00011574074074
681636533389,68163653338,9,0,21205043,1.0,"""[0.00021171569824200001",0.000244140625,0.000268936157226,0.000300407409667,0.00038719177246000004,0.0007486343383780001,0.0015697479248040001,0.002464294433593,0.003936767578125,0.006820678710937," 0.009002685546875]""",0.010696411132812,0.002120971679687,1.435438990592956,0.002391134388744,0.017608642578125,0.000627517700195,0.0125732421875,0.012313842773437,0.509143518518518,0.5092592592592591,0.00011574074074
681636533389,68163653338,9,0,21205043,1.0,"""[0.00023078918457",0.000256538391113,0.000280380249023,0.00030136108398400003,0.00035667419433500004,0.000514030456542,0.000822067260742,0.001453399658203,0.002201080322265,0.003303527832031," 0.008331298828125]""",0.00823974609375,0.001300811767578,4.517317771911621,0.016600191593170003,0.017608642578125,0.000627517700195,0.0123291015625,0.012298583984375002,0.507291666666666,0.5074074074074071,0.00011574074074
681636533389,68163653338,9,0,21205043,1.0,"""[0.000201225280761",0.00023555755615200003,0.000256538391113,0.000351905822753,0.0017395019531250002,0.008087158203125,0.008163452148437,0.008224487304687,0.008255004882812,0.00830078125," 0.0089111328125]""",0.008941650390625,0.004928588867187,4.586124420166015,0.016380531713366002,0.017608642578125,0.0006265640258780001,0.012954711914062,0.012374877929687,0.505439814814814,0.5055555555555551,0.00011574074074
681636533389,68163653338,9,0,21205043,1.0,"""[0.000175476074218",0.000222206115722,0.00023269653320300002,0.000244140625,0.00025463104248,0.000269889831542,0.00032615661621000004,0.00043582916259700004,0.000713348388671,0.001941680908203," 0.0081787109375]""",0.008148193359375,0.0007171630859370001,1.50677478313446,0.0022903080098330003,0.017608642578125,0.0006265640258780001,0.012008666992187,0.012008666992187,0.500231481481481,0.500347222222222,0.00011574074074
681636533389,68163653338,9,0,21205043,1.0,"""[0.00022983551025300002",0.000267028808593,0.00029182434082000003,0.000342369079589,0.000506401062011,0.0008068084716790001,0.001276016235351,0.002002716064453,0.003059387207031,0.004890441894531," 0.009918212890625]""",0.009918212890625,0.0018482208251950002,1.550083994865417,0.004850113764405001,0.017608642578125,0.000627517700195,0.012283325195312,0.012222290039062,0.5081018518518511,0.508217592592592,0.00011574074074
681636533389,68163653338,9,0,21205043,1.0,"""[0.000205993652343",0.00023651123046800003,0.00025272369384700004,0.000274658203125,0.000308036804199,0.00040817260742100005,0.000628471374511,0.00128173828125,0.001960754394531,0.00308609008789," 0.008255004882812]""",0.008224487304687,0.0012130737304680002,1.657737851142883,0.0029921336099500003,0.017608642578125,0.000627517700195,0.012313842773437,0.012298583984375002,0.506597222222222,0.5067129629629631,0.00011574074074
681636533389,68163653338,9,0,21205043,1.0,"""[0.00022029876708900002",0.000248908996582,0.000275611877441,0.000300407409667,0.00039577484130800004,0.000547409057617,0.000950813293457,0.00160789489746,0.002220153808593,0.0032806396484370004," 0.008804321289062]""",0.008758544921875,0.001337051391601,1.525874733924865,0.0023199804127210003,0.017608642578125,0.000627517700195,0.012298583984375002,0.012298583984375002,0.506828703703703,0.5069444444444441,0.00011574074074
681636533389,68163653338,9,0,21205043,1.0,"""[0.00017833709716700002",0.00022506713867100002,0.00023937225341700002,0.000253677368164,0.00027275085449200004,0.000309944152832,0.00043773651123000005,0.000708580017089,0.001749038696289,0.002777099609375," 0.008316040039062]""",0.00860595703125,0.0011215209960930002,2.80739426612854,0.009948859922587,0.017608642578125,0.0006265640258780001,0.011932373046875002,0.011932373046875002,0.501041666666666,0.501157407407407,0.00011574074074
681636533389,68163653338,9,0,21205043,1.0,"""[0.000205993652343",0.00023651123046800003,0.00025463104248,0.000276565551757,0.00030136108398400003,0.00037765502929600005,0.000494003295898,0.0007228851318350001,0.001232147216796,0.002159118652343," 0.006126403808593001]""",0.006401062011718001,0.0008707046508780001,2.033216714859008,0.0051341066136950005,0.017608642578125,0.0006265640258780001,0.012344360351562,0.012344360351562,0.504976851851851,0.5050925925925921,0.00011574074074
681636533389,68163653338,9,0,21205043,1.0,"""[0.00021457672119100003",0.00024318695068300001,0.000267028808593,0.00029468536376900005,0.00041389465332000003,0.0007095336914060001,0.00119400024414,0.0018844604492180002,0.002750396728515,0.00357437133789," 0.008209228515625]""",0.008193969726562,0.001430511474609,1.5870704650878902,0.0026121099945150003,0.017608642578125,0.000627517700195,0.012298583984375002,0.012298583984375002,0.5071759259259261,0.507291666666666,0.00011574074074
681636533389,68163653338,9,0,21205043,1.0,"""[0.000195503234863",0.00023269653320300002,0.000247955322265,0.00026321411132800005,0.000300407409667,0.000403404235839,0.00067138671875,0.0013656616210930002,0.00213623046875,0.0033683776855460003," 0.008560180664062]""",0.008560180664062,0.0012798309326170001,1.547909617424011,0.0024528170470140003,0.017608642578125,0.000627517700195,0.01239013671875,0.012374877929687,0.505902777777777,0.5060185185185181,0.00011574074074
681636533389,68163653338,9,0,21205043,1.0,"""[0.000196456909179",0.00022792816162100002,0.00024223327636700001,0.000255584716796,0.000279426574707,0.000341415405273,0.0005722045898430001,0.001167297363281,0.002113342285156,0.0031242370605460003," 0.008255004882812]""",0.008224487304687,0.0011653900146480001,1.4414228200912471,0.002294207224622,0.017608642578125,0.0006265640258780001,0.012161254882812,0.0120849609375,0.502083333333333,0.502199074074074,0.00011574074074
681636533389,68163653338,9,0,21205043,1.0,"""[0.00021743774414",0.00023555755615200003,0.00025272369384700004,0.000274658203125,0.000306129455566,0.00041961669921800006,0.0005350112915030001,0.000772476196289,0.001399993896484,0.0024681091308590003," 0.009674072265625]""",0.009658813476562,0.0009698867797850001,1.608273744583129,0.002857439452782,0.017608642578125,0.0006265640258780001,0.01202392578125,0.012008666992187,0.500462962962963,0.500578703703703,0.00011574074074
681636533389,68163653338,9,0,21205043,1.0,"""[0.00021553039550700003",0.000281333923339,0.00039482116699200004,0.0006141662597650001,0.001110076904296,0.001689910888671,0.0024833679199210003,0.004959106445312,0.008209228515625,0.008285522460937," 0.008941650390625]""",0.0164794921875,0.00326919555664,1.550225019454956,0.004863510373979,0.017608642578125,0.000627517700195,0.012939453125,0.01239013671875,0.5083333333333331,0.508449074074074,0.00011574074074
681636533389,68163653338,9,0,21205043,1.0,"""[0.000205039978027",0.00023365020751900002,0.00025177001953100004,0.000277519226074,0.000341415405273,0.0006380081176750001,0.0011272430419920001,0.0017414093017570002,0.0028076171875,0.007781982421875001," 0.009292602539062]""",0.009323120117187,0.0018558502197260002,1.657737851142883,0.0029921336099500003,0.017608642578125,0.000627517700195,0.01239013671875,0.012313842773437,0.5064814814814811,0.506597222222222,0.00011574074074
681636533389,68163653338,9,0,21205043,1.0,"""[0.00019359588623000002",0.000226974487304,0.00023841857910100002,0.000248908996582,0.000259399414062,0.000277519226074,0.000299453735351,0.000342369079589,0.0005216598510740001,0.001100540161132," 0.007179260253906]""",0.007156372070312,0.0005350112915030001,3.840937614440918,0.013097732327878002,0.017608642578125,0.0006265640258780001,0.012344360351562,0.012344360351562,0.5050925925925921,0.505208333333333,0.00011574074074
681636533389,68163653338,9,0,21205043,1.0,"""[0.00018215179443300001",0.00023746490478500002,0.000259399414062,0.00031471252441400005,0.0004968643188470001,0.001068115234375,0.0017833709716790001,0.003959655761718001,0.008102416992187,0.00823974609375," 0.008544921875]""",0.008544921875,0.002887725830078,1.463769674301147,0.003273703157901,0.017608642578125,0.0006265640258780001,0.012710571289062,0.012130737304687,0.501388888888888,0.501504629629629,0.00011574074074
681636533389,68163653338,9,0,21205043,1.0,"""[0.00021457672119100003",0.00023269653320300002,0.000247001647949,0.000260353088378,0.00028324127197200004,0.000317573547363,0.000528335571289,0.000880241394042,0.001960754394531,0.003654479980468," 0.008956909179687]""",0.011184692382812,0.001214981079101,1.465807318687439,0.0032823062501840003,0.017608642578125,0.0006265640258780001,0.012054443359375002,0.012039184570312,0.501504629629629,0.50162037037037,0.00011574074074
681636533389,68163653338,9,0,21205043,1.0,"""[0.00021076202392500003",0.000245094299316,0.00027370452880800004,0.00030136108398400003,0.000430107116699,0.000744819641113,0.00118064880371,0.0018558502197260002,0.0028953552246090003,0.004364013671875," 0.0089111328125]""",0.009017944335937,0.0015926361083980001,1.6774108409881592,0.003546958789229,0.017608642578125,0.000627517700195,0.012313842773437,0.012298583984375002,0.509375,0.5094907407407401,0.00011574074074
681636533389,68163653338,9,0,21205043,1.0,"""[0.000201225280761",0.00023078918457,0.000244140625,0.000257492065429,0.00027370452880800004,0.00029373168945300005,0.00032901763916,0.00047683715820300005,0.0007333755493160001,0.0017833709716790001," 0.008209228515625]""",0.008209228515625,0.0006790161132810001,4.49622106552124,0.016077531501650002,0.017608642578125,0.0006265640258780001,0.01202392578125,0.01202392578125,0.501736111111111,0.501851851851851,0.00011574074074
681636533389,68163653338,9,0,21205043,1.0,"""[0.00020885467529200002",0.00024318695068300001,0.000274658203125,0.00033950805664,0.000524520874023,0.0007591247558590001,0.0012874603271480001,0.002159118652343,0.003543853759765,0.005088806152343001," 0.008956909179687]""",0.008956909179687,0.001811981201171,1.444371223449707,0.002868194598704,0.017608642578125,0.0006265640258780001,0.012344360351562,0.012344360351562,0.5031249999999999,0.50324074074074,0.00011574074074
681636533389,68163653338,9,0,21205043,1.0,"""[0.00019836425781200002",0.00023365020751900002,0.00025272369384700004,0.00027370452880800004,0.000300407409667,0.00036716461181600005,0.000501632690429,0.000781059265136,0.001430511474609,0.002532958984375," 0.008224487304687]""",0.008209228515625,0.0009679794311520001,2.033216714859008,0.0051341066136950005,0.017608642578125,0.0006265640258780001,0.012344360351562,0.012344360351562,0.504629629629629,0.50474537037037,0.00011574074074
681636533389,68163653338,9,0,21205043,1.0,"""[0.000196456909179",0.000231742858886,0.000253677368164,0.00029468536376900005,0.00044441223144500003,0.0007333755493160001,0.001333236694335,0.0019149780273430002,0.005149841308593001,0.008209228515625," 0.0087890625]""",0.01702880859375,0.002323150634765,4.581079006195068,0.017173387110233,0.017608642578125,0.0006265640258780001,0.012969970703125002,0.012420654296875002,0.502777777777777,0.502893518518518,0.00011574074074
681636533389,68163653338,9,0,21205043,1.0,"""[0.00021266937255800001",0.00027275085449200004,0.000310897827148,0.000460624694824,0.0007333755493160001,0.001237869262695,0.0017375946044920001,0.002555847167968,0.003238677978515,0.005378723144531," 0.009124755859375]""",0.009109497070312,0.0019950866699210003,1.5993796586990352,0.002694661729037,0.017608642578125,0.000627517700195,0.012298583984375002,0.012298583984375002,0.5067129629629631,0.506828703703703,0.00011574074074
681636533389,68163653338,9,0,21205043,1.0,"""[0.00021743774414",0.000248908996582,0.00028324127197200004,0.00035381317138600003,0.00046157836914,0.000616073608398,0.001039505004882,0.0016555786132810002,0.002704620361328,0.004592895507812," 0.008941650390625]""",0.008956909179687,0.001596450805664,2.80739426612854,0.009948859922587,0.017608642578125,0.0006265640258780001,0.011932373046875002,0.011932373046875002,0.500925925925925,0.501041666666666,0.00011574074074
681636533389,68163653338,9,0,21205043,1.0,"""[0.00022506713867100002",0.000258445739746,0.000289916992187,0.00039291381835900003,0.000664710998535,0.0009613037109370001,0.001443862915039,0.0018768310546870002,0.0025444030761710003,0.0037651062011710003," 0.008773803710937]""",0.008773803710937,0.001605987548828,1.870517015457153,0.004222876857966001,0.017608642578125,0.000627517700195,0.0123291015625,0.012313842773437,0.508912037037037,0.5090277777777771,0.00011574074074
681636533389,68163653338,9,0,21205043,1.0,"""[0.00019836425781200002",0.000247001647949,0.000285148620605,0.000391006469726,0.0006866455078120001,0.0014667510986320002,0.002273559570312,0.003608703613281,0.008102416992187,0.00823974609375," 0.009124755859375]""",0.009109497070312,0.0029563903808590003,1.463769674301147,0.003273703157901,0.017608642578125,0.0006265640258780001,0.012619018554687,0.012054443359375002,0.501273148148148,0.501388888888888,0.00011574074074
681636533389,68163653338,9,0,21205043,1.0,"""[0.000201225280761",0.00023746490478500002,0.000255584716796,0.000288963317871,0.00039386749267500003,0.000566482543945,0.0009994506835930002,0.001613616943359,0.0024681091308590003,0.005729675292968001," 0.008270263671875]""",0.008331298828125,0.00169563293457,1.626739382743835,0.002622306579723,0.017608642578125,0.0006265640258780001,0.012359619140625002,0.012344360351562,0.503356481481481,0.503472222222222,0.00011574074074
681636533389,68163653338,9,0,21205043,1.0,"""[0.00020217895507800002",0.00023651123046800003,0.00025463104248,0.000277519226074,0.00030517578125,0.000472068786621,0.000743865966796,0.00124168395996,0.0019645690917960003,0.003089904785156," 0.008499145507812]""",0.008499145507812,0.001220703125,1.435438990592956,0.002391134388744,0.017608642578125,0.000627517700195,0.012298583984375002,0.012298583984375002,0.5092592592592591,0.509375,0.00011574074074
681636533389,68163653338,9,0,21205043,1.0,"""[0.00022029876708900002",0.00023460388183500002,0.000247955322265,0.00026226043701100003,0.000277519226074,0.00029277801513600003,0.000308036804199,0.000370025634765,0.000494003295898,0.00125503540039," 0.006988525390625001]""",0.006988525390625001,0.0006132125854490001,4.49622106552124,0.016077531501650002,0.017608642578125,0.0006265640258780001,0.012054443359375002,0.012039184570312,0.50162037037037,0.501736111111111,0.00011574074074
681636533389,68163653338,9,0,21205043,1.0,"""[0.00020694732666000002",0.000300407409667,0.0015621185302730001,0.0042724609375,0.0078125,0.00811767578125,0.008193969726562,0.008255004882812,0.008346557617187,0.00872802734375," 0.014007568359375002]""",0.01702880859375,0.006233215332031,1.447644114494323,0.002027912531048,0.017608642578125,0.000627517700195,0.013320922851562,0.012435913085937,0.5055555555555551,0.505671296296296,0.00011574074074
681636533389,68163653338,9,0,21205043,1.0,"""[0.00020217895507800002",0.00023746490478500002,0.00026130676269500003,0.00031471252441400005,0.00041580200195300005,0.000592231750488,0.0008735656738280001,0.0013790130615230001,0.0020256042480460003,0.003192901611328," 0.008575439453125]""",0.008499145507812,0.0013580322265620002,1.432104349136352,0.001956847729161,0.017608642578125,0.000627517700195,0.012374877929687,0.012359619140625002,0.5057870370370371,0.505902777777777,0.00011574074074
