UniqJobId,collection_id,instance_index,priority,machine_id,sample_rate,cpu_usage_distribution1,cpu_usage_distribution2,cpu_usage_distribution3,cpu_usage_distribution4,cpu_usage_distribution5,cpu_usage_distribution6,cpu_usage_distribution7,cpu_usage_distribution8,cpu_usage_distribution9,cpu_usage_distribution10,cpu_usage_distribution11,max_cpu,avg_cpu,cycles_per_instruction,memory_accesses_per_instruction,assigned_memory,page_cache_memory,max_memory,avg_memory,start_time,end_time,time_window
681636533388,68163653338,8,0,77436999321,1.0,"""[0.00020980834960900003",0.00023651123046800003,0.000255584716796,0.00028610229492100005,0.00034713745117100005,0.000528335571289,0.001033782958984,0.0014972686767570002,0.002201080322265,0.003345489501953," 0.008285522460937]""",0.008270263671875,0.00130271911621,1.7278504371643062,0.003531613387167,0.016021728515625,0.000621795654296,0.011672973632812,0.011672973632812,0.500347222222222,0.500462962962963,0.00011574074074
681636533388,68163653338,8,0,77436999321,1.0,"""[0.00020217895507800002",0.00022888183593700002,0.00024318695068300001,0.000257492065429,0.000284194946289,0.000351905822753,0.000627517700195,0.0011882781982420001,0.0019798278808590003,0.004531860351562," 0.008773803710937]""",0.0089111328125,0.001308441162109,5.118227481842041,0.020746696740388003,0.016021728515625,0.000621795654296,0.0118408203125,0.0118408203125,0.502430555555555,0.502546296296296,0.00011574074074
681636533388,68163653338,8,0,77436999321,1.0,"""[0.000205039978027",0.00023746490478500002,0.000255584716796,0.000281333923339,0.00033283233642500003,0.0005111694335930001,0.0009241104125970001,0.001398086547851,0.0019378662109370002,0.003059387207031," 0.008270263671875]""",0.008209228515625,0.001211166381835,2.152138710021972,0.004345157183706001,0.016021728515625,0.000621795654296,0.012222290039062,0.012191772460937,0.50636574074074,0.5064814814814811,0.00011574074074
681636533388,68163653338,8,0,77436999321,1.0,"""[0.00022792816162100002",0.00027275085449200004,0.000372886657714,0.0006437301635740001,0.0008764266967770001,0.0014419555664060002,0.002174377441406,0.0030670166015620004,0.004493713378906,0.007400512695312," 0.009613037109375]""",0.013107299804687,0.002494812011718,1.610497713088989,0.0022107795812180003,0.016021728515625,0.000621795654296,0.012374877929687,0.012359619140625002,0.508680555555555,0.5087962962962961,0.00011574074074
681636533388,68163653338,8,0,77436999321,1.0,"""[0.00022315979003900002",0.00027847290039,0.00032901763916,0.0005264282226560001,0.000828742980957,0.001293182373046,0.001667022705078,0.002304077148437,0.00357437133789,0.005210876464843001," 0.009536743164062]""",0.011123657226562,0.00201416015625,1.629237413406372,0.002141169039532,0.016021728515625,0.000621795654296,0.01239013671875,0.012344360351562,0.5087962962962961,0.508912037037037,0.00011574074074
681636533388,68163653338,8,0,77436999321,1.0,"""[0.00020313262939400002",0.00023841857910100002,0.000258445739746,0.000285148620605,0.000351905822753,0.000627517700195,0.001211166381835,0.0019798278808590003,0.00433349609375,0.008193969726562," 0.00860595703125]""",0.017242431640625,0.0022697448730460003,3.728699684143066,0.013071365654468,0.016021728515625,0.000621795654296,0.013015747070312,0.012466430664062,0.5069444444444441,0.507060185185185,0.00011574074074
681636533388,68163653338,8,0,77436999321,1.0,"""[0.000195503234863",0.000231742858886,0.000247001647949,0.00026226043701100003,0.000288963317871,0.00033950805664,0.000497817993164,0.0008363723754880001,0.0014972686767570002,0.0025749206542960003," 0.007682800292968001]""",0.007682800292968001,0.000952720642089,1.852362513542175,0.007257990539073,0.016021728515625,0.000621795654296,0.012374877929687,0.012374877929687,0.5092592592592591,0.509375,0.00011574074074
681636533388,68163653338,8,0,77436999321,1.0,"""[0.00020790100097600002",0.000231742858886,0.000247955322265,0.00026512145996000004,0.000288009643554,0.00033378601074200004,0.00044536590576100003,0.0006599426269530001,0.001453399658203,0.002464294433593," 0.008209228515625]""",0.008224487304687,0.000926971435546,2.327582120895385,0.004903653636574,0.016021728515625,0.000621795654296,0.01214599609375,0.01214599609375,0.503587962962962,0.503703703703703,0.00011574074074
681636533388,68163653338,8,0,77436999321,1.0,"""[0.000174522399902",0.00023937225341700002,0.00026130676269500003,0.00030231475830000003,0.00043487548828100004,0.001045227050781,0.00177001953125,0.004325866699218001,0.008132934570312,0.008224487304687," 0.008285522460937]""",0.008621215820312,0.002994537353515,1.615342140197753,0.005008200649172,0.016021728515625,0.000621795654296,0.012832641601562,0.012252807617187,0.5055555555555551,0.505671296296296,0.00011574074074
681636533388,68163653338,8,0,77436999321,1.0,"""[0.00022983551025300002",0.00026226043701100003,0.00028324127197200004,0.00030326843261700004,0.000402450561523,0.000616073608398,0.0009689331054680001,0.0016403198242180002,0.002552032470703,0.004249572753906," 0.0087890625]""",0.008636474609375,0.0014953613281250002,4.870932102203369,0.013711970299482,0.016021728515625,0.000621795654296,0.011734008789062,0.011734008789062,0.501736111111111,0.501851851851851,0.00011574074074
681636533388,68163653338,8,0,77436999321,1.0,"""[0.00019454956054600002",0.00022506713867100002,0.00024127960205000003,0.000257492065429,0.00033473968505800004,0.000494956970214,0.000828742980957,0.0013656616210930002,0.002265930175781,0.004074096679687," 0.008941650390625]""",0.008926391601562,0.00149917602539,2.327582120895385,0.004903653636574,0.016021728515625,0.000621795654296,0.012176513671875002,0.01214599609375,0.503703703703703,0.503819444444444,0.00011574074074
681636533388,68163653338,8,0,77436999321,1.0,"""[0.000205993652343",0.00022888183593700002,0.00024223327636700001,0.00025463104248,0.000277519226074,0.00036334991455000003,0.000523567199707,0.001033782958984,0.001960754394531,0.0033226013183590003," 0.008224487304687]""",0.009750366210937,0.001140594482421,4.89920425415039,0.013796471990644,0.016021728515625,0.000621795654296,0.011825561523437,0.011764526367187,0.502083333333333,0.502199074074074,0.00011574074074
681636533388,68163653338,8,0,77436999321,1.0,"""[0.00017738342285100002",0.00022506713867100002,0.00023937225341700002,0.00025463104248,0.000284194946289,0.00042438507080000003,0.000542640686035,0.000880241394042,0.0015621185302730001,0.002552032470703," 0.008148193359375]""",0.008224487304687,0.001028060913085,5.071950435638427,0.019278204068541003,0.016021728515625,0.000621795654296,0.011764526367187,0.011764526367187,0.502199074074074,0.502314814814814,0.00011574074074
681636533388,68163653338,8,0,77436999321,1.0,"""[0.00019454956054600002",0.000226020812988,0.00024127960205000003,0.000255584716796,0.000276565551757,0.00030517578125,0.00048446655273400003,0.000880241394042,0.001628875732421,0.002464294433593," 0.008468627929687]""",0.008392333984375,0.001018524169921,1.487276196479797,0.0025030244141810002,0.016021728515625,0.000621795654296,0.012191772460937,0.01202392578125,0.502662037037037,0.502777777777777,0.00011574074074
681636533388,68163653338,8,0,77436999321,1.0,"""[0.00020885467529200002",0.00023555755615200003,0.00025272369384700004,0.00027084350585900003,0.00029277801513600003,0.000335693359375,0.00050926208496,0.0007658004760740001,0.0011882781982420001,0.0023612976074210003," 0.0081787109375]""",0.008193969726562,0.0009193420410150001,2.265218496322631,0.0059908535331480006,0.016021728515625,0.000621795654296,0.012374877929687,0.012374877929687,0.5071759259259261,0.507291666666666,0.00011574074074
681636533388,68163653338,8,0,77436999321,1.0,"""[0.000196456909179",0.000216484069824,0.00022792816162100002,0.00023841857910100002,0.000247955322265,0.000257492065429,0.000274658203125,0.00030517578125,0.0005722045898430001,0.0015621185302730001," 0.00848388671875]""",0.00848388671875,0.000651359558105,1.706034779548645,0.002784386510029,0.016021728515625,0.000621795654296,0.012161254882812,0.01214599609375,0.503356481481481,0.503472222222222,0.00011574074074
681636533388,68163653338,8,0,77436999321,1.0,"""[0.00019836425781200002",0.00023078918457,0.000246047973632,0.00026130676269500003,0.00028610229492100005,0.00033283233642500003,0.00051212310791,0.000775337219238,0.0013198852539060002,0.002796173095703," 0.00885009765625]""",0.008834838867187,0.000984191894531,4.89920425415039,0.013796471990644,0.016021728515625,0.000621795654296,0.011734008789062,0.011734008789062,0.501851851851851,0.501967592592592,0.00011574074074
681636533388,68163653338,8,0,77436999321,1.0,"""[0.00021743774414",0.00023555755615200003,0.000253677368164,0.000276565551757,0.000308036804199,0.000506401062011,0.0009469985961910001,0.00180435180664,0.003257751464843,0.008071899414062," 0.008316040039062]""",0.008316040039062,0.0019149780273430002,4.89920425415039,0.013796471990644,0.016021728515625,0.000621795654296,0.011825561523437,0.011764526367187,0.501967592592592,0.502083333333333,0.00011574074074
681636533388,68163653338,8,0,77436999321,1.0,"""[0.00020694732666000002",0.00022888183593700002,0.00023937225341700002,0.000249862670898,0.000260353088378,0.000281333923339,0.00031471252441400005,0.000472068786621,0.001251220703125,0.0024681091308590003," 0.008621215820312]""",0.008773803710937,0.0009765625,1.5793259143829341,0.0019488523248580001,0.016021728515625,0.000621795654296,0.0126953125,0.012161254882812,0.504050925925925,0.504166666666666,0.00011574074074
681636533388,68163653338,8,0,77436999321,1.0,"""[0.00021266937255800001",0.000275611877441,0.00038528442382800005,0.000494956970214,0.0007400512695310001,0.0010128021240230001,0.001359939575195,0.0019798278808590003,0.0031700134277340003,0.0045166015625," 0.009140014648437]""",0.0091552734375,0.001796722412109,1.699299097061157,0.003397842869162,0.016021728515625,0.000621795654296,0.011749267578125002,0.011703491210937,0.500462962962963,0.500578703703703,0.00011574074074
681636533388,68163653338,8,0,77436999321,1.0,"""[0.00018978118896400002",0.000226020812988,0.00023651123046800003,0.000247001647949,0.000257492065429,0.00027370452880800004,0.000297546386718,0.00044441223144500003,0.001689910888671,0.0036277770996090003," 0.008499145507812]""",0.008758544921875,0.001178741455078,1.487276196479797,0.0025030244141810002,0.016021728515625,0.000621795654296,0.01287841796875,0.012100219726562,0.502777777777777,0.502893518518518,0.00011574074074
681636533388,68163653338,8,0,77436999321,1.0,"""[0.00019359588623000002",0.00022792816162100002,0.000244140625,0.000260353088378,0.000359535217285,0.000555038452148,0.000871658325195,0.0014171600341790001,0.001991271972656,0.0034446716308590003," 0.008407592773437]""",0.013534545898437,0.0012741088867180002,1.629237413406372,0.002141169039532,0.016021728515625,0.000621795654296,0.012359619140625002,0.012344360351562,0.508912037037037,0.5090277777777771,0.00011574074074
681636533388,68163653338,8,0,77436999321,1.0,"""[0.00022315979003900002",0.00025272369384700004,0.000277519226074,0.000299453735351,0.000370979309082,0.0006599426269530001,0.001041412353515,0.002124786376953,0.0028839111328120004,0.006210327148437," 0.008285522460937]""",0.008316040039062,0.001821517944335,3.728699684143066,0.013071365654468,0.016021728515625,0.000621795654296,0.01239013671875,0.01239013671875,0.507060185185185,0.5071759259259261,0.00011574074074
681636533388,68163653338,8,0,77436999321,1.0,"""[0.000221252441406",0.000266075134277,0.000289916992187,0.000342369079589,0.00053596496582,0.0008096694946280001,0.0012187957763670001,0.00217056274414,0.0030174255371090003,0.004623413085937," 0.009994506835937]""",0.009994506835937,0.0016784667968750002,1.623977422714233,0.0028884445782750004,0.016021728515625,0.000621795654296,0.012374877929687,0.012374877929687,0.507291666666666,0.5074074074074071,0.00011574074074
681636533388,68163653338,8,0,77436999321,1.0,"""[0.000196456909179",0.00022983551025300002,0.000247001647949,0.00026321411132800005,0.00028610229492100005,0.00032424926757800005,0.000542640686035,0.0018482208251950002,0.007789611816406,0.00823974609375," 0.009552001953125]""",0.015151977539062,0.0023612976074210003,2.708176136016845,0.007247673813253,0.016021728515625,0.000621795654296,0.012359619140625002,0.011825561523437,0.501504629629629,0.50162037037037,0.00011574074074
681636533388,68163653338,8,0,77436999321,1.0,"""[0.00020980834960900003",0.00023460388183500002,0.000250816345214,0.000269889831542,0.00029277801513600003,0.000342369079589,0.0005350112915030001,0.001199722290039,0.0021781921386710003,0.003608703613281," 0.009033203125]""",0.008941650390625,0.0012950897216790001,5.474017143249511,0.018098225817084,0.016021728515625,0.000621795654296,0.012710571289062,0.012161254882812,0.505439814814814,0.5055555555555551,0.00011574074074
681636533388,68163653338,8,0,77436999321,1.0,"""[0.00022315979003900002",0.00027275085449200004,0.00031375885009700004,0.00046539306640600004,0.00069522857666,0.00099754333496,0.0014095306396480001,0.002227783203125,0.004135131835937,0.006294250488281," 0.00897216796875]""",0.00897216796875,0.002124786376953,1.852362513542175,0.007257990539073,0.016021728515625,0.000621795654296,0.012374877929687,0.012374877929687,0.509375,0.5094907407407401,0.00011574074074
681636533388,68163653338,8,0,77436999321,1.0,"""[0.00021076202392500003",0.000246047973632,0.00027275085449200004,0.000298500061035,0.00035476684570300005,0.0005340576171870001,0.000847816467285,0.0015716552734370002,0.002582550048828,0.00408935546875," 0.008270263671875]""",0.00994873046875,0.0014362335205070002,1.5316904783248901,0.0025259517133230003,0.016021728515625,0.000621795654296,0.012298583984375002,0.012298583984375002,0.508217592592592,0.5083333333333331,0.00011574074074
681636533388,68163653338,8,0,77436999321,1.0,"""[0.00020790100097600002",0.000245094299316,0.00027275085449200004,0.000300407409667,0.00046920776367100005,0.001056671142578,0.001628875732421,0.00259780883789,0.003742218017578,0.00543212890625," 0.008834838867187]""",0.008834838867187,0.0019950866699210003,3.728699684143066,0.013071365654468,0.016021728515625,0.000621795654296,0.012863159179687,0.012359619140625002,0.506828703703703,0.5069444444444441,0.00011574074074
681636533388,68163653338,8,0,77436999321,1.0,"""[0.00020885467529200002",0.00023651123046800003,0.000256538391113,0.000276565551757,0.000296592712402,0.00034427642822200004,0.0006256103515620001,0.001079559326171,0.0020408630371090003,0.003105163574218," 0.00921630859375]""",0.009231567382812,0.001150131225585,1.614881515502929,0.0026671472005540004,0.016021728515625,0.000621795654296,0.012191772460937,0.012176513671875002,0.503009259259259,0.5031249999999999,0.00011574074074
681636533388,68163653338,8,0,77436999321,1.0,"""[0.000205039978027",0.00023269653320300002,0.000247001647949,0.00026130676269500003,0.00028610229492100005,0.00032520294189400005,0.000440597534179,0.0006752014160150001,0.0013198852539060002,0.0023765563964840003," 0.00823974609375]""",0.008255004882812,0.0008764266967770001,1.7195967435836792,0.002117651514708,0.016021728515625,0.000621795654296,0.012130737304687,0.012130737304687,0.504976851851851,0.5050925925925921,0.00011574074074
681636533388,68163653338,8,0,77436999321,1.0,"""[0.00021171569824200001",0.00023746490478500002,0.000255584716796,0.000279426574707,0.000319480895996,0.00048446655273400003,0.000773429870605,0.0011882781982420001,0.0019073486328120002,0.0031547546386710003," 0.00872802734375]""",0.00872802734375,0.0011959075927730001,1.623977422714233,0.0028884445782750004,0.016021728515625,0.000621795654296,0.012405395507812,0.01239013671875,0.5074074074074071,0.507523148148148,0.00011574074074
681636533388,68163653338,8,0,77436999321,1.0,"""[0.00022315979003900002",0.00024223327636700001,0.00026130676269500003,0.00028228759765600004,0.00030422210693300004,0.00042343139648400003,0.000568389892578,0.0007839202880850001,0.001628875732421,0.002552032470703," 0.007919311523437]""",0.007949829101562,0.0009918212890620002,1.6704057455062862,0.003103937255218,0.016021728515625,0.000621795654296,0.012466430664062,0.012451171875,0.5076388888888881,0.507754629629629,0.00011574074074
681636533388,68163653338,8,0,77436999321,1.0,"""[0.00018787384033200002",0.00022792816162100002,0.000244140625,0.00026130676269500003,0.000306129455566,0.00051212310791,0.0009069442749020001,0.001773834228515,0.002410888671875,0.003314971923828," 0.008270263671875]""",0.008285522460937,0.001361846923828,1.847751021385192,0.0030088408384470002,0.016021728515625,0.000621795654296,0.01214599609375,0.01214599609375,0.503819444444444,0.503935185185185,0.00011574074074
681636533388,68163653338,8,0,77436999321,1.0,"""[0.000185966491699",0.00023269653320300002,0.00025272369384700004,0.00028228759765600004,0.00039577484130800004,0.0005340576171870001,0.000822067260742,0.001232147216796,0.002113342285156,0.003654479980468," 0.007980346679687]""",0.00823974609375,0.001260757446289,1.5793259143829341,0.0019488523248580001,0.016021728515625,0.000621795654296,0.01214599609375,0.01214599609375,0.503935185185185,0.504050925925925,0.00011574074074
681636533388,68163653338,8,0,77436999321,1.0,"""[0.00018882751464800002",0.00021171569824200001,0.000226974487304,0.00023841857910100002,0.000249862670898,0.000260353088378,0.000297546386718,0.00041675567626900005,0.000956535339355,0.002143859863281," 0.008270263671875]""",0.00823974609375,0.0007820129394530001,5.118227481842041,0.020746696740388003,0.016021728515625,0.000621795654296,0.0118408203125,0.011810302734375002,0.502314814814814,0.502430555555555,0.00011574074074
681636533388,68163653338,8,0,77436999321,1.0,"""[0.00020790100097600002",0.00023841857910100002,0.000257492065429,0.00029468536376900005,0.00037670135498000005,0.000501632690429,0.00071907043457,0.001045227050781,0.001651763916015,0.003410339355468," 0.00823974609375]""",0.010086059570312,0.001216888427734,3.971475839614868,0.012819798663258001,0.016021728515625,0.000621795654296,0.012130737304687,0.012130737304687,0.504282407407407,0.504398148148148,0.00011574074074
681636533388,68163653338,8,0,77436999321,1.0,"""[0.000222206115722",0.00026130676269500003,0.00029468536376900005,0.000389099121093,0.0004968643188470001,0.000689506530761,0.000933647155761,0.0012187957763670001,0.0018939971923820002,0.0030174255371090003," 0.008377075195312]""",0.008407592773437,0.001276016235351,3.184132575988769,0.00865931995213,0.016021728515625,0.000621795654296,0.012222290039062,0.012161254882812,0.5062500000000001,0.50636574074074,0.00011574074074
681636533388,68163653338,8,0,77436999321,1.0,"""[0.00019931793212800002",0.000245094299316,0.000275611877441,0.000359535217285,0.000757217407226,0.00169563293457,0.00265884399414,0.004150390625,0.008132934570312,0.008285522460937," 0.012069702148437]""",0.01922607421875,0.0032310485839840003,1.528996229171752,0.0025135264731940003,0.016021728515625,0.000621795654296,0.01300048828125,0.012466430664062,0.508449074074074,0.5085648148148141,0.00011574074074
681636533388,68163653338,8,0,77436999321,1.0,"""[0.00018405914306600003",0.00023078918457,0.000244140625,0.000257492065429,0.000285148620605,0.00036525726318300004,0.000561714172363,0.0008859634399410001,0.0015945434570310002,0.002799987792968," 0.008560180664062]""",0.008514404296875,0.001049041748046,1.673401594161987,0.0031741005368530004,0.016021728515625,0.000621795654296,0.011703491210937,0.011688232421875002,0.500810185185185,0.500925925925925,0.00011574074074
681636533388,68163653338,8,0,77436999321,1.0,"""[0.00018501281738200003",0.00023555755615200003,0.000260353088378,0.000297546386718,0.00045108795166,0.000711441040039,0.00115966796875,0.001903533935546,0.0027313232421870004,0.005638122558593001," 0.009765625]""",0.009735107421875,0.001810073852539,1.7195967435836792,0.002117651514708,0.016021728515625,0.000621795654296,0.012161254882812,0.012130737304687,0.5048611111111111,0.504976851851851,0.00011574074074
681636533388,68163653338,8,0,77436999321,1.0,"""[0.00020313262939400002",0.00022888183593700002,0.00024223327636700001,0.000255584716796,0.000274658203125,0.000307083129882,0.000443458557128,0.000645637512207,0.001306533813476,0.0026206970214840003," 0.00823974609375]""",0.007644653320312,0.0008745193481440001,1.6942247152328491,0.002926159650087,0.016021728515625,0.000621795654296,0.011688232421875002,0.011688232421875002,0.501157407407407,0.501273148148148,0.00011574074074
681636533388,68163653338,8,0,77436999321,1.0,"""[0.00020313262939400002",0.00023365020751900002,0.000249862670898,0.000268936157226,0.00030231475830000003,0.000506401062011,0.0008583068847650001,0.001430511474609,0.002098083496093,0.003501892089843," 0.008575439453125]""",0.00848388671875,0.001422882080078,1.719583511352539,0.003034240333363,0.016021728515625,0.000621795654296,0.012161254882812,0.011703491210937,0.501273148148148,0.501388888888888,0.00011574074074
681636533388,68163653338,8,0,77436999321,1.0,"""[0.00018119812011700001",0.000226020812988,0.00023937225341700002,0.00025177001953100004,0.00026416778564400005,0.00029182434082000003,0.00036525726318300004,0.0006380081176750001,0.0013198852539060002,0.0024223327636710003," 0.008544921875]""",0.008560180664062,0.0008821487426750001,5.474017143249511,0.018098225817084,0.016021728515625,0.000621795654296,0.012161254882812,0.012130737304687,0.5053240740740741,0.505439814814814,0.00011574074074
681636533388,68163653338,8,0,77436999321,1.0,"""[0.00020790100097600002",0.000248908996582,0.000280380249023,0.00034713745117100005,0.00046920776367100005,0.0005989074707030001,0.00091552734375,0.0014667510986320002,0.002201080322265,0.0037651062011710003," 0.008514404296875]""",0.00836181640625,0.0014171600341790001,1.7278504371643062,0.003531613387167,0.016021728515625,0.000621795654296,0.01171875,0.011672973632812,0.5001157407407401,0.500231481481481,0.00011574074074
681636533388,68163653338,8,0,77436999321,1.0,"""[0.00021076202392500003",0.00025272369384700004,0.000340461730957,0.000506401062011,0.000761032104492,0.001129150390625,0.0017833709716790001,0.002449035644531,0.003501892089843,0.006668090820312," 0.0089111328125]""",0.008926391601562,0.0021934509277340003,1.667229890823364,0.003247588407248,0.016021728515625,0.000621795654296,0.011795043945312,0.011764526367187,0.500694444444444,0.500810185185185,0.00011574074074
681636533388,68163653338,8,0,77436999321,1.0,"""[0.00021457672119100003",0.00025463104248,0.00030136108398400003,0.000501632690429,0.0009822845458980001,0.00169563293457,0.003101348876953,0.006904602050781,0.008148193359375,0.00823974609375," 0.010269165039062]""",0.010238647460937,0.0034751892089840003,1.487276196479797,0.0025030244141810002,0.016021728515625,0.000621795654296,0.01287841796875,0.012313842773437,0.502893518518518,0.503009259259259,0.00011574074074
681636533388,68163653338,8,0,77436999321,1.0,"""[0.000222206115722",0.000267028808593,0.00029468536376900005,0.00035667419433500004,0.000506401062011,0.000713348388671,0.001033782958984,0.001596450805664,0.0024223327636710003,0.003894805908203," 0.009017944335937]""",0.009063720703125,0.001445770263671,3.772122144699096,0.012858849018812001,0.016021728515625,0.000621795654296,0.0123291015625,0.0123291015625,0.507986111111111,0.5081018518518511,0.00011574074074
681636533388,68163653338,8,0,77436999321,1.0,"""[0.00018215179443300001",0.000216484069824,0.00023460388183500002,0.000250816345214,0.000277519226074,0.00037765502929600005,0.000472068786621,0.000711441040039,0.001100540161132,0.002002716064453," 0.008056640625]""",0.008071899414062,0.0008468627929680001,1.7278504371643062,0.003531613387167,0.016021728515625,0.000621795654296,0.011672973632812,0.011672973632812,0.500231481481481,0.500347222222222,0.00011574074074
681636533388,68163653338,8,0,77436999321,1.0,"""[0.000191688537597",0.000226020812988,0.000247001647949,0.00027179718017500003,0.00037384033203100004,0.0005722045898430001,0.001123428344726,0.002288818359375,0.00787353515625,0.008163452148437," 0.008331298828125]""",0.008499145507812,0.002506256103515,1.6053357124328609,0.0020670520607380003,0.016021728515625,0.000621795654296,0.012832641601562,0.01226806640625,0.504166666666666,0.504282407407407,0.00011574074074
681636533388,68163653338,8,0,77436999321,1.0,"""[0.00020980834960900003",0.000231742858886,0.000244140625,0.000255584716796,0.00027084350585900003,0.00029373168945300005,0.00033187866210900003,0.000493049621582,0.0008735656738280001,0.0018539428710930002," 0.007057189941406]""",0.007080078125,0.0007781982421870001,2.963563919067382,0.008029656484723001,0.016021728515625,0.000621795654296,0.012130737304687,0.012130737304687,0.504629629629629,0.50474537037037,0.00011574074074
681636533388,68163653338,8,0,77436999321,1.0,"""[0.00021934509277300002",0.000253677368164,0.00028610229492100005,0.00034427642822200004,0.00051212310791,0.0008144378662100001,0.001262664794921,0.0017108917236320002,0.002246856689453,0.003543853759765," 0.008224487304687]""",0.008224487304687,0.0014057159423820002,1.7195967435836792,0.002117651514708,0.016021728515625,0.000621795654296,0.012130737304687,0.012130737304687,0.50474537037037,0.5048611111111111,0.00011574074074
681636533388,68163653338,8,0,77436999321,1.0,"""[0.00018310546875",0.000231742858886,0.000247955322265,0.00026416778564400005,0.000290870666503,0.00035476684570300005,0.00047779083251900005,0.000822067260742,0.00126838684082,0.002079010009765," 0.008209228515625]""",0.0081787109375,0.0008735656738280001,1.6942247152328491,0.002926159650087,0.016021728515625,0.000621795654296,0.011688232421875002,0.011688232421875002,0.500925925925925,0.501041666666666,0.00011574074074
681636533388,68163653338,8,0,77436999321,1.0,"""[0.00018978118896400002",0.00023078918457,0.00024318695068300001,0.000256538391113,0.00027275085449200004,0.00029563903808500004,0.000340461730957,0.00047683715820300005,0.0007858276367180001,0.002033233642578," 0.00823974609375]""",0.008224487304687,0.0007953643798820001,1.6942247152328491,0.002926159650087,0.016021728515625,0.000621795654296,0.011688232421875002,0.011688232421875002,0.501041666666666,0.501157407407407,0.00011574074074
681636533388,68163653338,8,0,77436999321,1.0,"""[0.00020217895507800002",0.00022315979003900002,0.00023460388183500002,0.000245094299316,0.000256538391113,0.00027275085449200004,0.00029563903808500004,0.000349044799804,0.000440597534179,0.000682830810546," 0.008438110351562]""",0.008453369140625,0.0004911422729490001,2.708176136016845,0.007247673813253,0.016021728515625,0.000621795654296,0.011764526367187,0.01171875,0.50162037037037,0.501736111111111,0.00011574074074
681636533388,68163653338,8,0,77436999321,1.0,"""[0.000195503234863",0.00022983551025300002,0.000247955322265,0.000267028808593,0.000300407409667,0.000381469726562,0.0005722045898430001,0.001298904418945,0.002288818359375,0.004493713378906," 0.00836181640625]""",0.008392333984375,0.0013809204101560002,3.184132575988769,0.00865931995213,0.016021728515625,0.000621795654296,0.012130737304687,0.012130737304687,0.5060185185185181,0.506134259259259,0.00011574074074
681636533388,68163653338,8,0,77436999321,1.0,"""[0.00020313262939400002",0.00022983551025300002,0.00024127960205000003,0.00025177001953100004,0.00026321411132800005,0.000284194946289,0.00030517578125,0.000462532043457,0.001123428344726,0.002143859863281," 0.008346557617187]""",0.00836181640625,0.000865936279296,3.971475839614868,0.012819798663258001,0.016021728515625,0.000621795654296,0.01214599609375,0.012130737304687,0.504398148148148,0.504513888888888,0.00011574074074
681636533388,68163653338,8,0,77436999321,1.0,"""[0.00018405914306600003",0.00022029876708900002,0.00023841857910100002,0.000255584716796,0.000297546386718,0.000561714172363,0.001045227050781,0.0015926361083980001,0.0024223327636710003,0.003589630126953," 0.00872802734375]""",0.00872802734375,0.00136375427246,1.551101565361022,0.0028237141668790004,0.016021728515625,0.000621795654296,0.011962890625,0.01190185546875,0.502546296296296,0.502662037037037,0.00011574074074
681636533388,68163653338,8,0,77436999321,1.0,"""[0.00020217895507800002",0.00023078918457,0.000246047973632,0.00026130676269500003,0.000284194946289,0.000310897827148,0.000462532043457,0.0008926391601560001,0.0015850067138670001,0.002552032470703," 0.00750732421875]""",0.007537841796875001,0.001003265380859,3.971475839614868,0.012819798663258001,0.016021728515625,0.000621795654296,0.012130737304687,0.012130737304687,0.504513888888888,0.504629629629629,0.00011574074074
681636533388,68163653338,8,0,77436999321,1.0,"""[0.00020694732666000002",0.000231742858886,0.000245094299316,0.000258445739746,0.000274658203125,0.00029277801513600003,0.00032424926757800005,0.00047779083251900005,0.000819206237792,0.00213623046875," 0.007476806640625001]""",0.007476806640625001,0.00078010559082,3.572254180908203,0.010003430768847,0.016021728515625,0.000621795654296,0.012130737304687,0.012130737304687,0.5050925925925921,0.505208333333333,0.00011574074074
681636533388,68163653338,8,0,77436999321,1.0,"""[0.00020980834960900003",0.00025272369384700004,0.000412940979003,0.00069522857666,0.0010128021240230001,0.001453399658203,0.0019512176513670001,0.002540588378906,0.0033226013183590003,0.00537109375," 0.009201049804687]""",0.00921630859375,0.002151489257812,1.751937627792358,0.004954995587468001,0.016021728515625,0.000621795654296,0.012374877929687,0.012374877929687,0.509143518518518,0.5092592592592591,0.00011574074074
681636533388,68163653338,8,0,77436999321,1.0,"""[0.00020313262939400002",0.00023460388183500002,0.000255584716796,0.000288009643554,0.00043582916259700004,0.000792503356933,0.001827239990234,0.0036315917968750004,0.008102416992187,0.00823974609375," 0.008544921875]""",0.011245727539062,0.00284194946289,2.708176136016845,0.007247673813253,0.016021728515625,0.000621795654296,0.0123291015625,0.011795043945312,0.501388888888888,0.501504629629629,0.00011574074074
681636533388,68163653338,8,0,77436999321,1.0,"""[0.000185966491699",0.00022792816162100002,0.00024032592773400003,0.00025272369384700004,0.000266075134277,0.00030231475830000003,0.0004968643188470001,0.000792503356933,0.0019512176513670001,0.005325317382812," 0.008285522460937]""",0.01116943359375,0.0014572143554680002,1.597139358520507,0.0049464502371840005,0.016021728515625,0.000621795654296,0.012115478515625002,0.012115478515625002,0.5057870370370371,0.505902777777777,0.00011574074074
681636533388,68163653338,8,0,77436999321,1.0,"""[0.000200271606445",0.00023078918457,0.000247001647949,0.00026321411132800005,0.00030517578125,0.00043582916259700004,0.0005874633789060001,0.001167297363281,0.0018386840820310002,0.0032806396484370004," 0.008331298828125]""",0.008285522460937,0.001209259033203,1.730685472488403,0.005258889403194,0.016021728515625,0.000621795654296,0.012130737304687,0.012115478515625002,0.505902777777777,0.5060185185185181,0.00011574074074
681636533388,68163653338,8,0,77436999321,1.0,"""[0.000248908996582",0.000285148620605,0.00033378601074200004,0.000623703002929,0.0009393692016600001,0.00143814086914,0.00201416015625,0.002552032470703,0.003543853759765,0.005500793457031," 0.008590698242187]""",0.008590698242187,0.00213623046875,3.772122144699096,0.012858849018812001,0.016021728515625,0.000621795654296,0.0123291015625,0.0123291015625,0.5078703703703701,0.507986111111111,0.00011574074074
681636533388,68163653338,8,0,77436999321,1.0,"""[0.000205993652343",0.00023365020751900002,0.00025177001953100004,0.00027179718017500003,0.000300407409667,0.00048446655273400003,0.001276016235351,0.0023765563964840003,0.004379272460937,0.006736755371093001," 0.009658813476562]""",0.009689331054687,0.0021018981933590003,3.184132575988769,0.00865931995213,0.016021728515625,0.000621795654296,0.012130737304687,0.012130737304687,0.506134259259259,0.5062500000000001,0.00011574074074
681636533388,68163653338,8,0,77436999321,1.0,"""[0.00022983551025300002",0.00026512145996000004,0.000297546386718,0.00036430358886700004,0.0005989074707030001,0.001087188720703,0.00154685974121,0.00225830078125,0.00341796875,0.007278442382812," 0.009490966796875]""",0.009475708007812,0.0021018981933590003,1.528996229171752,0.0025135264731940003,0.016021728515625,0.000621795654296,0.012969970703125002,0.0123291015625,0.5083333333333331,0.508449074074074,0.00011574074074
681636533388,68163653338,8,0,77436999321,1.0,"""[0.00022029876708900002",0.00024318695068300001,0.000267028808593,0.00028228759765600004,0.000298500061035,0.000340461730957,0.0004920959472650001,0.00071907043457,0.0013427734375,0.002685546875," 0.008255004882812]""",0.008224487304687,0.0009498596191400001,1.878628134727478,0.003201769897714,0.016021728515625,0.000621795654296,0.012252807617187,0.012237548828125002,0.5064814814814811,0.506597222222222,0.00011574074074
681636533388,68163653338,8,0,77436999321,1.0,"""[0.00020980834960900003",0.00022983551025300002,0.00024318695068300001,0.000256538391113,0.000275611877441,0.00030136108398400003,0.000412940979003,0.000590324401855,0.0015182495117180002,0.002708435058593," 0.007965087890625]""",0.007980346679687,0.000952720642089,1.878628134727478,0.003201769897714,0.016021728515625,0.000621795654296,0.012542724609375002,0.01239013671875,0.506597222222222,0.5067129629629631,0.00011574074074
681636533388,68163653338,8,0,77436999321,1.0,"""[0.000201225280761",0.00023365020751900002,0.00025177001953100004,0.00027179718017500003,0.00029468536376900005,0.000342369079589,0.000493049621582,0.0008020401000970001,0.001529693603515,0.002357482910156," 0.008071899414062]""",0.008071899414062,0.000978469848632,1.528996229171752,0.0025135264731940003,0.016021728515625,0.000621795654296,0.012374877929687,0.012374877929687,0.5085648148148141,0.508680555555555,0.00011574074074
681636533388,68163653338,8,0,77436999321,1.0,"""[0.00019741058349600002",0.000231742858886,0.000247955322265,0.000267028808593,0.000307083129882,0.00049877166748,0.001079559326171,0.0024223327636710003,0.005020141601562,0.008163452148437," 0.009201049804687]""",0.009201049804687,0.002243041992187,2.168206930160522,0.004746588412672,0.016021728515625,0.000621795654296,0.012481689453125002,0.012451171875,0.5067129629629631,0.506828703703703,0.00011574074074
681636533388,68163653338,8,0,77436999321,1.0,"""[0.000205039978027",0.000247955322265,0.00030231475830000003,0.0005531311035150001,0.0009918212890620002,0.00151252746582,0.0024070739746090003,0.003395080566406,0.005111694335937,0.0079345703125," 0.00933837890625]""",0.01025390625,0.002693176269531,1.629237413406372,0.002141169039532,0.016021728515625,0.000621795654296,0.012374877929687,0.012359619140625002,0.5090277777777771,0.509143518518518,0.00011574074074
681636533388,68163653338,8,0,77436999321,1.0,"""[0.000196456909179",0.000247001647949,0.00028324127197200004,0.00038337707519500003,0.0006380081176750001,0.000975608825683,0.001482009887695,0.001968383789062,0.0027313232421870004,0.004379272460937," 0.008224487304687]""",0.008255004882812,0.0016727447509760002,1.706034779548645,0.002784386510029,0.016021728515625,0.000621795654296,0.01214599609375,0.01214599609375,0.50324074074074,0.503356481481481,0.00011574074074
681636533388,68163653338,8,0,77436999321,1.0,"""[0.00021266937255800001",0.00024032592773400003,0.00026512145996000004,0.00029468536376900005,0.00041866302490200006,0.00055980682373,0.0007591247558590001,0.0014095306396480001,0.0019798278808590003,0.003543853759765," 0.008453369140625]""",0.010452270507812,0.001306533813476,5.474017143249511,0.018098225817084,0.016021728515625,0.000621795654296,0.012176513671875002,0.01214599609375,0.505208333333333,0.5053240740740741,0.00011574074074
681636533388,68163653338,8,0,77436999321,1.0,"""[0.000191688537597",0.00022315979003900002,0.00023555755615200003,0.000247001647949,0.000259399414062,0.000287055969238,0.00038623809814400005,0.0008668899536130001,0.00439453125,0.008102416992187," 0.008392333984375]""",0.012969970703125002,0.001949310302734,1.597139358520507,0.0049464502371840005,0.016021728515625,0.000621795654296,0.0128173828125,0.01220703125,0.505671296296296,0.5057870370370371,0.00011574074074
