UniqJobId,collection_id,instance_index,priority,machine_id,sample_rate,cpu_usage_distribution1,cpu_usage_distribution2,cpu_usage_distribution3,cpu_usage_distribution4,cpu_usage_distribution5,cpu_usage_distribution6,cpu_usage_distribution7,cpu_usage_distribution8,cpu_usage_distribution9,cpu_usage_distribution10,cpu_usage_distribution11,max_cpu,avg_cpu,cycles_per_instruction,memory_accesses_per_instruction,assigned_memory,page_cache_memory,max_memory,avg_memory,start_time,end_time,time_window
690677155333,69067715533,3,0,373216008406,1.0,"""[0.000593185424804",0.002311706542968,0.002906799316406,0.0035209655761710003,0.004531860351562,0.006690979003906,0.009414672851562,0.01202392578125,0.014663696289062,0.020477294921875," 0.03704833984375]""",0.04302978515625,0.009246826171875,0.7807342410087581,0.005982151255011001,0.003913879394531,0.000179290771484,0.0013713836669920001,0.0008983612060540001,0.505902777777777,0.5060185185185181,0.00011574074074
690677155333,69067715533,3,0,373216008406,1.0,"""[1.0490417480468752e-05",1.0490417480468752e-05,1.0490417480468752e-05,1.0490417480468752e-05,1.0490417480468752e-05,1.0490417480468752e-05,1.0490417480468752e-05,1.0490417480468752e-05,1.0490417480468752e-05,1.0490417480468752e-05," 1.0490417480468752e-05]""",0.0,0.0,0.0,0.0,0.003913879394531,0.0,9.5367431640625e-07,9.5367431640625e-07,0.505536651234567,0.505537037037037,3.858024691358024e-07
690677155333,69067715533,3,0,373216008406,1.0,"""[0",0.0,0.0,0.0,0.0,0.0,0.0,0.0,0.0,0.0,"0]""",0.000357627868652,0.000357627868652,0.9830212593078611,0.008405793458223001,0.003913879394531,0.00021553039550700003,7.62939453125e-05,7.62939453125e-05,0.5060929783950611,0.50609336419753,3.858024691358024e-07
690677155333,69067715533,3,0,151920041,1.0,"""[0",0.0,0.0,0.0,8.58306884765625e-06,2.1934509277343753e-05,3.528594970703125e-05,0.00042915344238200005,0.00042915344238200005,0.00042915344238200005," 0.00042915344238200005]""",0.00042533874511700004,0.00016403198242100002,0.987242937088012,0.0019512909930190002,0.003913879394531,0.000126838684082,7.62939453125e-05,7.534027099609375e-05,0.500094907407407,0.5000960648148141,1.157407407407407e-06
690677155333,69067715533,3,0,373216008406,1.0,"""[0.0016918182373040001",0.005851745605468001,0.006950378417968001,0.00823974609375,0.011474609375,0.013534545898437,0.015136718749999998,0.0167236328125,0.019866943359375,0.024566650390625003," 0.03741455078125]""",0.05859375,0.01409912109375,0.7807342410087581,0.005982151255011001,0.003913879394531,0.000179290771484,0.0016784667968750002,0.0011425018310540001,0.5057870370370371,0.505902777777777,0.00011574074074
690677155333,69067715533,3,0,373216008406,1.0,"""[0.0021171569824210003",0.005012512207031,0.008148193359375,0.010345458984375,0.013534545898437,0.01593017578125,0.018280029296875,0.0203857421875,0.023681640625,0.030853271484375003," 0.05084228515625]""",0.0782470703125,0.016876220703125,0.7807342410087581,0.005982151720672,0.003913879394531,0.000179290771484,0.001911163330078,0.001199722290039,0.505671296296296,0.5057870370370371,0.00011574074074
690677155333,69067715533,3,0,373216008406,1.0,"""[0.000529289245605",0.005416870117187,0.01824951171875,0.05487060546875,0.162353515625,0.173095703125,0.184326171875,0.188232421875,0.1923828125,0.19970703125," 0.206298828125]""",0.212158203125,0.1224365234375,0.0,0.0,0.003913879394531,0.000174522399902,0.001361846923828,0.0008926391601560001,0.505537037037037,0.5055555555555551,1.8518518518518515e-05
690677155333,69067715533,3,0,373216008406,1.0,"""[5.912780761718751e-05",5.912780761718751e-05,8.20159912109375e-05,0.00038337707519500003,0.000497817993164,0.000516891479492,0.000590324401855,0.001422882080078,0.008346557617187,0.01129150390625," 0.01129150390625]""",0.011154174804687,0.0028533935546870004,0.9830212593078611,0.008405793458223001,0.003913879394531,0.00018405914306600003,0.0008211135864250001,0.000538825988769,0.5060898919753081,0.5060929783950611,3.0864197530864187e-06
690677155333,69067715533,3,0,373216008406,1.0,"""[0.00045680999755800004",0.005615234375,0.00885009765625,0.010726928710937,0.012832641601562,0.014724731445312,0.017303466796875,0.020111083984375,0.0238037109375,0.0296630859375," 0.0498046875]""",0.05194091796875,0.016510009765625,0.0,0.0,0.003913879394531,0.000179290771484,0.0016098022460930002,0.0010299682617180002,0.5055555555555551,0.505671296296296,0.00011574074074
690677155333,69067715533,3,0,373216008406,1.0,"""[0.0012187957763670001",0.005577087402343001,0.007728576660156,0.008575439453125,0.009414672851562,0.010528564453125,0.012542724609375002,0.014678955078125002,0.016510009765625,0.018951416015625," 0.02386474609375]""",0.039794921875,0.01171875,0.831536948680877,0.006590830162167,0.003913879394531,0.000179290771484,0.00118064880371,0.001003265380859,0.5060185185185181,0.5060898919753081,7.137345679012346e-05
690677155333,69067715533,3,0,373216008406,1.0,"""[0",0.0,0.0,0.0,0.0,0.0,0.0,0.0,0.0,0.0," 0]""",0.0,0.0,0.9830212593078611,0.008405793458223001,0.003913879394531,0.00021553039550700003,7.343292236328125e-05,7.343292236328125e-05,0.50609336419753,0.50609375,3.858024691358024e-07
