UniqJobId,collection_id,instance_index,priority,machine_id,sample_rate,cpu_usage_distribution1,cpu_usage_distribution2,cpu_usage_distribution3,cpu_usage_distribution4,cpu_usage_distribution5,cpu_usage_distribution6,cpu_usage_distribution7,cpu_usage_distribution8,cpu_usage_distribution9,cpu_usage_distribution10,cpu_usage_distribution11,max_cpu,avg_cpu,cycles_per_instruction,memory_accesses_per_instruction,assigned_memory,page_cache_memory,max_memory,avg_memory,start_time,end_time,time_window
734191423442,73419142344,2,0,1713141410,1.0,"""[0",0.0,0.0,0.0,9.5367431640625e-07,9.5367431640625e-07,1.9073486328125e-06,2.86102294921875e-06,2.86102294921875e-06,2.86102294921875e-06," 2.86102294921875e-06]""",2.86102294921875e-06,9.5367431640625e-07,0.0,0.0,0.00015640258789,9.5367431640625e-07,1.9073486328125e-06,1.9073486328125e-06,0.506759645061728,0.506760416666666,7.716049382716048e-07
734191423442,73419142344,2,0,1713257708,1.0,"""[0",3.814697265625e-06,8.58306884765625e-06,1.3351440429687502e-05,1.71661376953125e-05,2.1934509277343753e-05,2.6702880859375003e-05,3.0517578125e-05,3.528594970703125e-05,4.00543212890625e-05," 0.000609397888183]""",0.000560760498046,4.76837158203125e-06,0.0,0.0,0.00015640258789,0.0,5.7220458984375e-06,2.86102294921875e-06,0.500299768518518,0.500347222222222,4.745370370370371e-05
734191423442,73419142344,2,0,57549112366,1.0,"""[0",0.0,0.0,0.0,0.0,0.0,0.0,0.0,0.0,0.0,"0]""",0.0,0.0,0.0,0.0,0.00015640258789,0.0,1.9073486328125e-06,1.9073486328125e-06,0.502451774691358,0.502452160493827,3.858024691358024e-07
734191423442,73419142344,2,0,1713257708,1.0,"""[2.86102294921875e-06",2.86102294921875e-06,2.86102294921875e-06,2.86102294921875e-06,2.86102294921875e-06,2.86102294921875e-06,2.86102294921875e-06,2.86102294921875e-06,2.86102294921875e-06,2.86102294921875e-06," 2.86102294921875e-06]""",0.0,0.0,0.0,0.0,0.00015640258789,0.0,1.9073486328125e-06,1.9073486328125e-06,0.504953317901234,0.5049537037037031,3.858024691358024e-07
734191423442,73419142344,2,0,1713257708,1.0,"""[0",0.0,0.0,0.0,0.0,0.0,0.0,0.0,0.0,0.0,"0]""",0.0,0.0,0.0,0.0,0.00015640258789,9.5367431640625e-07,9.5367431640625e-07,9.5367431640625e-07,0.500369984567901,0.50037037037037,3.858024691358024e-07
734191423442,73419142344,2,0,21394550,1.0,"""[0",0.0,0.0,0.0,0.0,0.0,0.0,0.0,0.0,0.0," 0]""",0.0,0.0,0.0,0.0,0.00015640258789,0.0,1.9073486328125e-06,1.9073486328125e-06,0.507986111111111,0.5080065586419751,2.0447530864197534e-05
734191423442,73419142344,2,0,19875185082,1.0,"""[0",0.0,0.0,0.0,9.5367431640625e-07,1.9073486328125e-06,2.86102294921875e-06,3.814697265625e-06,3.814697265625e-06,3.814697265625e-06," 3.814697265625e-06]""",3.814697265625e-06,1.9073486328125e-06,0.0,0.0,0.00015640258789,0.0,9.5367431640625e-07,9.5367431640625e-07,0.5085648148148141,0.508565586419753,7.716049382716048e-07
734191423442,73419142344,2,0,57549112366,1.0,"""[0",0.0,0.0,0.0,0.0,0.0,0.0,0.0,0.0,0.0,"0]""",0.0,0.0,0.0,0.0,0.00015640258789,0.0,9.5367431640625e-07,9.5367431640625e-07,0.502453317901234,0.502453703703703,3.858024691358024e-07
734191423442,73419142344,2,0,1713257708,1.0,"""[0",3.814697265625e-06,8.58306884765625e-06,1.3351440429687502e-05,1.71661376953125e-05,2.1934509277343753e-05,2.6702880859375003e-05,3.0517578125e-05,3.528594970703125e-05,4.00543212890625e-05," 0.000593185424804]""",0.0005960464477530001,2.86102294921875e-06,0.0,0.0,0.00015640258789,0.0,4.76837158203125e-06,1.9073486328125e-06,0.504883487654321,0.504953317901234,6.983024691358025e-05
734191423442,73419142344,2,0,21394550,1.0,"""[0",0.0,0.0,0.0,9.5367431640625e-07,2.86102294921875e-06,4.76837158203125e-06,6.67572021484375e-06,6.67572021484375e-06,6.67572021484375e-06," 6.67572021484375e-06]""",6.67572021484375e-06,2.86102294921875e-06,0.0,0.0,0.00015640258789,0.0,9.5367431640625e-07,9.5367431640625e-07,0.508006944444444,0.508007716049382,7.716049382716048e-07
734191423442,73419142344,2,0,1713489854,1.0,"""[0",0.0,0.0,0.0,0.0,0.0,0.0,0.0,0.0,0.0," 0]""",0.0,0.0,0.0,0.0,0.00015640258789,0.0,1.9073486328125e-06,1.9073486328125e-06,0.5094907407407401,0.509536651234567,4.591049382716049e-05
734191423442,73419142344,2,0,57549112366,1.0,"""[0",0.0,0.0,0.0,0.0,0.0,0.0,9.5367431640625e-07,9.5367431640625e-07,9.5367431640625e-07," 9.5367431640625e-07]""",9.5367431640625e-07,0.0,0.0,0.0,0.00015640258789,0.0,9.5367431640625e-07,9.5367431640625e-07,0.502452160493827,0.502453317901234,1.157407407407407e-06
734191423442,73419142344,2,0,1712866415,1.0,"""[0",0.0,0.0,0.0,0.0,0.0,0.0,0.0,0.0,0.0," 0]""",0.0,0.0,0.0,0.0,0.00015640258789,0.0,1.9073486328125e-06,1.9073486328125e-06,0.5081018518518511,0.50814699074074,4.513888888888889e-05
734191423442,73419142344,2,0,57549112366,1.0,"""[0",0.0,0.0,0.0,0.0,0.0,0.0,0.0,0.0,0.0," 0]""",0.0,0.0,0.0,0.0,0.00015640258789,0.0,1.9073486328125e-06,1.9073486328125e-06,0.502430555555555,0.502451774691358,2.121913580246913e-05
734191423442,73419142344,2,0,311203837347,1.0,"""[0",3.814697265625e-06,8.58306884765625e-06,1.3351440429687502e-05,1.71661376953125e-05,2.1934509277343753e-05,2.6702880859375003e-05,3.0517578125e-05,3.528594970703125e-05,4.00543212890625e-05," 0.000647544860839]""",0.000525474548339,4.76837158203125e-06,0.0,0.0,0.00015640258789,9.5367431640625e-07,5.7220458984375e-06,3.814697265625e-06,0.508633487654321,0.508680555555555,4.7067901234567906e-05
734191423442,73419142344,2,0,19875185082,1.0,"""[0",0.0,0.0,0.0,0.0,0.0,0.0,0.0,0.0,0.0,"0]""",0.0,0.0,0.0,0.0,0.00015640258789,0.0,9.5367431640625e-07,9.5367431640625e-07,0.508565586419753,0.508565972222222,3.858024691358024e-07
734191423442,73419142344,2,0,1713257708,1.0,"""[4.76837158203125e-06",4.76837158203125e-06,4.76837158203125e-06,4.76837158203125e-06,4.76837158203125e-06,4.76837158203125e-06,4.76837158203125e-06,4.76837158203125e-06,4.76837158203125e-06,4.76837158203125e-06," 4.76837158203125e-06]""",0.0,0.0,0.0,0.0,0.00015640258789,0.0,1.9073486328125e-06,1.9073486328125e-06,0.507728780864197,0.507729166666666,3.858024691358024e-07
734191423442,73419142344,2,0,1713489854,1.0,"""[0",0.0,0.0,9.5367431640625e-07,9.5367431640625e-07,1.9073486328125e-06,1.9073486328125e-06,2.86102294921875e-06,2.86102294921875e-06,2.86102294921875e-06," 2.86102294921875e-06]""",2.86102294921875e-06,9.5367431640625e-07,0.0,0.0,0.00015640258789,0.0,9.5367431640625e-07,9.5367431640625e-07,0.5089822530864191,0.5089841820987651,1.929012345679012e-06
734191423442,73419142344,2,0,1713257708,1.0,"""[0",3.814697265625e-06,8.58306884765625e-06,1.3351440429687502e-05,1.71661376953125e-05,2.1934509277343753e-05,2.6702880859375003e-05,3.0517578125e-05,3.528594970703125e-05,4.00543212890625e-05," 0.000715255737304]""",0.0006484985351560001,3.814697265625e-06,0.0,0.0,0.00015640258789,0.0,4.76837158203125e-06,1.9073486328125e-06,0.5076616512345671,0.507728780864197,6.712962962962963e-05
734191423442,73419142344,2,0,21394550,1.0,"""[0",0.0,0.0,0.0,0.0,0.0,0.0,0.0,0.0,0.0,"0]""",0.0,0.0,0.0,0.0,0.00015640258789,0.0,1.9073486328125e-06,1.9073486328125e-06,0.5080065586419751,0.508006944444444,3.858024691358024e-07
734191423442,73419142344,2,0,57549112366,0.9758064746856691,"""[0",3.814697265625e-06,8.58306884765625e-06,1.3351440429687502e-05,1.71661376953125e-05,2.1934509277343753e-05,2.6702880859375003e-05,3.0517578125e-05,3.528594970703125e-05,4.00543212890625e-05," 0.000247001647949]""",0.000247001647949,1.9073486328125e-06,0.0,0.0,0.00015640258789,0.0,1.3351440429687502e-05,2.86102294921875e-06,0.502382716049382,0.502430555555555,4.7839506172839504e-05
734191423442,73419142344,2,0,1713489854,1.0,"""[0",0.0,0.0,0.0,0.0,0.0,0.0,0.0,0.0,0.0,"0]""",0.0,0.0,0.0,0.0,0.00015640258789,0.0,1.9073486328125e-06,1.9073486328125e-06,0.509536651234567,0.509537037037037,3.858024691358024e-07
734191423442,73419142344,2,0,1713489854,1.0,"""[0",3.814697265625e-06,8.58306884765625e-06,1.3351440429687502e-05,1.71661376953125e-05,2.1934509277343753e-05,2.6702880859375003e-05,3.0517578125e-05,3.528594970703125e-05,4.00543212890625e-05," 0.000652313232421]""",0.0005149841308590001,2.86102294921875e-06,0.0,0.0,0.00015640258789,0.0,4.76837158203125e-06,1.9073486328125e-06,0.508913966049382,0.5089822530864191,6.828703703703704e-05
734191423442,73419142344,2,0,1713257708,1.0,"""[0",0.0,0.0,0.0,0.0,0.0,0.0,0.0,0.0,0.0," 0]""",4.76837158203125e-06,4.76837158203125e-06,0.0,0.0,0.00015640258789,0.0,9.5367431640625e-07,9.5367431640625e-07,0.507729166666666,0.5077295524691351,3.858024691358024e-07
734191423442,73419142344,2,0,19875185082,1.0,"""[0",0.0,0.0,0.0,0.0,0.0,0.0,0.0,0.0,0.0,"0]""",0.0,0.0,0.0,0.0,0.00015640258789,0.0,1.9073486328125e-06,1.9073486328125e-06,0.508564429012345,0.5085648148148141,3.858024691358024e-07
734191423442,73419142344,2,0,311203837347,1.0,"""[0",0.0,0.0,0.0,9.5367431640625e-07,9.5367431640625e-07,1.9073486328125e-06,2.86102294921875e-06,2.86102294921875e-06,2.86102294921875e-06," 2.86102294921875e-06]""",2.86102294921875e-06,9.5367431640625e-07,0.0,0.0,0.00015640258789,9.5367431640625e-07,1.9073486328125e-06,1.9073486328125e-06,0.5087025462962961,0.508703703703703,1.157407407407407e-06
734191423442,73419142344,2,0,1713257708,1.0,"""[0",0.0,0.0,0.0,0.0,0.0,0.0,0.0,0.0,0.0," 0]""",2.86102294921875e-06,9.5367431640625e-07,0.0,0.0,0.00015640258789,0.0,1.9073486328125e-06,1.9073486328125e-06,0.5049537037037031,0.504954861111111,1.157407407407407e-06
734191423442,73419142344,2,0,1713141410,1.0,"""[0",0.0,0.0,0.0,1.9073486328125e-06,5.7220458984375e-06,8.58306884765625e-06,1.1444091796875002e-05,1.1444091796875002e-05,1.1444091796875002e-05," 1.1444091796875002e-05]""",1.1444091796875002e-05,3.814697265625e-06,0.0,0.0,0.00015640258789,0.0,1.9073486328125e-06,1.9073486328125e-06,0.505647762345679,0.505648919753086,1.157407407407407e-06
734191423442,73419142344,2,0,1713489854,1.0,"""[0",0.0,0.0,0.0,9.5367431640625e-07,1.9073486328125e-06,2.86102294921875e-06,3.814697265625e-06,3.814697265625e-06,3.814697265625e-06," 3.814697265625e-06]""",3.814697265625e-06,9.5367431640625e-07,0.0,0.0,0.00015640258789,0.0,9.5367431640625e-07,9.5367431640625e-07,0.509537037037037,0.509538194444444,1.157407407407407e-06
734191423442,73419142344,2,0,1713257708,1.0,"""[5.7220458984375e-06",5.7220458984375e-06,5.7220458984375e-06,5.7220458984375e-06,5.7220458984375e-06,5.7220458984375e-06,5.7220458984375e-06,5.7220458984375e-06,5.7220458984375e-06,5.7220458984375e-06," 5.7220458984375e-06]""",0.0,0.0,0.0,0.0,0.00015640258789,0.0,1.9073486328125e-06,1.9073486328125e-06,0.500369212962963,0.5003695987654321,3.858024691358024e-07
734191423442,73419142344,2,0,1713141410,1.0,"""[0",0.0,0.0,0.0,0.0,0.0,0.0,0.0,0.0,0.0," 0]""",0.0,0.0,0.0,0.0,0.00015640258789,9.5367431640625e-07,1.9073486328125e-06,1.9073486328125e-06,0.5067129629629631,0.506759645061728,4.668209876543209e-05
734191423442,73419142344,2,0,1713257708,1.0,"""[0",0.0,0.0,0.0,0.0,0.0,0.0,0.0,0.0,0.0," 0]""",0.0,0.0,0.0,0.0,0.00015640258789,0.0,9.5367431640625e-07,9.5367431640625e-07,0.5077295524691351,0.5077299382716051,3.858024691358024e-07
734191423442,73419142344,2,0,1712866415,1.0,"""[0",0.0,0.0,0.0,9.5367431640625e-07,1.9073486328125e-06,1.9073486328125e-06,2.86102294921875e-06,2.86102294921875e-06,2.86102294921875e-06," 2.86102294921875e-06]""",2.86102294921875e-06,9.5367431640625e-07,0.0,0.0,0.00015640258789,0.0,9.5367431640625e-07,9.5367431640625e-07,0.50814699074074,0.508148533950617,1.5432098765432092e-06
734191423442,73419142344,2,0,1713141410,1.0,"""[0",3.814697265625e-06,8.58306884765625e-06,1.3351440429687502e-05,1.71661376953125e-05,2.1934509277343753e-05,2.6702880859375003e-05,3.147125244140625e-05,3.528594970703125e-05,4.00543212890625e-05," 0.000528335571289]""",0.000507354736328,8.58306884765625e-06,0.0,0.0,0.00015640258789,9.5367431640625e-07,4.76837158203125e-06,2.86102294921875e-06,0.5066890432098761,0.5067129629629631,2.3919753086419752e-05
734191423442,73419142344,2,0,1713257708,1.0,"""[0",0.0,0.0,0.0,0.0,0.0,0.0,0.0,0.0,0.0," 0]""",0.0,0.0,0.0,0.0,0.00015640258789,0.0,1.9073486328125e-06,1.9073486328125e-06,0.500347222222222,0.500369212962963,2.199074074074074e-05
734191423442,73419142344,2,0,311203837347,1.0,"""[0",0.0,0.0,0.0,0.0,0.0,0.0,0.0,0.0,0.0," 0]""",0.0,0.0,0.0,0.0,0.00015640258789,9.5367431640625e-07,3.814697265625e-06,2.86102294921875e-06,0.508680555555555,0.5087025462962961,2.199074074074074e-05
