UniqJobId,collection_id,instance_index,priority,machine_id,sample_rate,cpu_usage_distribution1,cpu_usage_distribution2,cpu_usage_distribution3,cpu_usage_distribution4,cpu_usage_distribution5,cpu_usage_distribution6,cpu_usage_distribution7,cpu_usage_distribution8,cpu_usage_distribution9,cpu_usage_distribution10,cpu_usage_distribution11,max_cpu,avg_cpu,cycles_per_instruction,memory_accesses_per_instruction,assigned_memory,page_cache_memory,max_memory,avg_memory,start_time,end_time,time_window
773828139244,77382813924,4,0,1375493313,1.0,"""[0.00021266937255800001",0.000248908996582,0.000269889831542,0.000281333923339,0.00029182434082000003,0.00030326843261700004,0.000317573547363,0.00033473968505800004,0.000351905822753,0.00039005279541," 0.02081298828125]""",0.02081298828125,0.00045013427734300006,3.277007341384887,0.014112234115600001,0.0038146972656250004,8.487701416015626e-05,0.0015010833740230001,0.0014953613281250002,0.503935185185185,0.504050925925925,0.00011574074074
773828139244,77382813924,4,0,1375493313,1.0,"""[0.000185966491699",0.000285148620605,0.000311851501464,0.00032615661621000004,0.000340461730957,0.00035667419433500004,0.000378608703613,0.00040531158447200004,0.00045013427734300006,0.000579833984375," 0.01904296875]""",0.01904296875,0.000591278076171,3.303665161132812,0.014238386414945,0.0038146972656250004,8.487701416015626e-05,0.0014953613281250002,0.0014953613281250002,0.504050925925925,0.504166666666666,0.00011574074074
773828139244,77382813924,4,0,1375493313,1.0,"""[0.00020694732666000002",0.00023651123046800003,0.000256538391113,0.000274658203125,0.00029182434082000003,0.000308990478515,0.000335693359375,0.00036716461181600005,0.00041770935058500004,0.0005273818969720001," 0.01580810546875]""",0.016998291015625,0.0004920959472650001,3.142269849777221,0.013467678800225001,0.0038146972656250004,8.487701416015626e-05,0.0015087127685540001,0.00149917602539,0.500694444444444,0.500810185185185,0.00011574074074
773828139244,77382813924,4,0,1375493313,1.0,"""[0.000196456909179",0.00026798248291,0.000289916992187,0.000309944152832,0.00032520294189400005,0.000340461730957,0.000358581542968,0.00038337707519500003,0.00044918060302700006,0.000568389892578," 0.01605224609375]""",0.016082763671875,0.000524520874023,3.672132015228271,0.016265997663140002,0.0038146972656250004,8.487701416015626e-05,0.001430511474609,0.001415252685546,0.502777777777777,0.502893518518518,0.00011574074074
773828139244,77382813924,4,0,1375493313,1.0,"""[0.000200271606445",0.00023078918457,0.000245094299316,0.000258445739746,0.00027084350585900003,0.000281333923339,0.00029182434082000003,0.00030231475830000003,0.00032329559326100003,0.00037574768066400005," 0.016357421875]""",0.016632080078125,0.00040054321289,1.364094734191894,0.004566366318613,0.0038146972656250004,8.487701416015626e-05,0.00142478942871,0.001420974731445,0.5048611111111111,0.504976851851851,0.00011574074074
773828139244,77382813924,4,0,1375493313,1.0,"""[0.000164985656738",0.00019741058349600002,0.00022029876708900002,0.00023078918457,0.00024127960205000003,0.00025177001953100004,0.00026226043701100003,0.000279426574707,0.000298500061035,0.000342369079589," 0.015411376953125002]""",0.01544189453125,0.00039863586425700005,1.437964916229248,0.0048651802353560005,0.0038146972656250004,8.583068847656251e-05,0.00142478942871,0.0014171600341790001,0.506828703703703,0.5069444444444441,0.00011574074074
773828139244,77382813924,4,0,1375493313,1.0,"""[0.000256538391113",0.00030326843261700004,0.000319480895996,0.00033283233642500003,0.00034618377685500005,0.00036430358886700004,0.00038719177246000004,0.000421524047851,0.00048828124999999995,0.000580787658691," 0.018768310546875]""",0.018768310546875,0.0005645751953120001,3.537169694900512,0.015561319887638002,0.0038146972656250004,8.487701416015626e-05,0.001413345336914,0.001407623291015,0.503009259259259,0.5031249999999999,0.00011574074074
773828139244,77382813924,4,0,1375493313,1.0,"""[0.00017833709716700002",0.000222206115722,0.00024127960205000003,0.000260353088378,0.000274658203125,0.000288963317871,0.00030231475830000003,0.000321388244628,0.00034427642822200004,0.000389099121093," 0.016021728515625]""",0.016021728515625,0.00045585632324200004,1.437964916229248,0.0048651802353560005,0.0038146972656250004,8.583068847656251e-05,0.0016250610351560002,0.001590728759765,0.5069444444444441,0.507060185185185,0.00011574074074
773828139244,77382813924,4,0,1375493313,1.0,"""[0.00020885467529200002",0.000247955322265,0.00027084350585900003,0.00028324127197200004,0.000296592712402,0.000309944152832,0.000328063964843,0.00034523010253900005,0.00037670135498000005,0.000506401062011," 0.014572143554687]""",0.01458740234375,0.000432014465332,3.597221851348877,0.014742732048034002,0.0038146972656250004,8.487701416015626e-05,0.001399993896484,0.001399993896484,0.503356481481481,0.503472222222222,0.00011574074074
773828139244,77382813924,4,0,1375493313,1.0,"""[0.00015926361083900002",0.0001802444458,0.00018978118896400002,0.00019931793212800002,0.00020885467529200002,0.00021839141845700002,0.00023078918457,0.000244140625,0.000257492065429,0.00029468536376900005," 0.012054443359375002]""",0.012054443359375002,0.00032520294189400005,2.830720424652099,0.012106025591492,0.0038146972656250004,8.583068847656251e-05,0.001596450805664,0.00157356262207,0.5053240740740741,0.505439814814814,0.00011574074074
773828139244,77382813924,4,0,1375493313,1.0,"""[0.00023555755615200003",0.000268936157226,0.000287055969238,0.00030422210693300004,0.00032329559326100003,0.00034332275390600004,0.000371932983398,0.000412940979003,0.000482559204101,0.0005874633789060001," 0.01922607421875]""",0.01934814453125,0.000499725341796,3.4177181720733643,0.014570952393114001,0.0038146972656250004,8.487701416015626e-05,0.001420974731445,0.001415252685546,0.501504629629629,0.50162037037037,0.00011574074074
773828139244,77382813924,4,0,1375493313,1.0,"""[0.00022411346435500002",0.000274658203125,0.00029182434082000003,0.000308990478515,0.00032615661621000004,0.00034332275390600004,0.00036811828613200005,0.000403404235839,0.00045967102050700005,0.0005521774291990001," 0.017669677734375]""",0.017578125,0.00049877166748,3.5793814659118652,0.015262166969478002,0.0038146972656250004,8.487701416015626e-05,0.001604080200195,0.0015640258789060002,0.503587962962962,0.503703703703703,0.00011574074074
773828139244,77382813924,4,0,1375493313,1.0,"""[0.00022411346435500002",0.000250816345214,0.00027084350585900003,0.000285148620605,0.000299453735351,0.00031471252441400005,0.00033187866210900003,0.000348091125488,0.00037765502929600005,0.00043773651123000005," 0.021392822265625]""",0.021392822265625,0.00047016143798800006,3.6042134761810303,0.014435031451284,0.0038146972656250004,8.487701416015626e-05,0.001605987548828,0.001577377319335,0.5001157407407401,0.500231481481481,0.00011574074074
773828139244,77382813924,4,0,1375493313,1.0,"""[0.00019836425781200002",0.00025177001953100004,0.00027179718017500003,0.00028324127197200004,0.00029468536376900005,0.000306129455566,0.000321388244628,0.000336647033691,0.00035285949707000003,0.00039482116699200004," 0.021087646484375]""",0.021026611328125,0.000516891479492,3.280110120773315,0.013120817951858,0.0038146972656250004,8.487701416015626e-05,0.0015182495117180002,0.0015106201171870002,0.502083333333333,0.502199074074074,0.00011574074074
773828139244,77382813924,4,0,1375493313,1.0,"""[0.00020217895507800002",0.000268936157226,0.00028610229492100005,0.00030326843261700004,0.000320434570312,0.00033760070800700005,0.00035476684570300005,0.00037765502929600005,0.000409126281738,0.00051212310791," 0.015411376953125002]""",0.015411376953125002,0.00045585632324200004,3.5994784832000732,0.015886653214693,0.0038146972656250004,8.487701416015626e-05,0.001415252685546,0.0014114379882810002,0.502893518518518,0.503009259259259,0.00011574074074
773828139244,77382813924,4,0,1375493313,1.0,"""[0.00021076202392500003",0.00024318695068300001,0.000267028808593,0.000280380249023,0.00029373168945300005,0.000306129455566,0.000328063964843,0.000350952148437,0.00041961669921800006,0.0005149841308590001," 0.018280029296875]""",0.018310546875,0.0005264282226560001,3.191088199615478,0.013807504437863001,0.0038146972656250004,8.583068847656251e-05,0.001544952392578,0.001522064208984,0.508912037037037,0.5090277777777771,0.00011574074074
773828139244,77382813924,4,0,1375493313,1.0,"""[0.00019454956054600002",0.00022888183593700002,0.00024223327636700001,0.000256538391113,0.000269889831542,0.00028228759765600004,0.00029373168945300005,0.000306129455566,0.000329971313476,0.000370025634765," 0.0142822265625]""",0.014297485351562,0.00043582916259700004,3.440247058868408,0.014373859390616,0.0038146972656250004,8.487701416015626e-05,0.00142478942871,0.001422882080078,0.501157407407407,0.501273148148148,0.00011574074074
773828139244,77382813924,4,0,1375493313,1.0,"""[0.00020313262939400002",0.00023078918457,0.000244140625,0.000256538391113,0.000268936157226,0.000279426574707,0.000290870666503,0.00030231475830000003,0.00032234191894500003,0.000361442565917," 0.01715087890625]""",0.01715087890625,0.00040817260742100005,3.3194985389709473,0.014393323101103,0.0038146972656250004,8.583068847656251e-05,0.0015087127685540001,0.001506805419921,0.5074074074074071,0.507523148148148,0.00011574074074
773828139244,77382813924,4,0,1375493313,1.0,"""[0.00019454956054600002",0.00022411346435500002,0.00023365020751900002,0.000244140625,0.000253677368164,0.00026321411132800005,0.000276565551757,0.000289916992187,0.00030422210693300004,0.000350952148437," 0.01824951171875]""",0.018218994140625,0.00039863586425700005,3.386802434921264,0.01213564351201,0.0038146972656250004,8.583068847656251e-05,0.001506805419921,0.001504898071289,0.5055555555555551,0.505671296296296,0.00011574074074
773828139244,77382813924,4,0,1375493313,1.0,"""[0.000155448913574",0.000185966491699,0.00019931793212800002,0.00021266937255800001,0.000226020812988,0.00023746490478500002,0.000249862670898,0.00026130676269500003,0.000288009643554,0.00033760070800700005," 0.017578125]""",0.01751708984375,0.00040626525878900005,3.667844772338867,0.014472398906946002,0.0038146972656250004,8.487701416015626e-05,0.001537322998046,0.00152587890625,0.500231481481481,0.500347222222222,0.00011574074074
773828139244,77382813924,4,0,1375493313,1.0,"""[0.00016307830810500002",0.000205039978027,0.00022983551025300002,0.000247001647949,0.00026512145996000004,0.000280380249023,0.000296592712402,0.000317573547363,0.000351905822753,0.000442504882812," 0.014602661132812]""",0.014633178710937,0.000440597534179,3.208416938781738,0.013930534012615,0.0038146972656250004,8.487701416015626e-05,0.0014343261718750002,0.0014324188232420001,0.504513888888888,0.504629629629629,0.00011574074074
773828139244,77382813924,4,0,1375493313,1.0,"""[0.00015830993652300002",0.00019454956054600002,0.00021362304687500003,0.00023460388183500002,0.000255584716796,0.000276565551757,0.00029563903808500004,0.00032234191894500003,0.0003662109375,0.00046634674072200004," 0.007553100585937]""",0.014480590820312,0.00038337707519500003,3.208416938781738,0.013930534012615,0.0038146972656250004,8.487701416015626e-05,0.0014324188232420001,0.001430511474609,0.504629629629629,0.50474537037037,0.00011574074074
773828139244,77382813924,4,0,1375493313,1.0,"""[0.00015830993652300002",0.000185966491699,0.000196456909179,0.00020694732666000002,0.00021839141845700002,0.00022983551025300002,0.00024223327636700001,0.00025463104248,0.00027084350585900003,0.00031471252441400005," 0.012710571289062]""",0.012725830078125002,0.000359535217285,1.37893545627594,0.004641716834157,0.0038146972656250004,8.487701416015626e-05,0.001430511474609,0.001428604125976,0.50474537037037,0.5048611111111111,0.00011574074074
773828139244,77382813924,4,0,1375493313,1.0,"""[0.00021457672119100003",0.00024318695068300001,0.00026512145996000004,0.000275611877441,0.000287055969238,0.000297546386718,0.000308990478515,0.00033473968505800004,0.00037765502929600005,0.000506401062011," 0.017364501953125]""",0.017303466796875,0.000443458557128,3.281367778778076,0.014698006212711001,0.0038146972656250004,8.583068847656251e-05,0.0015106201171870002,0.0015010833740230001,0.5092592592592591,0.509375,0.00011574074074
773828139244,77382813924,4,0,1375493313,1.0,"""[0.00018978118896400002",0.00022792816162100002,0.000248908996582,0.000267028808593,0.000280380249023,0.00029277801513600003,0.00030517578125,0.00032520294189400005,0.00034713745117100005,0.00043582916259700004," 0.014907836914062]""",0.014923095703125002,0.00045871734619100005,3.418604850769043,0.014586938545107002,0.0038146972656250004,8.487701416015626e-05,0.0014190673828120002,0.0014171600341790001,0.50162037037037,0.501736111111111,0.00011574074074
773828139244,77382813924,4,0,1375493313,1.0,"""[0.000205993652343",0.000231742858886,0.000250816345214,0.000267028808593,0.000276565551757,0.000287055969238,0.000296592712402,0.000306129455566,0.00033283233642500003,0.00038433074951100003," 0.016937255859375]""",0.01702880859375,0.00045680999755800004,3.375109195709228,0.014796616509556002,0.0038146972656250004,8.487701416015626e-05,0.00162124633789,0.0015697479248040001,0.501736111111111,0.501851851851851,0.00011574074074
773828139244,77382813924,4,0,1375493313,1.0,"""[0.00022888183593700002",0.000285148620605,0.000310897827148,0.00032615661621000004,0.000340461730957,0.00035667419433500004,0.000378608703613,0.000410079956054,0.0004959106445310001,0.0005884170532220001," 0.0234375]""",0.023590087890625003,0.000605583190917,3.795654773712158,0.016203951090574,0.0038146972656250004,8.487701416015626e-05,0.0015106201171870002,0.001506805419921,0.503703703703703,0.503819444444444,0.00011574074074
773828139244,77382813924,4,0,1375493313,1.0,"""[0.00016307830810500002",0.00021076202392500003,0.00022792816162100002,0.00023937225341700002,0.000249862670898,0.000260353088378,0.000274658203125,0.000290870666503,0.000307083129882,0.00036525726318300004," 0.014877319335937]""",0.014892578125,0.000370979309082,2.9489564895629883,0.012927155941724002,0.0038146972656250004,8.583068847656251e-05,0.00142478942871,0.0014190673828120002,0.5078703703703701,0.507986111111111,0.00011574074074
773828139244,77382813924,4,0,1375493313,1.0,"""[0.00018501281738200003",0.000247001647949,0.00027370452880800004,0.00029373168945300005,0.00031375885009700004,0.00033473968505800004,0.000359535217285,0.00039863586425700005,0.00045776367187500005,0.000544548034667," 0.014495849609375002]""",0.01446533203125,0.000506401062011,3.457299709320068,0.014974400401115001,0.0038146972656250004,8.487701416015626e-05,0.001506805419921,0.0014781951904290001,0.504282407407407,0.504398148148148,0.00011574074074
773828139244,77382813924,4,0,1375493313,1.0,"""[0.00015830993652300002",0.00018978118896400002,0.000205993652343,0.00022029876708900002,0.000231742858886,0.00024223327636700001,0.000253677368164,0.00026512145996000004,0.000290870666503,0.00033187866210900003," 0.01239013671875]""",0.012420654296875002,0.000348091125488,3.372294902801513,0.013907168060541,0.0038146972656250004,8.583068847656251e-05,0.0014266967773430002,0.001420974731445,0.5062500000000001,0.50636574074074,0.00011574074074
773828139244,77382813924,4,0,1375493313,1.0,"""[0.00018978118896400002",0.00022888183593700002,0.000244140625,0.000260353088378,0.00027275085449200004,0.000285148620605,0.000296592712402,0.000308990478515,0.00033283233642500003,0.000370025634765," 0.015594482421875002]""",0.015609741210937,0.000443458557128,1.47973620891571,0.005006411578506001,0.0038146972656250004,8.583068847656251e-05,0.001407623291015,0.0014057159423820002,0.508217592592592,0.5083333333333331,0.00011574074074
773828139244,77382813924,4,0,1375493313,1.0,"""[0.00021457672119100003",0.00023555755615200003,0.000253677368164,0.00026798248291,0.00027847290039,0.000288009643554,0.000298500061035,0.000309944152832,0.00033760070800700005,0.00039005279541," 0.011627197265625002]""",0.01666259765625,0.00041389465332000003,3.471636533737182,0.014745746739208001,0.0038146972656250004,8.583068847656251e-05,0.00143814086914,0.001430511474609,0.5064814814814811,0.506597222222222,0.00011574074074
773828139244,77382813924,4,0,1375493313,1.0,"""[0.00014591217041000002",0.00018978118896400002,0.00020694732666000002,0.000222206115722,0.000231742858886,0.00024223327636700001,0.00025177001953100004,0.00026226043701100003,0.000284194946289,0.000308036804199," 0.013137817382812]""",0.013137817382812,0.000370025634765,3.471636533737182,0.014745746739208001,0.0038146972656250004,8.583068847656251e-05,0.0014343261718750002,0.001422882080078,0.506597222222222,0.5067129629629631,0.00011574074074
773828139244,77382813924,4,0,1375493313,1.0,"""[0.00018310546875",0.00021457672119100003,0.000231742858886,0.000245094299316,0.000258445739746,0.00027179718017500003,0.000284194946289,0.000297546386718,0.00031566619873000005,0.0003662109375," 0.0137939453125]""",0.013702392578125002,0.00046634674072200004,2.880324125289917,0.012160591781139,0.0038146972656250004,8.583068847656251e-05,0.0016231536865230001,0.0015716552734370002,0.505208333333333,0.5053240740740741,0.00011574074074
773828139244,77382813924,4,0,1375493313,1.0,"""[0.00020885467529200002",0.000248908996582,0.00027084350585900003,0.00028324127197200004,0.00029563903808500004,0.000308036804199,0.00032424926757800005,0.00033950805664,0.000360488891601,0.000409126281738," 0.014495849609375002]""",0.013992309570312,0.00045776367187500005,3.378769874572753,0.013868584297597,0.0038146972656250004,8.487701416015626e-05,0.001422882080078,0.001420974731445,0.501388888888888,0.501504629629629,0.00011574074074
773828139244,77382813924,4,0,1375493313,1.0,"""[0.000186920166015",0.00022506713867100002,0.00023841857910100002,0.00025272369384700004,0.000266075134277,0.000279426574707,0.00029182434082000003,0.00030517578125,0.000328063964843,0.000361442565917," 0.01312255859375]""",0.013137817382812,0.000381469726562,1.963290929794311,0.0077562816441050005,0.0038146972656250004,8.583068847656251e-05,0.00151252746582,0.0015087127685540001,0.5076388888888881,0.507754629629629,0.00011574074074
773828139244,77382813924,4,0,1375493313,1.0,"""[0.00018978118896400002",0.00021266937255800001,0.00022792816162100002,0.00024127960205000003,0.000253677368164,0.000266075134277,0.000281333923339,0.000296592712402,0.00031566619873000005,0.00035476684570300005," 0.014328002929687]""",0.01434326171875,0.00038528442382800005,3.448833227157592,0.014401053078472002,0.0038146972656250004,8.583068847656251e-05,0.001506805419921,0.001474380493164,0.5060185185185181,0.506134259259259,0.00011574074074
773828139244,77382813924,4,0,1375493313,1.0,"""[0.000191688537597",0.000226020812988,0.00023651123046800003,0.000247001647949,0.000256538391113,0.00026798248291,0.00028228759765600004,0.000296592712402,0.00031471252441400005,0.000350952148437," 0.013671875]""",0.0147705078125,0.00042819976806600005,3.372294902801513,0.013907168060541,0.0038146972656250004,8.583068847656251e-05,0.0014266967773430002,0.00142478942871,0.506134259259259,0.5062500000000001,0.00011574074074
773828139244,77382813924,4,0,1375493313,1.0,"""[0.00018405914306600003",0.000247955322265,0.00027370452880800004,0.000290870666503,0.000307083129882,0.00032424926757800005,0.000341415405273,0.00036525726318300004,0.00041484832763600003,0.000566482543945," 0.018524169921875]""",0.0186767578125,0.00048732757568300004,2.086251735687255,0.006630158983170001,0.0038146972656250004,8.487701416015626e-05,0.001516342163085,0.001506805419921,0.500347222222222,0.500462962962963,0.00011574074074
773828139244,77382813924,4,0,1375493313,1.0,"""[0.000186920166015",0.00023460388183500002,0.00025272369384700004,0.000268936157226,0.000281333923339,0.00029468536376900005,0.000307083129882,0.000330924987792,0.000358581542968,0.00045776367187500005," 0.012802124023437]""",0.0128173828125,0.00039386749267500003,3.208416938781738,0.013930534012615,0.0038146972656250004,8.487701416015626e-05,0.0014362335205070002,0.0014324188232420001,0.504398148148148,0.504513888888888,0.00011574074074
773828139244,77382813924,4,0,1375493313,1.0,"""[0.00018215179443300001",0.000226974487304,0.00024032592773400003,0.00025463104248,0.00026798248291,0.000279426574707,0.000289916992187,0.00030136108398400003,0.000319480895996,0.000349998474121," 0.014938354492187]""",0.01495361328125,0.000433921813964,3.41483187675476,0.014266238547861002,0.0038146972656250004,8.583068847656251e-05,0.0014266967773430002,0.00142478942871,0.50636574074074,0.5064814814814811,0.00011574074074
773828139244,77382813924,4,0,1375493313,1.0,"""[0.000186920166015",0.00022983551025300002,0.000246047973632,0.00026321411132800005,0.000274658203125,0.00028610229492100005,0.000297546386718,0.000310897827148,0.000338554382324,0.00038623809814400005," 0.014816284179687]""",0.01495361328125,0.00039482116699200004,1.916285753250122,0.007189095951616001,0.0038146972656250004,8.583068847656251e-05,0.001428604125976,0.001422882080078,0.5067129629629631,0.506828703703703,0.00011574074074
773828139244,77382813924,4,0,1375493313,1.0,"""[0.000170707702636",0.000201225280761,0.00022411346435500002,0.00023841857910100002,0.00025177001953100004,0.00026512145996000004,0.000281333923339,0.000296592712402,0.000318527221679,0.000359535217285," 0.0145263671875]""",0.0145263671875,0.000369071960449,3.065178871154785,0.012363936752080001,0.0038146972656250004,8.583068847656251e-05,0.001428604125976,0.001428604125976,0.5050925925925921,0.505208333333333,0.00011574074074
773828139244,77382813924,4,0,1375493313,1.0,"""[0.00021934509277300002",0.000247001647949,0.000268936157226,0.000281333923339,0.00029373168945300005,0.000306129455566,0.00032329559326100003,0.000340461730957,0.00037574768066400005,0.00047492980957000003," 0.015838623046875]""",0.015838623046875,0.00046634674072200004,3.350822448730468,0.015541958622634001,0.0038146972656250004,8.583068847656251e-05,0.00149917602539,0.00149917602539,0.509375,0.5094907407407401,0.00011574074074
773828139244,77382813924,4,0,1375493313,1.0,"""[0.00017356872558500002",0.00020313262939400002,0.00022506713867100002,0.00023746490478500002,0.000249862670898,0.00026226043701100003,0.000276565551757,0.00029182434082000003,0.000307083129882,0.000361442565917," 0.016143798828125]""",0.016143798828125,0.00043487548828100004,1.963290929794311,0.0077562816441050005,0.0038146972656250004,8.583068847656251e-05,0.00151252746582,0.0015087127685540001,0.507523148148148,0.5076388888888881,0.00011574074074
773828139244,77382813924,4,0,1375493313,1.0,"""[0.00021076202392500003",0.00027370452880800004,0.00029373168945300005,0.00031375885009700004,0.00033283233642500003,0.00035381317138600003,0.000380516052246,0.00041675567626900005,0.0004920959472650001,0.000562667846679," 0.016693115234375]""",0.01666259765625,0.000499725341796,3.4739761352539062,0.015044344589114002,0.0038146972656250004,8.487701416015626e-05,0.00149917602539,0.0014953613281250002,0.504166666666666,0.504282407407407,0.00011574074074
773828139244,77382813924,4,0,1375493313,1.0,"""[0.00020217895507800002",0.00023460388183500002,0.000253677368164,0.00027370452880800004,0.00029563903808500004,0.000321388244628,0.00035667419433500004,0.00040435791015600004,0.00045108795166,0.000518798828125," 0.01446533203125]""",0.01446533203125,0.00044918060302700006,3.050830602645874,0.013461595401167,0.0038146972656250004,8.583068847656251e-05,0.0014171600341790001,0.001413345336914,0.5081018518518511,0.508217592592592,0.00011574074074
773828139244,77382813924,4,0,1375493313,1.0,"""[0.00016403198242100002",0.00022506713867100002,0.00023937225341700002,0.00025272369384700004,0.000267028808593,0.000281333923339,0.00029563903808500004,0.000310897827148,0.00033760070800700005,0.00039386749267500003," 0.01678466796875]""",0.016815185546875,0.000441551208496,2.145910739898681,0.008150119334459001,0.0038146972656250004,8.583068847656251e-05,0.001428604125976,0.0014266967773430002,0.504976851851851,0.5050925925925921,0.00011574074074
773828139244,77382813924,4,0,1375493313,1.0,"""[0.00017261505126900002",0.000205039978027,0.000226974487304,0.00024127960205000003,0.00025463104248,0.00027084350585900003,0.00029182434082000003,0.00032520294189400005,0.000422477722167,0.000493049621582," 0.018524169921875]""",0.01849365234375,0.000411987304687,3.446552991867065,0.015015105716884001,0.0038146972656250004,8.583068847656251e-05,0.001565933227539,0.00154685974121,0.5071759259259261,0.507291666666666,0.00011574074074
773828139244,77382813924,4,0,1375493313,1.0,"""[0.00017166137695300002",0.00021457672119100003,0.00022792816162100002,0.00023651123046800003,0.000245094299316,0.000253677368164,0.00026226043701100003,0.000277519226074,0.000296592712402,0.00033950805664," 0.016387939453125]""",0.0164794921875,0.00037765502929600005,3.529746532440185,0.014923169277608,0.0038146972656250004,8.583068847656251e-05,0.001506805419921,0.001504898071289,0.5057870370370371,0.505902777777777,0.00011574074074
773828139244,77382813924,4,0,1375493313,1.0,"""[0.000175476074218",0.000221252441406,0.00023651123046800003,0.000250816345214,0.000266075134277,0.00027847290039,0.00029182434082000003,0.00030422210693300004,0.00032901763916,0.00036811828613200005," 0.014541625976562]""",0.014602661132812,0.00041866302490200006,3.050830602645874,0.013461595401167,0.0038146972656250004,8.583068847656251e-05,0.0014171600341790001,0.0014114379882810002,0.507986111111111,0.5081018518518511,0.00011574074074
773828139244,77382813924,4,0,1375493313,1.0,"""[0.00021076202392500003",0.00023746490478500002,0.000257492065429,0.00027179718017500003,0.000284194946289,0.00029563903808500004,0.000307083129882,0.000327110290527,0.00034618377685500005,0.000409126281738," 0.01824951171875]""",0.018096923828125,0.00044441223144500003,1.821799397468566,0.005372931715101,0.0038146972656250004,8.487701416015626e-05,0.001506805419921,0.0015010833740230001,0.500578703703703,0.500694444444444,0.00011574074074
773828139244,77382813924,4,0,1375493313,1.0,"""[0.000200271606445",0.00024223327636700001,0.00026798248291,0.00028228759765600004,0.000297546386718,0.00031375885009700004,0.000336647033691,0.000369071960449,0.00043869018554600005,0.00051212310791," 0.014389038085937]""",0.014389038085937,0.000482559204101,1.442626476287841,0.004806697834283001,0.0038146972656250004,8.583068847656251e-05,0.001415252685546,0.001413345336914,0.508449074074074,0.5085648148148141,0.00011574074074
773828139244,77382813924,4,0,1375493313,1.0,"""[0.00018310546875",0.00021171569824200001,0.000226974487304,0.00023746490478500002,0.000247955322265,0.000257492065429,0.00027084350585900003,0.000288009643554,0.000306129455566,0.00035381317138600003," 0.013656616210937]""",0.013641357421875002,0.00036334991455000003,3.444174766540527,0.014406140893697001,0.0038146972656250004,8.487701416015626e-05,0.001420974731445,0.0014171600341790001,0.501041666666666,0.501157407407407,0.00011574074074
773828139244,77382813924,4,0,1375493313,0.9933333396911621,"""[0.000186920166015",0.00024032592773400003,0.00026321411132800005,0.000274658203125,0.00028610229492100005,0.000297546386718,0.000308036804199,0.000328063964843,0.00034713745117100005,0.00039482116699200004," 0.015655517578125]""",0.015625,0.00041484832763600003,3.378769874572753,0.013868584297597,0.0038146972656250004,8.487701416015626e-05,0.00142478942871,0.001420974731445,0.501273148148148,0.501388888888888,0.00011574074074
773828139244,77382813924,4,0,1375493313,1.0,"""[0.00017738342285100002",0.00021266937255800001,0.000226974487304,0.00023651123046800003,0.000245094299316,0.00025463104248,0.00026321411132800005,0.000279426574707,0.000296592712402,0.000335693359375," 0.01678466796875]""",0.016754150390625,0.00042819976806600005,3.213117361068725,0.012126392684876001,0.0038146972656250004,8.583068847656251e-05,0.001544952392578,0.001514434814453,0.505439814814814,0.5055555555555551,0.00011574074074
773828139244,77382813924,4,0,1375493313,1.0,"""[0.00019454956054600002",0.00022029876708900002,0.00023269653320300002,0.000245094299316,0.000257492065429,0.000269889831542,0.00028228759765600004,0.00029468536376900005,0.000307083129882,0.0003662109375," 0.017059326171875]""",0.017120361328125,0.00046157836914,3.475651502609252,0.013868272304534001,0.0038146972656250004,8.583068847656251e-05,0.001506805419921,0.001504898071289,0.505671296296296,0.5057870370370371,0.00011574074074
773828139244,77382813924,4,0,1375493313,1.0,"""[0.00020313262939400002",0.000244140625,0.000267028808593,0.000279426574707,0.00029182434082000003,0.00030422210693300004,0.000321388244628,0.000340461730957,0.000388145446777,0.000551223754882," 0.01995849609375]""",0.019927978515625,0.000464439392089,3.294713973999023,0.013395213522017,0.0038146972656250004,8.487701416015626e-05,0.001550674438476,0.0015239715576170001,0.501967592592592,0.502083333333333,0.00011574074074
773828139244,77382813924,4,0,1375493313,1.0,"""[0.00022888183593700002",0.000269889831542,0.00028228759765600004,0.00029468536376900005,0.000307083129882,0.000319480895996,0.00033283233642500003,0.00034618377685500005,0.000370025634765,0.00041580200195300005," 0.021148681640625]""",0.02117919921875,0.00047111511230400006,3.322233915328979,0.013695572502911,0.0038146972656250004,8.487701416015626e-05,0.0015029907226560002,0.0015010833740230001,0.502199074074074,0.502314814814814,0.00011574074074
773828139244,77382813924,4,0,1375493313,1.0,"""[0.00017642974853500002",0.00022792816162100002,0.000245094299316,0.00026226043701100003,0.000275611877441,0.000288009643554,0.00030136108398400003,0.000317573547363,0.00033950805664,0.00039386749267500003," 0.012664794921875002]""",0.0126953125,0.000389099121093,1.442626476287841,0.004806697834283001,0.0038146972656250004,8.583068847656251e-05,0.0014095306396480001,0.0014057159423820002,0.5083333333333331,0.508449074074074,0.00011574074074
773828139244,77382813924,4,0,1375493313,1.0,"""[0.00015163421630800001",0.00018501281738200003,0.00019931793212800002,0.00021457672119100003,0.00022888183593700002,0.00024318695068300001,0.000257492065429,0.000277519226074,0.000300407409667,0.000348091125488," 0.013076782226562]""",0.013076782226562,0.00035381317138600003,1.796151638031005,0.006649751216173,0.0038146972656250004,8.583068847656251e-05,0.001415252685546,0.001413345336914,0.5085648148148141,0.508680555555555,0.00011574074074
773828139244,77382813924,4,0,1375493313,1.0,"""[0.00019741058349600002",0.00023365020751900002,0.00025272369384700004,0.000269889831542,0.00028228759765600004,0.00029563903808500004,0.000308990478515,0.00032615661621000004,0.00034427642822200004,0.00038623809814400005," 0.015838623046875]""",0.015838623046875,0.00046825408935500005,3.1790132522583,0.013581895269453002,0.0038146972656250004,8.487701416015626e-05,0.001428604125976,0.001415252685546,0.500925925925925,0.501041666666666,0.00011574074074
773828139244,77382813924,4,0,1375493313,1.0,"""[0.00022315979003900002",0.00027370452880800004,0.000299453735351,0.00032234191894500003,0.00034332275390600004,0.00036716461181600005,0.000391960144042,0.00043678283691400005,0.00053596496582,0.0006008148193350001," 0.018402099609375]""",0.018341064453125,0.0005874633789060001,1.489726185798645,0.0051267440430810005,0.0038146972656250004,8.583068847656251e-05,0.001604080200195,0.001590728759765,0.507060185185185,0.5071759259259261,0.00011574074074
773828139244,77382813924,4,0,1375493313,1.0,"""[0.00018882751464800002",0.00022506713867100002,0.00024127960205000003,0.000256538391113,0.000269889831542,0.00028228759765600004,0.00029373168945300005,0.000306129455566,0.000335693359375,0.00038337707519500003," 0.016937255859375]""",0.016937255859375,0.00046825408935500005,3.446552991867065,0.015015105716884001,0.0038146972656250004,8.583068847656251e-05,0.001543045043945,0.0015106201171870002,0.507291666666666,0.5074074074074071,0.00011574074074
773828139244,77382813924,4,0,1375493313,1.0,"""[0.000179290771484",0.000231742858886,0.000247955322265,0.00026321411132800005,0.000277519226074,0.00029182434082000003,0.000306129455566,0.00033283233642500003,0.00037574768066400005,0.000494003295898," 0.014389038085937]""",0.014389038085937,0.00041770935058500004,3.325735092163085,0.014927196316421,0.0038146972656250004,8.487701416015626e-05,0.001504898071289,0.0014953613281250002,0.502430555555555,0.502546296296296,0.00011574074074
773828139244,77382813924,4,0,1375493313,1.0,"""[0.00023365020751900002",0.000274658203125,0.00029277801513600003,0.000309944152832,0.000327110290527,0.00034427642822200004,0.00036716461181600005,0.00039291381835900003,0.00047588348388600003,0.0005826950073240001," 0.0179443359375]""",0.017974853515625,0.0005407333374020001,3.319391012191772,0.015520759858191001,0.0038146972656250004,8.487701416015626e-05,0.0014877319335930002,0.001455307006835,0.502546296296296,0.502662037037037,0.00011574074074
773828139244,77382813924,4,0,1375493313,1.0,"""[0.00023269653320300002",0.000285148620605,0.000310897827148,0.000328063964843,0.00034427642822200004,0.00036430358886700004,0.00038719177246000004,0.00041484832763600003,0.00045871734619100005,0.0005521774291990001," 0.016815185546875]""",0.01678466796875,0.000494956970214,3.52091360092163,0.015946516767144002,0.0038146972656250004,8.487701416015626e-05,0.00142478942871,0.0014114379882810002,0.502662037037037,0.502777777777777,0.00011574074074
773828139244,77382813924,4,0,1375493313,1.0,"""[0.00018215179443300001",0.00022411346435500002,0.00023746490478500002,0.000249862670898,0.00026321411132800005,0.00027847290039,0.00029373168945300005,0.00031280517578100004,0.000370025634765,0.0004920959472650001," 0.019500732421875]""",0.019500732421875,0.00042915344238200005,3.159880876541137,0.013759362511336,0.0038146972656250004,8.583068847656251e-05,0.0016098022460930002,0.0015850067138670001,0.5087962962962961,0.508912037037037,0.00011574074074
773828139244,77382813924,4,0,1375493313,1.0,"""[0.00022792816162100002",0.000267028808593,0.000280380249023,0.00029373168945300005,0.000308036804199,0.00032901763916,0.000350952148437,0.00041961669921800006,0.000493049621582,0.000555992126464," 0.01837158203125]""",0.01837158203125,0.0005025863647460001,3.210553646087646,0.013837534002959001,0.0038146972656250004,8.583068847656251e-05,0.00152587890625,0.0015182495117180002,0.5090277777777771,0.509143518518518,0.00011574074074
773828139244,77382813924,4,0,1375493313,1.0,"""[0.00019264221191400002",0.00025177001953100004,0.000274658203125,0.000289916992187,0.00030422210693300004,0.00032329559326100003,0.000342369079589,0.00036716461181600005,0.00040435791015600004,0.0005350112915030001," 0.0159912109375]""",0.0159912109375,0.000514030456542,3.6560182571411133,0.014646115712821001,0.0038146972656250004,8.487701416015626e-05,0.0014019012451170001,0.001399993896484,0.50324074074074,0.503356481481481,0.00011574074074
773828139244,77382813924,4,0,1375493313,1.0,"""[0.00021743774414",0.00026130676269500003,0.00027847290039,0.00029468536376900005,0.000309944152832,0.000328063964843,0.00034523010253900005,0.000370979309082,0.00042533874511700004,0.000543594360351," 0.019500732421875]""",0.019500732421875,0.000482559204101,3.673271179199218,0.01571037620306,0.0038146972656250004,8.487701416015626e-05,0.001506805419921,0.0015010833740230001,0.503819444444444,0.503935185185185,0.00011574074074
