UniqJobId,collection_id,instance_index,priority,machine_id,sample_rate,cpu_usage_distribution1,cpu_usage_distribution2,cpu_usage_distribution3,cpu_usage_distribution4,cpu_usage_distribution5,cpu_usage_distribution6,cpu_usage_distribution7,cpu_usage_distribution8,cpu_usage_distribution9,cpu_usage_distribution10,cpu_usage_distribution11,max_cpu,avg_cpu,cycles_per_instruction,memory_accesses_per_instruction,assigned_memory,page_cache_memory,max_memory,avg_memory,start_time,end_time,time_window
795162687313,79516268731,3,0,1375389034,1.0,"""[0.00021076202392500003",0.00022888183593700002,0.00023937225341700002,0.000249862670898,0.000259399414062,0.00027084350585900003,0.000281333923339,0.00029277801513600003,0.00030326843261700004,0.000349998474121," 0.0028381347656250004]""",0.0028381347656250004,0.00030517578125,4.071293830871582,0.015911627560853,0.001125335693359,0.00031661987304600005,0.00047016143798800006,0.00046730041503900005,0.506597222222222,0.5067129629629631,0.00011574074074
795162687313,79516268731,3,0,1375389034,1.0,"""[0.000174522399902",0.00019359588623000002,0.00021171569824200001,0.00022506713867100002,0.00023365020751900002,0.00024223327636700001,0.000250816345214,0.000259399414062,0.000279426574707,0.00035476684570300005," 0.00120735168457]""",0.001211166381835,0.000266075134277,2.882518053054809,0.013995323330163002,0.001125335693359,0.00031566619873000005,0.00036716461181600005,0.000361442565917,0.503703703703703,0.503819444444444,0.00011574074074
795162687313,79516268731,3,0,1375389034,1.0,"""[0.000195503234863",0.00022506713867100002,0.00023555755615200003,0.000246047973632,0.000256538391113,0.000267028808593,0.000280380249023,0.00029277801513600003,0.00030517578125,0.00034713745117100005," 0.00290298461914]""",0.00290298461914,0.000299453735351,2.882518053054809,0.013995323330163002,0.001125335693359,0.00031566619873000005,0.00037670135498000005,0.000371932983398,0.503819444444444,0.503935185185185,0.00011574074074
795162687313,79516268731,3,0,1375389034,1.0,"""[0",0.0,0.0,0.0,0.0,9.5367431640625e-07,9.5367431640625e-07,9.5367431640625e-07,9.5367431640625e-07,9.5367431640625e-07," 9.5367431640625e-07]""",0.0,0.0,3.944961309432983,0.016243191435933002,0.001125335693359,0.000298500061035,5.054473876953126e-05,4.673004150390626e-05,0.5068993055555551,0.5069023919753081,3.0864197530864187e-06
795162687313,79516268731,3,0,1375389034,1.0,"""[0",0.0,0.0,0.0,0.0,0.0,0.0,0.0,0.0,0.0," 0]""",0.0030212402343750004,0.0015106201171870002,3.944961309432983,0.016243191435933002,0.001125335693359,0.000327110290527,0.000317573547363,0.000317573547363,0.506898533950617,0.5068993055555551,7.716049382716048e-07
795162687313,79516268731,3,0,1375389034,1.0,"""[0.000201225280761",0.00022506713867100002,0.00023269653320300002,0.00024032592773400003,0.000247955322265,0.000255584716796,0.00026321411132800005,0.000277519226074,0.00029373168945300005,0.00032520294189400005," 0.002368927001953]""",0.002372741699218,0.000288009643554,4.073678016662597,0.015222181566059001,0.001125335693359,0.00031661987304600005,0.00045680999755800004,0.00045108795166,0.505902777777777,0.5060185185185181,0.00011574074074
795162687313,79516268731,3,0,1375389034,0.996666669845581,"""[0.00021266937255800001",0.00022983551025300002,0.00024127960205000003,0.00025272369384700004,0.00026321411132800005,0.00027370452880800004,0.00028324127197200004,0.00029277801513600003,0.00030231475830000003,0.00034523010253900005," 0.001003265380859]""",0.0019950866699210003,0.000299453735351,4.073678016662597,0.015222181566059001,0.001125335693359,0.00031661987304600005,0.00045776367187500005,0.00045680999755800004,0.5060185185185181,0.506134259259259,0.00011574074074
795162687313,79516268731,3,0,1375389034,1.0,"""[0.00016689300537100002",0.000195503234863,0.00021553039550700003,0.000226974487304,0.00023555755615200003,0.000244140625,0.000253677368164,0.00026226043701100003,0.00028324127197200004,0.000310897827148," 0.0011520385742180002]""",0.0011520385742180002,0.000266075134277,3.290110349655151,0.012795086018741,0.001125335693359,0.00031661987304600005,0.00039577484130800004,0.000391960144042,0.504166666666666,0.504282407407407,0.00011574074074
795162687313,79516268731,3,0,1375389034,1.0,"""[0.00019454956054600002",0.000226974487304,0.00023555755615200003,0.000245094299316,0.000253677368164,0.00026226043701100003,0.00027370452880800004,0.00028610229492100005,0.000298500061035,0.00033283233642500003," 0.000988006591796]""",0.000986099243164,0.000288963317871,4.114176273345947,0.015799082815647,0.001125335693359,0.00031661987304600005,0.00046730041503900005,0.00046539306640600004,0.5064814814814811,0.506597222222222,0.00011574074074
795162687313,79516268731,3,0,1375389034,1.0,"""[0.00021934509277300002",0.00023555755615200003,0.00025177001953100004,0.000266075134277,0.000274658203125,0.000284194946289,0.00029277801513600003,0.00030231475830000003,0.000319480895996,0.000388145446777," 0.0010509490966790001]""",0.001049041748046,0.000307083129882,3.944961309432983,0.016243191435933002,0.001125335693359,0.00031661987304600005,0.000472068786621,0.00046920776367100005,0.5067129629629631,0.506828703703703,0.00011574074074
795162687313,79516268731,3,0,1375389034,1.0,"""[0.00021266937255800001",0.00022888183593700002,0.00023841857910100002,0.000248908996582,0.000258445739746,0.000268936157226,0.000279426574707,0.000289916992187,0.000300407409667,0.000330924987792," 0.00139045715332]""",0.00139045715332,0.000297546386718,3.722097396850585,0.014671505428850002,0.001125335693359,0.00031661987304600005,0.000443458557128,0.000441551208496,0.5055555555555551,0.505671296296296,0.00011574074074
795162687313,79516268731,3,0,1375389034,1.0,"""[0.00018978118896400002",0.000205993652343,0.000221252441406,0.00022792816162100002,0.00023555755615200003,0.00024223327636700001,0.000248908996582,0.000256538391113,0.00026321411132800005,0.000297546386718," 0.0007715225219720001]""",0.0007772445678710001,0.000259399414062,3.252495527267456,0.013538243249058002,0.001125335693359,0.00031661987304600005,0.00045585632324200004,0.00042343139648400003,0.504398148148148,0.504513888888888,0.00011574074074
795162687313,79516268731,3,0,1375389034,1.0,"""[0.000205039978027",0.00023078918457,0.00024223327636700001,0.000253677368164,0.00026512145996000004,0.000274658203125,0.000285148620605,0.00029563903808500004,0.000306129455566,0.00035381317138600003," 0.0029449462890620004]""",0.002948760986328,0.000309944152832,3.259208679199218,0.013946490362286,0.001125335693359,0.00031661987304600005,0.00043869018554600005,0.000433921813964,0.505208333333333,0.5053240740740741,0.00011574074074
795162687313,79516268731,3,0,1375389034,1.0,"""[0.000205993652343",0.000226974487304,0.00023651123046800003,0.000246047973632,0.000256538391113,0.000267028808593,0.00027847290039,0.000290870666503,0.00030231475830000003,0.000348091125488," 0.001705169677734]""",0.001705169677734,0.000298500061035,3.83825659751892,0.014242456294596001,0.001125335693359,0.00031661987304600005,0.00042819976806600005,0.00042438507080000003,0.5048611111111111,0.504976851851851,0.00011574074074
795162687313,79516268731,3,0,1375389034,1.0,"""[0.00017738342285100002",0.00020408630371000002,0.00022315979003900002,0.00023078918457,0.00023746490478500002,0.000245094299316,0.00025272369384700004,0.000259399414062,0.000274658203125,0.00030231475830000003," 0.002647399902343]""",0.002647399902343,0.00027179718017500003,3.251342296600341,0.013561029918491,0.001125335693359,0.00031661987304600005,0.000442504882812,0.00043678283691400005,0.504513888888888,0.504629629629629,0.00011574074074
795162687313,79516268731,3,0,1375389034,1.0,"""[0.00019454956054600002",0.00022506713867100002,0.00023460388183500002,0.00024318695068300001,0.00025272369384700004,0.00026226043701100003,0.000274658203125,0.000288963317871,0.00030231475830000003,0.000348091125488," 0.0012283325195310002]""",0.001001358032226,0.000288009643554,3.259208679199218,0.013946490362286,0.001125335693359,0.00031661987304600005,0.000439643859863,0.00043773651123000005,0.5053240740740741,0.505439814814814,0.00011574074074
795162687313,79516268731,3,0,1375389034,1.0,"""[0.00016212463378900002",0.00022315979003900002,0.00023937225341700002,0.000256538391113,0.00027179718017500003,0.000285148620605,0.000299453735351,0.00032424926757800005,0.00038623809814400005,0.000609397888183," 0.007621765136718001]""",0.007637023925781,0.00046539306640600004,0.0,0.0,0.001125335693359,0.00030326843261700004,0.0006313323974600001,0.000555992126464,0.503512731481481,0.503587962962962,7.523148148148149e-05
795162687313,79516268731,3,0,1375389034,1.0,"""[0.00032329559326100003",0.00032329559326100003,0.00032329559326100003,0.00032329559326100003,0.00040531158447200004,0.00041866302490200006,0.000431060791015,0.002689361572265,0.002689361572265,0.002689361572265," 0.002689361572265]""",0.000410079956054,0.00033378601074200004,3.944961309432983,0.016243191435933002,0.001125335693359,0.00032234191894500003,0.00047779083251900005,0.00047779083251900005,0.5068977623456791,0.506898533950617,7.716049382716048e-07
795162687313,79516268731,3,0,1375389034,1.0,"""[0.00021839141845700002",0.00023078918457,0.00024127960205000003,0.00025272369384700004,0.00026416778564400005,0.000274658203125,0.000285148620605,0.00029563903808500004,0.000306129455566,0.00035476684570300005," 0.0027313232421870004]""",0.0027313232421870004,0.000308036804199,4.114176273345947,0.015799082815647,0.001125335693359,0.00031661987304600005,0.000499725341796,0.00047683715820300005,0.5062500000000001,0.50636574074074,0.00011574074074
795162687313,79516268731,3,0,1375389034,1.0,"""[0.00020980834960900003",0.000226020812988,0.00023460388183500002,0.000244140625,0.00025272369384700004,0.00026226043701100003,0.000274658203125,0.000288009643554,0.00030136108398400003,0.000348091125488," 0.0027580261230460003]""",0.002784729003906,0.00029277801513600003,4.114176273345947,0.015799082815647,0.001125335693359,0.00031661987304600005,0.00046634674072200004,0.000462532043457,0.50636574074074,0.5064814814814811,0.00011574074074
795162687313,79516268731,3,0,1375389034,1.0,"""[0.000186920166015",0.00021934509277300002,0.00022792816162100002,0.00023651123046800003,0.000244140625,0.00025272369384700004,0.000260353088378,0.000274658203125,0.00029277801513600003,0.00032615661621000004," 0.002857208251953]""",0.002861022949218,0.000287055969238,3.755929946899414,0.014146871864795001,0.001125335693359,0.00031661987304600005,0.00042533874511700004,0.00041675567626900005,0.50474537037037,0.5048611111111111,0.00011574074074
795162687313,79516268731,3,0,1375389034,1.0,"""[0.000201225280761",0.00022983551025300002,0.00024032592773400003,0.00025177001953100004,0.00026226043701100003,0.00027275085449200004,0.00028228759765600004,0.00029277801513600003,0.00030231475830000003,0.000336647033691," 0.00265884399414]""",0.002655029296875,0.00030136108398400003,3.259208679199218,0.013946490362286,0.001125335693359,0.00031661987304600005,0.000443458557128,0.000439643859863,0.505439814814814,0.5055555555555551,0.00011574074074
795162687313,79516268731,3,0,1375389034,1.0,"""[0.000186920166015",0.00021266937255800001,0.000226974487304,0.00023555755615200003,0.000245094299316,0.000253677368164,0.00026226043701100003,0.000279426574707,0.000298500061035,0.00034713745117100005," 0.0029602050781250004]""",0.00296401977539,0.000284194946289,2.8825182914733882,0.013995322398841001,0.001125335693359,0.00031566619873000005,0.000412940979003,0.000361442565917,0.503587962962962,0.503703703703703,0.00011574074074
795162687313,79516268731,3,0,1375389034,1.0,"""[0.000201225280761",0.00022506713867100002,0.00023460388183500002,0.000244140625,0.000253677368164,0.00026321411132800005,0.000275611877441,0.000287055969238,0.000299453735351,0.00033187866210900003," 0.0035400390625]""",0.003547668457031,0.000298500061035,4.073678016662597,0.015222181566059001,0.001125335693359,0.00031661987304600005,0.00045013427734300006,0.00044536590576100003,0.505671296296296,0.5057870370370371,0.00011574074074
795162687313,79516268731,3,0,1375389034,1.0,"""[0.00019931793212800002",0.00021839141845700002,0.00022792816162100002,0.00023651123046800003,0.000245094299316,0.000253677368164,0.00026226043701100003,0.000276565551757,0.00029373168945300005,0.000321388244628," 0.0008363723754880001]""",0.003089904785156,0.000280380249023,2.925447225570678,0.013868910260498002,0.001125335693359,0.00031566619873000005,0.000381469726562,0.00037765502929600005,0.503935185185185,0.504050925925925,0.00011574074074
795162687313,79516268731,3,0,1375389034,1.0,"""[0.000191688537597",0.00022315979003900002,0.00023365020751900002,0.000245094299316,0.000255584716796,0.000267028808593,0.000280380249023,0.00029277801513600003,0.000306129455566,0.000348091125488," 0.003101348876953]""",0.0031089782714840003,0.000298500061035,3.290110349655151,0.012795086018741,0.001125335693359,0.00031661987304600005,0.00038719177246000004,0.000382423400878,0.504050925925925,0.504166666666666,0.00011574074074
795162687313,79516268731,3,0,1375389034,1.0,"""[0.000216484069824",0.00022983551025300002,0.00024032592773400003,0.000250816345214,0.00026130676269500003,0.00027179718017500003,0.00028228759765600004,0.00029373168945300005,0.00030422210693300004,0.00034427642822200004," 0.0019474029541010002]""",0.001949310302734,0.00030231475830000003,4.089359760284423,0.015445570461452,0.001125335693359,0.00031661987304600005,0.00045967102050700005,0.00045585632324200004,0.506134259259259,0.5062500000000001,0.00011574074074
795162687313,79516268731,3,0,1375389034,1.0,"""[0.0001802444458",0.00021171569824200001,0.00022506713867100002,0.00023269653320300002,0.00024032592773400003,0.000247955322265,0.00025463104248,0.00026226043701100003,0.000281333923339,0.00030422210693300004," 0.0019397735595700002]""",0.0019397735595700002,0.00026798248291,3.290110349655151,0.012795086018741,0.001125335693359,0.00031661987304600005,0.00045585632324200004,0.000411987304687,0.504282407407407,0.504398148148148,0.00011574074074
795162687313,79516268731,3,0,1375389034,1.0,"""[0.000196456909179",0.00022983551025300002,0.00024127960205000003,0.00025272369384700004,0.00026416778564400005,0.000274658203125,0.000285148620605,0.000296592712402,0.000307083129882,0.000350952148437," 0.0026817321777340003]""",0.0026817321777340003,0.000307083129882,3.83825659751892,0.014242456294596001,0.001125335693359,0.00031661987304600005,0.00042533874511700004,0.00042343139648400003,0.504976851851851,0.5050925925925921,0.00011574074074
795162687313,79516268731,3,0,1375389034,1.0,"""[0.00020980834960900003",0.000226020812988,0.00023555755615200003,0.000244140625,0.000253677368164,0.00026226043701100003,0.000274658203125,0.000287055969238,0.000299453735351,0.00033378601074200004," 0.000883102416992]""",0.000986099243164,0.000287055969238,3.411460161209106,0.014024309813976002,0.001125335693359,0.00031661987304600005,0.00042915344238200005,0.00042629241943300004,0.5050925925925921,0.505208333333333,0.00011574074074
