UniqJobId,collection_id,instance_index,priority,machine_id,sample_rate,cpu_usage_distribution1,cpu_usage_distribution2,cpu_usage_distribution3,cpu_usage_distribution4,cpu_usage_distribution5,cpu_usage_distribution6,cpu_usage_distribution7,cpu_usage_distribution8,cpu_usage_distribution9,cpu_usage_distribution10,cpu_usage_distribution11,max_cpu,avg_cpu,cycles_per_instruction,memory_accesses_per_instruction,assigned_memory,page_cache_memory,max_memory,avg_memory,start_time,end_time,time_window
816343306650,81634330665,0,0,1574977998,1.0,"""[0.000154495239257",0.00016784667968700002,0.000179290771484,0.000186920166015,0.000195503234863,0.00020313262939400002,0.00021076202392500003,0.00021839141845700002,0.000256538391113,0.00037765502929600005," 0.0010356903076170001]""",0.0011653900146480001,0.000249862670898,3.65504240989685,0.012238758616149,0.0029754638671870004,0.000255584716796,0.000952720642089,0.0009384155273430001,0.504050925925925,0.504166666666666,0.00011574074074
816343306650,81634330665,0,0,1574977998,1.0,"""[0.000170707702636",0.00018119812011700001,0.00018787384033200002,0.00019454956054600002,0.000201225280761,0.00020790100097600002,0.00021457672119100003,0.00022506713867100002,0.000258445739746,0.00039577484130800004," 0.0014877319335930002]""",0.0014801025390620002,0.000257492065429,3.050838470458984,0.010419659316539001,0.0029754638671870004,0.000255584716796,0.0009412765502920001,0.0009307861328120001,0.5060185185185181,0.506134259259259,0.00011574074074
816343306650,81634330665,0,0,1574977998,1.0,"""[0.000149726867675",0.000161170959472,0.00017261505126900002,0.00018215179443300001,0.000191688537597,0.000200271606445,0.00020885467529200002,0.00021743774414,0.00025177001953100004,0.00038528442382800005," 0.005096435546875]""",0.005096435546875,0.000257492065429,4.9018073081970215,0.018302537500858,0.0029754638671870004,0.000255584716796,0.00099754333496,0.0009288787841790001,0.500347222222222,0.500462962962963,0.00011574074074
816343306650,81634330665,0,0,1574977998,1.0,"""[0.00014114379882800002",0.000149726867675,0.00015926361083900002,0.00016784667968700002,0.00017642974853500002,0.00018882751464800002,0.000200271606445,0.00021171569824200001,0.00024318695068300001,0.000336647033691," 0.005584716796875001]""",0.005599975585937,0.000244140625,4.396448135375976,0.014831126667559001,0.0029754638671870004,0.000255584716796,0.00099754333496,0.00092601776123,0.504398148148148,0.504513888888888,0.00011574074074
816343306650,81634330665,0,0,1574977998,1.0,"""[0.00016880035400300002",0.00017833709716700002,0.00018501281738200003,0.000191688537597,0.00019931793212800002,0.000205993652343,0.00021266937255800001,0.00021934509277300002,0.00025272369384700004,0.000391006469726," 0.004425048828125]""",0.004440307617187,0.00027370452880800004,4.959885597229003,0.018140777945518,0.0029754638671870004,0.000255584716796,0.00099754333496,0.0009231567382810001,0.5064814814814811,0.506597222222222,0.00011574074074
816343306650,81634330665,0,0,1574977998,1.0,"""[0.00015640258789",0.000170707702636,0.0001802444458,0.00018787384033200002,0.000195503234863,0.00020313262939400002,0.00021076202392500003,0.00021839141845700002,0.000250816345214,0.00037765502929600005," 0.00140380859375]""",0.001384735107421,0.000244140625,4.883058547973632,0.018980449065566,0.0029754638671870004,0.000255584716796,0.0009403228759760001,0.0009298324584960001,0.500810185185185,0.500925925925925,0.00011574074074
816343306650,81634330665,0,0,1574977998,1.0,"""[0.000161170959472",0.00017642974853500002,0.00018310546875,0.00018978118896400002,0.000196456909179,0.00020313262939400002,0.00020980834960900003,0.000216484069824,0.000249862670898,0.000422477722167," 0.0035667419433590003]""",0.0035552978515620004,0.000267028808593,4.426724910736084,0.014889864251017002,0.0029754638671870004,0.000255584716796,0.0009994506835930002,0.000926971435546,0.50474537037037,0.5048611111111111,0.00011574074074
816343306650,81634330665,0,0,1574977998,0.990000009536743,"""[0.00015926361083900002",0.00017833709716700002,0.000185966491699,0.00019264221191400002,0.000200271606445,0.00020790100097600002,0.00021553039550700003,0.00022983551025300002,0.000259399414062,0.00037670135498000005," 0.0011577606201170001]""",0.0024871826171870004,0.000248908996582,3.588413953781127,0.0106145972386,0.0029754638671870004,0.000255584716796,0.000950813293457,0.0009374618530270001,0.502893518518518,0.503009259259259,0.00011574074074
816343306650,81634330665,0,0,1574977998,1.0,"""[0.000161170959472",0.000174522399902,0.00018215179443300001,0.00018978118896400002,0.000196456909179,0.00020313262939400002,0.00021076202392500003,0.00021743774414,0.00025272369384700004,0.00038337707519500003," 0.0010662078857420001]""",0.001102447509765,0.00024318695068300001,4.832461833953857,0.015677001327276,0.0029754638671870004,0.000255584716796,0.0009422302246090001,0.0009317398071280001,0.5048611111111111,0.504976851851851,0.00011574074074
816343306650,81634330665,0,0,1574977998,1.0,"""[0.00014305114746000002",0.00015068054199200001,0.00015926361083900002,0.00016784667968700002,0.00017642974853500002,0.000186920166015,0.00019741058349600002,0.00020885467529200002,0.00021934509277300002,0.000358581542968," 0.0013656616210930002]""",0.001384735107421,0.00022888183593700002,3.798779726028442,0.013579992577433002,0.0029754638671870004,0.000255584716796,0.000952720642089,0.0009374618530270001,0.501157407407407,0.501273148148148,0.00011574074074
816343306650,81634330665,0,0,1574977998,1.0,"""[0.000154495239257",0.00016689300537100002,0.00017833709716700002,0.000185966491699,0.00019359588623000002,0.000201225280761,0.00020885467529200002,0.000216484069824,0.000248908996582,0.000370025634765," 0.006156921386718001]""",0.006172180175781,0.000260353088378,4.561800479888916,0.016551535576581,0.0029754638671870004,0.000255584716796,0.001028060913085,0.000951766967773,0.505671296296296,0.5057870370370371,0.00011574074074
816343306650,81634330665,0,0,1574977998,1.0,"""[0.00016784667968700002",0.0001802444458,0.000186920166015,0.00019454956054600002,0.000201225280761,0.00020790100097600002,0.00021457672119100003,0.000226974487304,0.000255584716796,0.00038623809814400005," 0.0014419555664060002]""",0.0014476776123040001,0.000259399414062,3.520676136016845,0.014872655272483002,0.0029754638671870004,0.000255584716796,0.000951766967773,0.0009374618530270001,0.501967592592592,0.502083333333333,0.00011574074074
816343306650,81634330665,0,0,1574977998,1.0,"""[0.00015830993652300002",0.00017356872558500002,0.00018215179443300001,0.00018978118896400002,0.000196456909179,0.00020408630371000002,0.00021171569824200001,0.00021839141845700002,0.00025177001953100004,0.000402450561523," 0.005859375]""",0.005851745605468001,0.00026512145996000004,3.050838470458984,0.010419659316539001,0.0029754638671870004,0.000255584716796,0.0009994506835930002,0.000925064086914,0.505902777777777,0.5060185185185181,0.00011574074074
816343306650,81634330665,0,0,1574977998,1.0,"""[0.00015068054199200001",0.00015830993652300002,0.000165939331054,0.000174522399902,0.00018405914306600003,0.00019454956054600002,0.000205039978027,0.00021553039550700003,0.00025272369384700004,0.000370979309082," 0.004180908203125]""",0.004188537597656,0.000249862670898,4.396448135375976,0.014831126667559001,0.0029754638671870004,0.000255584716796,0.001026153564453,0.000950813293457,0.504513888888888,0.504629629629629,0.00011574074074
816343306650,81634330665,0,0,1574977998,1.0,"""[0.00015926361083900002",0.00017166137695300002,0.0001802444458,0.00018787384033200002,0.00019454956054600002,0.00020217895507800002,0.00020885467529200002,0.000216484069824,0.000244140625,0.000351905822753," 0.001031875610351]""",0.001007080078125,0.00023937225341700002,4.830529689788818,0.017689572647213003,0.0029754638671870004,0.000255584716796,0.000950813293457,0.0009403228759760001,0.508449074074074,0.5085648148148141,0.00011574074074
816343306650,81634330665,0,0,1574977998,1.0,"""[0.000161170959472",0.00018215179443300001,0.00018882751464800002,0.000195503234863,0.00020217895507800002,0.00020980834960900003,0.000216484069824,0.00023269653320300002,0.000260353088378,0.000409126281738," 0.006088256835937]""",0.006072998046875001,0.00028324127197200004,4.795740604400634,0.017610926181077003,0.0029754638671870004,0.000255584716796,0.0009994506835930002,0.000925064086914,0.5085648148148141,0.508680555555555,0.00011574074074
816343306650,81634330665,0,0,1574977998,1.0,"""[0.000155448913574",0.000170707702636,0.00018119812011700001,0.00018882751464800002,0.000196456909179,0.00020408630371000002,0.00021171569824200001,0.00021934509277300002,0.000253677368164,0.000389099121093," 0.00154685974121]""",0.001543045043945,0.000247955322265,3.162585258483886,0.012089403346180002,0.0029754638671870004,0.000255584716796,0.000944137573242,0.0009317398071280001,0.50162037037037,0.501736111111111,0.00011574074074
816343306650,81634330665,0,0,1574977998,1.0,"""[0.000161170959472",0.0001802444458,0.000186920166015,0.00019359588623000002,0.000201225280761,0.00020790100097600002,0.00021553039550700003,0.00022888183593700002,0.00026226043701100003,0.000389099121093," 0.001131057739257]""",0.00113296508789,0.000249862670898,3.260746479034423,0.011271520517766,0.0029754638671870004,0.000255584716796,0.000950813293457,0.0009384155273430001,0.5057870370370371,0.505902777777777,0.00011574074074
816343306650,81634330665,0,0,1574977998,1.0,"""[0.00015068054199200001",0.00016689300537100002,0.0001802444458,0.00018787384033200002,0.000195503234863,0.00020408630371000002,0.00021171569824200001,0.00021934509277300002,0.00025463104248,0.000357627868652," 0.006462097167968001]""",0.006454467773437,0.000258445739746,3.65504240989685,0.012238758616149,0.0029754638671870004,0.000255584716796,0.001003265380859,0.0009288787841790001,0.504166666666666,0.504282407407407,0.00011574074074
816343306650,81634330665,0,0,1574977998,1.0,"""[0.00017166137695300002",0.00018119812011700001,0.00018882751464800002,0.000195503234863,0.00020217895507800002,0.00020885467529200002,0.000216484069824,0.00023078918457,0.000255584716796,0.000378608703613," 0.001260757446289]""",0.0012588500976560002,0.000258445739746,4.959885597229003,0.018140777945518,0.0029754638671870004,0.000255584716796,0.0009469985961910001,0.0009355545043940001,0.50636574074074,0.5064814814814811,0.00011574074074
816343306650,81634330665,0,0,1574977998,1.0,"""[0.00016403198242100002",0.000179290771484,0.000185966491699,0.00019264221191400002,0.00019931793212800002,0.000205993652343,0.00021362304687500003,0.00022029876708900002,0.000255584716796,0.000388145446777," 0.004592895507812]""",0.004592895507812,0.000276565551757,3.588413953781127,0.0106145972386,0.0029754638671870004,0.000255584716796,0.00099754333496,0.000926971435546,0.502662037037037,0.502777777777777,0.00011574074074
816343306650,81634330665,0,0,1574977998,1.0,"""[0.000153541564941",0.00017738342285100002,0.00018501281738200003,0.00019264221191400002,0.00019931793212800002,0.00020694732666000002,0.00021362304687500003,0.00022506713867100002,0.000257492065429,0.00037670135498000005," 0.004287719726562]""",0.004310607910156,0.000280380249023,3.147637844085693,0.011973225511610001,0.0029754638671870004,0.000255584716796,0.0009994506835930002,0.0009298324584960001,0.501273148148148,0.501388888888888,0.00011574074074
816343306650,81634330665,0,0,1574977998,1.0,"""[0.00016307830810500002",0.00017738342285100002,0.00018501281738200003,0.00019264221191400002,0.00019931793212800002,0.00020694732666000002,0.00021457672119100003,0.00022792816162100002,0.00026798248291,0.000388145446777," 0.001190185546875]""",0.0011959075927730001,0.00025463104248,3.147637844085693,0.011973225511610001,0.0029754638671870004,0.000255584716796,0.0009431838989250001,0.0009317398071280001,0.501388888888888,0.501504629629629,0.00011574074074
816343306650,81634330665,0,0,1574977998,1.0,"""[0.000155448913574",0.00016784667968700002,0.00017833709716700002,0.000186920166015,0.00019454956054600002,0.00020217895507800002,0.00020980834960900003,0.00021839141845700002,0.000253677368164,0.000358581542968," 0.005348205566406]""",0.005348205566406,0.000260353088378,3.07356333732605,0.010051534511148002,0.0029754638671870004,0.000255584716796,0.0009994506835930002,0.00092601776123,0.507291666666666,0.5074074074074071,0.00011574074074
816343306650,81634330665,0,0,1574977998,1.0,"""[0.000149726867675",0.000175476074218,0.00018310546875,0.000190734863281,0.00019836425781200002,0.00020694732666000002,0.00021457672119100003,0.000226974487304,0.000258445739746,0.000391006469726," 0.005104064941406]""",0.005096435546875,0.00027847290039,5.553467273712158,0.022718893364071003,0.0029754638671870004,0.000255584716796,0.001026153564453,0.000951766967773,0.500462962962963,0.500578703703703,0.00011574074074
816343306650,81634330665,0,0,1574977998,1.0,"""[0.00015163421630800001",0.000164985656738,0.00017738342285100002,0.00018501281738200003,0.00019264221191400002,0.000200271606445,0.00020790100097600002,0.00021553039550700003,0.00024223327636700001,0.000361442565917," 0.005279541015625]""",0.005287170410156,0.000256538391113,4.959885597229003,0.018140777945518,0.0029754638671870004,0.000255584716796,0.00102424621582,0.0009479522705070001,0.506597222222222,0.5067129629629631,0.00011574074074
816343306650,81634330665,0,0,1574977998,1.0,"""[0.00015926361083900002",0.00017738342285100002,0.00018501281738200003,0.00019264221191400002,0.000200271606445,0.00020790100097600002,0.00021553039550700003,0.00023269653320300002,0.00026321411132800005,0.00044536590576100003," 0.004692077636718001]""",0.004692077636718001,0.00027275085449200004,4.46738052368164,0.014750760048627002,0.0029754638671870004,0.000255584716796,0.0009994506835930002,0.0009288787841790001,0.503009259259259,0.5031249999999999,0.00011574074074
816343306650,81634330665,0,0,1574977998,1.0,"""[0.00016307830810500002",0.000179290771484,0.000185966491699,0.00019359588623000002,0.000200271606445,0.00020694732666000002,0.00021457672119100003,0.00022411346435500002,0.000256538391113,0.00037384033203100004," 0.001222610473632]""",0.0012283325195310002,0.000246047973632,5.618363857269287,0.022180367261171,0.0029754638671870004,0.000255584716796,0.0009422302246090001,0.000933647155761,0.5069444444444441,0.507060185185185,0.00011574074074
816343306650,81634330665,0,0,1574977998,1.0,"""[0.000144004821777",0.00016689300537100002,0.0001802444458,0.00018787384033200002,0.000195503234863,0.00020313262939400002,0.00021076202392500003,0.00021839141845700002,0.000260353088378,0.000411033630371," 0.003746032714843]""",0.003746032714843,0.000268936157226,5.343429565429687,0.018873194232583,0.0029754638671870004,0.000255584716796,0.001026153564453,0.000951766967773,0.5031249999999999,0.50324074074074,0.00011574074074
816343306650,81634330665,0,0,1574977998,1.0,"""[0.00016880035400300002",0.00018215179443300001,0.00018787384033200002,0.00019454956054600002,0.000201225280761,0.00020790100097600002,0.00021362304687500003,0.000221252441406,0.000250816345214,0.00036716461181600005," 0.005531311035156]""",0.005729675292968001,0.00027179718017500003,4.832461833953857,0.015677001327276,0.0029754638671870004,0.000255584716796,0.00102424621582,0.000951766967773,0.5050925925925921,0.505208333333333,0.00011574074074
816343306650,81634330665,0,0,1574977998,1.0,"""[0.00015926361083900002",0.00017642974853500002,0.00018310546875,0.000190734863281,0.00019836425781200002,0.000205993652343,0.00021266937255800001,0.000221252441406,0.00026321411132800005,0.00038719177246000004," 0.0010967254638670001]""",0.001102447509765,0.00025177001953100004,4.391059398651123,0.014210918918251,0.0029754638671870004,0.000255584716796,0.0009431838989250001,0.000933647155761,0.507754629629629,0.5078703703703701,0.00011574074074
816343306650,81634330665,0,0,1574977998,1.0,"""[0.00014209747314400002",0.00015068054199200001,0.00015830993652300002,0.00016689300537100002,0.000175476074218,0.000186920166015,0.00019836425781200002,0.00021076202392500003,0.00023365020751900002,0.000342369079589," 0.005104064941406]""",0.005096435546875,0.00023841857910100002,4.391059398651123,0.014210918918251,0.0029754638671870004,0.000255584716796,0.00099754333496,0.00092601776123,0.5078703703703701,0.507986111111111,0.00011574074074
816343306650,81634330665,0,0,1574977998,1.0,"""[0.000165939331054",0.00018119812011700001,0.00018787384033200002,0.00019454956054600002,0.000201225280761,0.00020790100097600002,0.00021553039550700003,0.00022888183593700002,0.00026226043701100003,0.00038623809814400005," 0.006546020507812]""",0.006546020507812,0.000277519226074,4.77125358581543,0.018208568915724,0.0029754638671870004,0.000255584716796,0.001026153564453,0.000951766967773,0.502199074074074,0.502314814814814,0.00011574074074
816343306650,81634330665,0,0,1574977998,1.0,"""[0.000144004821777",0.00017642974853500002,0.00018501281738200003,0.00019264221191400002,0.000200271606445,0.00020790100097600002,0.00021553039550700003,0.000231742858886,0.00026321411132800005,0.000388145446777," 0.0010662078857420001]""",0.001070022583007,0.000250816345214,4.795740604400634,0.017610926181077003,0.0029754638671870004,0.000255584716796,0.0009422302246090001,0.000932693481445,0.508680555555555,0.5087962962962961,0.00011574074074
816343306650,81634330665,0,0,1574977998,1.0,"""[0.000152587890625",0.000161170959472,0.00016975402832,0.00017833709716700002,0.00018787384033200002,0.000196456909179,0.000205993652343,0.00021457672119100003,0.000248908996582,0.00037384033203100004," 0.005073547363281]""",0.00506591796875,0.00025463104248,4.167875289916992,0.01478177588433,0.0029754638671870004,0.000255584716796,0.001028060913085,0.0009498596191400001,0.509143518518518,0.5092592592592591,0.00011574074074
816343306650,81634330665,0,0,1574977998,1.0,"""[0.00016212463378900002",0.0001802444458,0.000186920166015,0.00019359588623000002,0.000200271606445,0.00020790100097600002,0.00021457672119100003,0.000226974487304,0.000258445739746,0.00038719177246000004," 0.004463195800781]""",0.004470825195312,0.00027179718017500003,4.583592414855957,0.01648112386465,0.0029754638671870004,0.000255584716796,0.0009994506835930002,0.00092601776123,0.5053240740740741,0.505439814814814,0.00011574074074
816343306650,81634330665,0,0,1574977998,1.0,"""[0.000160217285156",0.00017738342285100002,0.00018501281738200003,0.00019264221191400002,0.000200271606445,0.00020790100097600002,0.00021553039550700003,0.00023365020751900002,0.00027084350585900003,0.00039005279541," 0.005905151367187]""",0.005882263183593001,0.000275611877441,3.147637844085693,0.011973225511610001,0.0029754638671870004,0.000255584716796,0.0009994506835930002,0.0009298324584960001,0.501504629629629,0.50162037037037,0.00011574074074
816343306650,81634330665,0,0,1574977998,1.0,"""[0.00015830993652300002",0.00016880035400300002,0.00017833709716700002,0.000185966491699,0.00019359588623000002,0.00020217895507800002,0.00020980834960900003,0.00021743774414,0.00025463104248,0.00036811828613200005," 0.003166198730468]""",0.00314712524414,0.000256538391113,3.84816312789917,0.013620140030980001,0.0029754638671870004,0.000255584716796,0.001001358032226,0.00092601776123,0.509375,0.5094907407407401,0.00011574074074
816343306650,81634330665,0,0,1574977998,1.0,"""[0.000149726867675",0.000160217285156,0.000170707702636,0.0001802444458,0.00018978118896400002,0.00019931793212800002,0.00020885467529200002,0.00021839141845700002,0.000255584716796,0.00038337707519500003," 0.0033111572265620004]""",0.003303527832031,0.00026130676269500003,3.520676136016845,0.014872655272483002,0.0029754638671870004,0.000255584716796,0.001001358032226,0.0009298324584960001,0.501736111111111,0.501851851851851,0.00011574074074
816343306650,81634330665,0,0,1574977998,1.0,"""[0.00016307830810500002",0.0001802444458,0.000186920166015,0.00019359588623000002,0.000200271606445,0.00020694732666000002,0.00021362304687500003,0.00022029876708900002,0.00025272369384700004,0.000391006469726," 0.007247924804687]""",0.007240295410156,0.00027179718017500003,3.9754292964935303,0.014159155078232,0.0029754638671870004,0.000255584716796,0.00102424621582,0.0009489059448240001,0.5062500000000001,0.50636574074074,0.00011574074074
816343306650,81634330665,0,0,1574977998,1.0,"""[0.000165939331054",0.00017833709716700002,0.000185966491699,0.00019359588623000002,0.000201225280761,0.00020790100097600002,0.00021553039550700003,0.000231742858886,0.000260353088378,0.00037574768066400005," 0.005645751953125001]""",0.005630493164062,0.00027370452880800004,3.588413953781127,0.0106145972386,0.0029754638671870004,0.000255584716796,0.001031875610351,0.000952720642089,0.502777777777777,0.502893518518518,0.00011574074074
816343306650,81634330665,0,0,1574977998,1.0,"""[0.00016307830810500002",0.0001802444458,0.000186920166015,0.00019359588623000002,0.000201225280761,0.00020790100097600002,0.00021457672119100003,0.00022983551025300002,0.000268936157226,0.00039291381835900003," 0.004318237304687]""",0.004341125488281,0.00027179718017500003,4.006541728973388,0.014092669822275002,0.0029754638671870004,0.000255584716796,0.0009994506835930002,0.0009288787841790001,0.500925925925925,0.501041666666666,0.00011574074074
816343306650,81634330665,0,0,1574977998,1.0,"""[0.00014686584472600002",0.00015640258789,0.000165939331054,0.000175476074218,0.00018405914306600003,0.00019359588623000002,0.00020313262939400002,0.00021171569824200001,0.00022792816162100002,0.000335693359375," 0.005889892578125001]""",0.00592041015625,0.000246047973632,4.1585187911987305,0.015222567133605001,0.0029754638671870004,0.000255584716796,0.00099754333496,0.00092601776123,0.507060185185185,0.5071759259259261,0.00011574074074
816343306650,81634330665,0,0,1574977998,1.0,"""[0.00016784667968700002",0.000179290771484,0.000185966491699,0.00019264221191400002,0.00019931793212800002,0.000205039978027,0.00021171569824200001,0.00021839141845700002,0.00025272369384700004,0.00038337707519500003," 0.00555419921875]""",0.005569458007812,0.00026798248291,3.07356333732605,0.010051534511148002,0.0029754638671870004,0.000255584716796,0.001028060913085,0.000950813293457,0.5074074074074071,0.507523148148148,0.00011574074074
816343306650,81634330665,0,0,1574977998,1.0,"""[0.00016784667968700002",0.0001802444458,0.000186920166015,0.00019359588623000002,0.000200271606445,0.00020694732666000002,0.00021266937255800001,0.00021934509277300002,0.000256538391113,0.00038337707519500003," 0.001298904418945]""",0.001321792602539,0.000253677368164,3.269586563110351,0.010670388117432001,0.0029754638671870004,0.000255584716796,0.000951766967773,0.0009403228759760001,0.507523148148148,0.5076388888888881,0.00011574074074
816343306650,81634330665,0,0,1574977998,1.0,"""[0.000160217285156",0.00016975402832,0.00017833709716700002,0.000186920166015,0.00019454956054600002,0.00020217895507800002,0.00021076202392500003,0.00021839141845700002,0.000255584716796,0.00039672851562500005," 0.005722045898437]""",0.005729675292968001,0.00027084350585900003,3.65504240989685,0.012238758616149,0.0029754638671870004,0.000255584716796,0.001028060913085,0.000952720642089,0.503935185185185,0.504050925925925,0.00011574074074
816343306650,81634330665,0,0,1574977998,1.0,"""[0.00016307830810500002",0.00017261505126900002,0.00018119812011700001,0.00018882751464800002,0.000196456909179,0.00020313262939400002,0.00021076202392500003,0.00021839141845700002,0.00025272369384700004,0.00035667419433500004," 0.006553649902343001]""",0.006546020507812,0.000267028808593,5.62061882019043,0.019475745037198,0.0029754638671870004,0.000255584716796,0.00099754333496,0.0009241104125970001,0.508217592592592,0.5083333333333331,0.00011574074074
816343306650,81634330665,0,0,1574977998,1.0,"""[0.00015163421630800001",0.00017261505126900002,0.00018215179443300001,0.00018882751464800002,0.000196456909179,0.00020313262939400002,0.00021076202392500003,0.00021743774414,0.000245094299316,0.000361442565917," 0.002174377441406]""",0.00217056274414,0.000248908996582,5.444714069366455,0.019421005621552002,0.0029754638671870004,0.000255584716796,0.0009412765502920001,0.000933647155761,0.508912037037037,0.5090277777777771,0.00011574074074
816343306650,81634330665,0,0,1574977998,1.0,"""[0.000161170959472",0.000179290771484,0.000185966491699,0.00019264221191400002,0.00019931793212800002,0.000205993652343,0.00021266937255800001,0.00021934509277300002,0.000250816345214,0.00036239624023400003," 0.0014972686767570002]""",0.0014801025390620002,0.000249862670898,4.832461833953857,0.015677001327276,0.0029754638671870004,0.000255584716796,0.000950813293457,0.0009374618530270001,0.505208333333333,0.5053240740740741,0.00011574074074
816343306650,81634330665,0,0,1574977998,1.0,"""[0.00015640258789",0.00016403198242100002,0.00017166137695300002,0.000179290771484,0.00018787384033200002,0.000196456909179,0.000205993652343,0.00021457672119100003,0.000244140625,0.00036716461181600005," 0.001272201538085]""",0.0012588500976560002,0.00023365020751900002,3.07356333732605,0.010051534511148002,0.0029754638671870004,0.000255584716796,0.0009422302246090001,0.000932693481445,0.5071759259259261,0.507291666666666,0.00011574074074
816343306650,81634330665,0,0,1574977998,1.0,"""[0.000155448913574",0.00017166137695300002,0.00018119812011700001,0.00018882751464800002,0.000196456909179,0.00020408630371000002,0.00021076202392500003,0.00021839141845700002,0.000249862670898,0.000348091125488," 0.005195617675781]""",0.005195617675781,0.00026226043701100003,3.520676136016845,0.014872655272483002,0.0029754638671870004,0.000255584716796,0.0010299682617180002,0.0009536743164060001,0.501851851851851,0.501967592592592,0.00011574074074
816343306650,81634330665,0,0,1574977998,1.0,"""[0.00013637542724600002",0.000165939331054,0.00018119812011700001,0.00018882751464800002,0.000196456909179,0.00020408630371000002,0.00021076202392500003,0.00021839141845700002,0.000250816345214,0.00039577484130800004," 0.004379272460937]""",0.004409790039062,0.00027179718017500003,4.251979827880859,0.014252039603888001,0.0029754638671870004,0.000255584716796,0.001001358032226,0.0009288787841790001,0.503819444444444,0.503935185185185,0.00011574074074
816343306650,81634330665,0,0,1574977998,1.0,"""[0.000155448913574",0.0001802444458,0.00018787384033200002,0.00019454956054600002,0.000201225280761,0.00020790100097600002,0.00021553039550700003,0.00022983551025300002,0.00026321411132800005,0.00039291381835900003," 0.006927490234375001]""",0.006927490234375001,0.000280380249023,4.452186107635498,0.014472656883299,0.0029754638671870004,0.000255584716796,0.001028060913085,0.000951766967773,0.507986111111111,0.5081018518518511,0.00011574074074
816343306650,81634330665,0,0,1574977998,1.0,"""[0.00016307830810500002",0.00017261505126900002,0.0001802444458,0.00018787384033200002,0.000195503234863,0.00020313262939400002,0.00021076202392500003,0.00021839141845700002,0.000257492065429,0.000349044799804," 0.00113296508789]""",0.00113296508789,0.00024032592773400003,4.546246528625488,0.015892872586846,0.0029754638671870004,0.000255584716796,0.0009403228759760001,0.0009279251098630001,0.500231481481481,0.500347222222222,0.00011574074074
816343306650,81634330665,0,0,1574977998,1.0,"""[0.000164985656738",0.00017738342285100002,0.00018501281738200003,0.000191688537597,0.00019931793212800002,0.000205993652343,0.00021266937255800001,0.000221252441406,0.000256538391113,0.00037479400634700004," 0.001895904541015]""",0.001888275146484,0.000249862670898,5.62061882019043,0.019475745037198,0.0029754638671870004,0.000255584716796,0.000952720642089,0.0009412765502920001,0.5081018518518511,0.508217592592592,0.00011574074074
816343306650,81634330665,0,0,1574977998,1.0,"""[0.000149726867675",0.00015830993652300002,0.00016689300537100002,0.000175476074218,0.00018501281738200003,0.00019454956054600002,0.00020408630371000002,0.00021266937255800001,0.00023555755615200003,0.00034427642822200004," 0.005912780761718001]""",0.00592041015625,0.000246047973632,5.444714069366455,0.019421005621552002,0.0029754638671870004,0.000255584716796,0.000995635986328,0.000925064086914,0.5090277777777771,0.509143518518518,0.00011574074074
816343306650,81634330665,0,0,1574977998,1.0,"""[0.00016689300537100002",0.000179290771484,0.000185966491699,0.00019264221191400002,0.00019931793212800002,0.00020694732666000002,0.00021362304687500003,0.00022029876708900002,0.000259399414062,0.000381469726562," 0.001047134399414]""",0.001039505004882,0.000248908996582,4.561800479888916,0.016551535576581,0.0029754638671870004,0.000255584716796,0.0009403228759760001,0.000932693481445,0.505439814814814,0.5055555555555551,0.00011574074074
816343306650,81634330665,0,0,1574977998,1.0,"""[0.000160217285156",0.00017833709716700002,0.000185966491699,0.00019264221191400002,0.00019931793212800002,0.000205993652343,0.00021362304687500003,0.00022029876708900002,0.000260353088378,0.000388145446777," 0.004531860351562]""",0.004531860351562,0.000275611877441,4.660547733306884,0.017913263291120002,0.0029754638671870004,0.000255584716796,0.00099754333496,0.0009279251098630001,0.502083333333333,0.502199074074074,0.00011574074074
816343306650,81634330665,0,0,1574977998,1.0,"""[0.00017166137695300002",0.00018119812011700001,0.00018787384033200002,0.00019454956054600002,0.000201225280761,0.00020790100097600002,0.00021457672119100003,0.00022411346435500002,0.000255584716796,0.00039577484130800004," 0.0015697479248040001]""",0.00157356262207,0.000260353088378,5.553467273712158,0.022718893364071003,0.0029754638671870004,0.000255584716796,0.000951766967773,0.0009355545043940001,0.500578703703703,0.500694444444444,0.00011574074074
816343306650,81634330665,0,0,1574977998,1.0,"""[0.00016307830810500002",0.00017642974853500002,0.00018310546875,0.000190734863281,0.00019741058349600002,0.000205039978027,0.00021171569824200001,0.00021934509277300002,0.000250816345214,0.000403404235839," 0.001321792602539]""",0.001321792602539,0.000247955322265,3.771525382995605,0.011790195479989002,0.0029754638671870004,0.000255584716796,0.0009431838989250001,0.0009307861328120001,0.502546296296296,0.502662037037037,0.00011574074074
816343306650,81634330665,0,0,1574977998,1.0,"""[0.000152587890625",0.00016403198242100002,0.000175476074218,0.00018405914306600003,0.000191688537597,0.000200271606445,0.00020885467529200002,0.000216484069824,0.000250816345214,0.00035285949707000003," 0.001026153564453]""",0.001007080078125,0.00023555755615200003,4.396448135375976,0.014831126667559001,0.0029754638671870004,0.000255584716796,0.000951766967773,0.0009393692016600001,0.504629629629629,0.50474537037037,0.00011574074074
816343306650,81634330665,0,0,1574977998,1.0,"""[0.00015830993652300002",0.00017833709716700002,0.00018501281738200003,0.000191688537597,0.00019931793212800002,0.000205993652343,0.00021266937255800001,0.00021934509277300002,0.00025463104248,0.00037384033203100004," 0.0016231536865230001]""",0.001636505126953,0.000246047973632,5.223729133605957,0.019759388640522003,0.0029754638671870004,0.000255584716796,0.0009489059448240001,0.0009384155273430001,0.5067129629629631,0.506828703703703,0.00011574074074
816343306650,81634330665,0,0,1574977998,1.0,"""[0.000153541564941",0.00017356872558500002,0.00018215179443300001,0.00018978118896400002,0.00019741058349600002,0.00020408630371000002,0.00021171569824200001,0.00021934509277300002,0.00025463104248,0.00037670135498000005," 0.007980346679687]""",0.006050109863281,0.00026512145996000004,5.618363857269287,0.022180367261171,0.0029754638671870004,0.000255584716796,0.0009994506835930002,0.00092601776123,0.506828703703703,0.5069444444444441,0.00011574074074
816343306650,81634330665,0,0,1574977998,1.0,"""[0.000153541564941",0.00017738342285100002,0.00018501281738200003,0.000191688537597,0.00019931793212800002,0.00020694732666000002,0.00021362304687500003,0.000226020812988,0.000256538391113,0.000379562377929," 0.006309509277343001]""",0.006294250488281,0.000267028808593,4.832461833953857,0.015677001327276,0.0029754638671870004,0.000255584716796,0.00099754333496,0.000926971435546,0.504976851851851,0.5050925925925921,0.00011574074074
816343306650,81634330665,0,0,1574977998,1.0,"""[0.00014591217041000002",0.00015640258789,0.00016689300537100002,0.00017738342285100002,0.000185966491699,0.000195503234863,0.00020408630371000002,0.00021362304687500003,0.00023937225341700002,0.00039005279541," 0.0010051727294920001]""",0.001007080078125,0.00022983551025300002,5.083348274230957,0.017526475712656,0.0029754638671870004,0.000255584716796,0.0009422302246090001,0.0009317398071280001,0.503472222222222,0.503587962962962,0.00011574074074
816343306650,81634330665,0,0,1574977998,1.0,"""[0.000149726867675",0.000164985656738,0.00017833709716700002,0.000185966491699,0.00019359588623000002,0.000201225280761,0.00020885467529200002,0.000216484069824,0.00024318695068300001,0.000381469726562," 0.001136779785156]""",0.00113296508789,0.000244140625,4.822743892669677,0.016177047044038002,0.0029754638671870004,0.000255584716796,0.000944137573242,0.0009317398071280001,0.503703703703703,0.503819444444444,0.00011574074074
816343306650,81634330665,0,0,1574977998,1.0,"""[0.000160217285156",0.00017833709716700002,0.00018501281738200003,0.000191688537597,0.00019836425781200002,0.000205993652343,0.00021266937255800001,0.00021934509277300002,0.00025272369384700004,0.000380516052246," 0.006759643554687]""",0.006767272949218001,0.000266075134277,4.391059398651123,0.014210918918251,0.0029754638671870004,0.000255584716796,0.001001358032226,0.00092601776123,0.5076388888888881,0.507754629629629,0.00011574074074
