UniqJobId,collection_id,instance_index,priority,machine_id,sample_rate,cpu_usage_distribution1,cpu_usage_distribution2,cpu_usage_distribution3,cpu_usage_distribution4,cpu_usage_distribution5,cpu_usage_distribution6,cpu_usage_distribution7,cpu_usage_distribution8,cpu_usage_distribution9,cpu_usage_distribution10,cpu_usage_distribution11,max_cpu,avg_cpu,cycles_per_instruction,memory_accesses_per_instruction,assigned_memory,page_cache_memory,max_memory,avg_memory,start_time,end_time,time_window
816831888578,81683188857,8,0,24272909868,1.0,"""[0.0019207000732420001",0.003936767578125,0.004447937011718001,0.004776000976562,0.005058288574218001,0.00531005859375,0.005538940429687,0.005867004394531,0.006217956542968001,0.0067138671875," 0.012252807617187]""",0.0235595703125,0.005416870117187,2.100314855575561,0.006326789036393001,0.020416259765625,9.727478027343751e-05,0.004722595214843001,0.004623413085937,0.504282407407407,0.504398148148148,0.00011574074074
816831888578,81683188857,8,0,24272909868,1.0,"""[0.002159118652343",0.004096984863281,0.004661560058593001,0.00506591796875,0.005561828613281,0.005889892578125001,0.006156921386718001,0.006500244140625001,0.006797790527343001,0.007125854492187," 0.011734008789062]""",0.01983642578125,0.005813598632812,6.30802583694458,0.08134892582893301,0.020416259765625,9.727478027343751e-05,0.004737854003906,0.004638671875,0.500578703703703,0.500694444444444,0.00011574074074
816831888578,81683188857,8,0,24272909868,1.0,"""[0.005569458007812",0.006759643554687,0.00701904296875,0.007179260253906,0.007347106933593001,0.007537841796875001,0.007659912109375001,0.00775146484375,0.007888793945312,0.008026123046875," 0.014450073242187]""",0.021820068359375,0.007545471191406,7.865209102630615,0.036965105682611,0.020416259765625,9.727478027343751e-05,0.004783630371093001,0.004684448242187,0.5085648148148141,0.508680555555555,0.00011574074074
816831888578,81683188857,8,0,24272909868,1.0,"""[0.0032806396484370004",0.004859924316406,0.005630493164062,0.006057739257812,0.006401062011718001,0.006752014160156,0.006980895996093001,0.00726318359375,0.007598876953125001,0.00787353515625," 0.014495849609375002]""",0.015655517578125,0.006629943847656,6.016031265258789,0.078726686537265,0.020416259765625,9.727478027343751e-05,0.004745483398437,0.004646301269531,0.5048611111111111,0.504976851851851,0.00011574074074
816831888578,81683188857,8,0,24272909868,1.0,"""[0.004081726074218001",0.005622863769531,0.006111145019531,0.00640869140625,0.006797790527343001,0.006965637207031,0.007156372070312,0.007347106933593001,0.007591247558593001,0.007804870605468001," 0.013778686523437]""",0.022064208984375,0.006935119628906,6.016031265258789,0.078726686537265,0.020416259765625,9.727478027343751e-05,0.0047607421875,0.004661560058593001,0.505208333333333,0.5053240740740741,0.00011574074074
816831888578,81683188857,8,0,24272909868,0.996666669845581,"""[0.0027732849121090003",0.004280090332031,0.004890441894531,0.00531005859375,0.005653381347656,0.006019592285156,0.006439208984375001,0.0068359375,0.007171630859375001,0.00762939453125," 0.011032104492187]""",0.014556884765625002,0.006050109863281,2.270154476165771,0.019884441047906,0.020416259765625,9.727478027343751e-05,0.004722595214843001,0.004631042480468001,0.5071759259259261,0.507291666666666,0.00011574074074
816831888578,81683188857,8,0,24272909868,0.996666669845581,"""[0.0027732849121090003",0.004547119140625,0.005226135253906,0.005531311035156,0.005973815917968001,0.006278991699218001,0.006538391113281,0.006828308105468001,0.007217407226562,0.007598876953125001," 0.011810302734375002]""",0.015869140625,0.006187438964843001,6.317587375640869,0.06589925289154,0.020416259765625,9.727478027343751e-05,0.004776000976562,0.004669189453125,0.502662037037037,0.502777777777777,0.00011574074074
816831888578,81683188857,8,0,24272909868,1.0,"""[0.003562927246093",0.004737854003906,0.004989624023437,0.005325317382812,0.005546569824218001,0.005859375,0.006027221679687,0.006202697753906,0.0064697265625,0.006881713867187," 0.013397216796875002]""",0.013900756835937,0.005912780761718001,6.195223808288574,0.041476208716630006,0.020416259765625,9.727478027343751e-05,0.004776000976562,0.004676818847656,0.503009259259259,0.5031249999999999,0.00011574074074
816831888578,81683188857,8,0,24272909868,0.9933333396911621,"""[0.001222610473632",0.004608154296875,0.005142211914062,0.005462646484375,0.005714416503906,0.006050109863281,0.006355285644531,0.006690979003906,0.007011413574218001,0.007293701171875001," 0.011093139648437]""",0.01593017578125,0.005996704101562,8.800490379333496,0.041429664939641,0.020416259765625,9.727478027343751e-05,0.004798889160156,0.004707336425781,0.508912037037037,0.5090277777777771,0.00011574074074
816831888578,81683188857,8,0,24272909868,0.9800000190734861,"""[0.00259780883789",0.004234313964843001,0.004837036132812,0.005294799804687,0.005599975585937,0.005912780761718001,0.006202697753906,0.006477355957031,0.006736755371093001,0.007545471191406," 0.009872436523437]""",0.05078125,0.005828857421875001,8.800490379333496,0.041429664939641,0.020416259765625,9.727478027343751e-05,0.004798889160156,0.004692077636718001,0.509143518518518,0.5092592592592591,0.00011574074074
816831888578,81683188857,8,0,24272909868,1.0,"""[0.0021781921386710003",0.003547668457031,0.004440307617187,0.004959106445312,0.005256652832031,0.005607604980468001,0.005950927734375001,0.006294250488281,0.006599426269531,0.007080078125," 0.01409912109375]""",0.01873779296875,0.005577087402343001,6.161626815795898,0.034770544618368,0.020416259765625,9.727478027343751e-05,0.004783630371093001,0.004669189453125,0.503472222222222,0.503587962962962,0.00011574074074
816831888578,81683188857,8,0,24272909868,1.0,"""[0.002616882324218",0.005226135253906,0.005714416503906,0.006103515625,0.006431579589843001,0.006675720214843001,0.006965637207031,0.007179260253906,0.007431030273437,0.007789611816406," 0.0155029296875]""",0.015335083007812,0.006668090820312,5.883028030395507,0.080611065030097,0.020416259765625,9.727478027343751e-05,0.0047607421875,0.004661560058593001,0.501736111111111,0.501851851851851,0.00011574074074
816831888578,81683188857,8,0,24272909868,0.983333349227905,"""[0.00299072265625",0.005165100097656,0.005722045898437,0.006095886230468001,0.006378173828125001,0.006698608398437,0.006912231445312,0.007118225097656,0.007293701171875001,0.007545471191406," 0.012603759765625002]""",0.018218994140625,0.006538391113281,6.51318883895874,0.07844035327434501,0.020416259765625,9.727478027343751e-05,0.004753112792968001,0.004653930664062,0.5057870370370371,0.505902777777777,0.00011574074074
816831888578,81683188857,8,0,24272909868,1.0,"""[0.001115798950195",0.0047607421875,0.005439758300781,0.005859375,0.006195068359375001,0.006576538085937,0.006813049316406,0.0072021484375,0.007545471191406,0.0078125," 0.012664794921875002]""",0.023681640625,0.0064697265625,6.012305736541748,0.081031709909439,0.020416259765625,9.727478027343751e-05,0.0047607421875,0.004669189453125,0.501967592592592,0.502083333333333,0.00011574074074
816831888578,81683188857,8,0,24272909868,1.0,"""[0.0016021728515620002",0.0038299560546870004,0.004501342773437,0.004844665527343001,0.005126953125,0.005424499511718001,0.005699157714843001,0.005935668945312,0.006233215332031,0.006736755371093001," 0.01324462890625]""",0.013229370117187,0.005462646484375,6.51318883895874,0.07844035327434501,0.020416259765625,9.727478027343751e-05,0.004776000976562,0.004669189453125,0.505902777777777,0.5060185185185181,0.00011574074074
816831888578,81683188857,8,0,24272909868,1.0,"""[0.0013961791992180002",0.003284454345703,0.004112243652343001,0.004638671875,0.005104064941406,0.005416870117187,0.005653381347656,0.006065368652343001,0.006401062011718001,0.007125854492187," 0.009140014648437]""",0.0155029296875,0.005317687988281,2.100314855575561,0.006326789036393001,0.020416259765625,9.727478027343751e-05,0.004730224609375,0.004623413085937,0.504398148148148,0.504513888888888,0.00011574074074
816831888578,81683188857,8,0,24272909868,1.0,"""[0.0024261474609370004",0.004646301269531,0.005279541015625,0.005722045898437,0.006088256835937,0.006355285644531,0.006568908691406,0.0069580078125,0.007247924804687,0.007644653320312," 0.012008666992187]""",0.01190185546875,0.006324768066406,6.747430324554443,0.08050089329481101,0.020416259765625,9.727478027343751e-05,0.004730224609375,0.004631042480468001,0.500694444444444,0.500810185185185,0.00011574074074
816831888578,81683188857,8,0,24272909868,1.0,"""[0.001026153564453",0.003974914550781,0.005348205566406,0.006202697753906,0.006599426269531,0.007148742675781,0.007400512695312,0.007553100585937,0.007827758789062,0.008010864257812," 0.014739990234375002]""",0.0147705078125,0.006568908691406,2.100314855575561,0.006326789036393001,0.020416259765625,9.727478027343751e-05,0.004730224609375,0.004638671875,0.504629629629629,0.50474537037037,0.00011574074074
816831888578,81683188857,8,0,24272909868,0.996666669845581,"""[0.0031700134277340003",0.005149841308593001,0.005989074707031,0.006423950195312,0.006813049316406,0.007049560546875001,0.00726318359375,0.0074462890625,0.007621765136718001,0.00787353515625," 0.0126953125]""",0.01495361328125,0.006874084472656,8.800490379333496,0.041429664939641,0.020416259765625,9.727478027343751e-05,0.004791259765625,0.004684448242187,0.508680555555555,0.5087962962962961,0.00011574074074
816831888578,81683188857,8,0,24272909868,0.996666669845581,"""[0.00323486328125",0.005088806152343001,0.005783081054687,0.006156921386718001,0.006614685058593001,0.006874084472656,0.007057189941406,0.007255554199218001,0.007492065429687,0.007652282714843001," 0.010757446289062]""",0.015716552734375,0.006591796875,6.016031265258789,0.078726686537265,0.020416259765625,9.727478027343751e-05,0.004745483398437,0.004646301269531,0.504976851851851,0.5050925925925921,0.00011574074074
816831888578,81683188857,8,0,24272909868,1.0,"""[0.002704620361328",0.00457763671875,0.004981994628906,0.005363464355468001,0.005622863769531,0.00592041015625,0.006271362304687,0.006599426269531,0.006919860839843001,0.007240295410156," 0.008453369140625]""",0.022979736328125003,0.005928039550781,2.270154476165771,0.019884441047906,0.020416259765625,9.727478027343751e-05,0.004722595214843001,0.004623413085937,0.507060185185185,0.5071759259259261,0.00011574074074
816831888578,81683188857,8,0,24272909868,1.0,"""[0.00244140625",0.004295349121093001,0.005050659179687,0.005409240722656,0.0059814453125,0.00653076171875,0.00689697265625,0.007194519042968001,0.007591247558593001,0.00787353515625," 0.015487670898437]""",0.015960693359375,0.006340026855468001,5.84811544418335,0.08049746602773601,0.020416259765625,9.727478027343751e-05,0.004745483398437,0.004646301269531,0.501273148148148,0.501388888888888,0.00011574074074
816831888578,81683188857,8,0,24272909868,1.0,"""[0.004867553710937",0.006004333496093001,0.006401062011718001,0.006622314453125001,0.0068359375,0.006988525390625001,0.007186889648437,0.007362365722656,0.007522583007812,0.007682800292968001," 0.009033203125]""",0.03240966796875,0.006942749023437,6.016031265258789,0.078726686537265,0.020416259765625,9.727478027343751e-05,0.004753112792968001,0.004653930664062,0.5053240740740741,0.505439814814814,0.00011574074074
816831888578,81683188857,8,0,24272909868,1.0,"""[0.00204849243164",0.0035858154296870004,0.004112243652343001,0.004447937011718001,0.004783630371093001,0.005027770996093001,0.005393981933593001,0.005867004394531,0.006446838378906,0.006973266601562," 0.011260986328125002]""",0.02020263671875,0.005271911621093001,3.4684712886810303,0.01658152975142,0.020416259765625,9.727478027343751e-05,0.004783630371093001,0.004684448242187,0.503587962962962,0.503703703703703,0.00011574074074
816831888578,81683188857,8,0,24272909868,1.0,"""[0.0018005371093750002",0.0035057067871090003,0.004356384277343001,0.004837036132812,0.00537109375,0.00579833984375,0.006195068359375001,0.006446838378906,0.00665283203125,0.007080078125," 0.010086059570312]""",0.01959228515625,0.005592346191406,1.864033579826355,0.006275182124227001,0.020416259765625,9.727478027343751e-05,0.004745483398437,0.004653930664062,0.5078703703703701,0.507986111111111,0.00011574074074
816831888578,81683188857,8,0,24272909868,1.0,"""[0.00099754333496",0.00439453125,0.005332946777343001,0.00579833984375,0.006156921386718001,0.006568908691406,0.006820678710937,0.007080078125,0.007308959960937,0.007575988769531," 0.009933471679687]""",0.015213012695312,0.006217956542968001,6.012305736541748,0.081031709909439,0.020416259765625,9.727478027343751e-05,0.0047607421875,0.004661560058593001,0.502083333333333,0.502199074074074,0.00011574074074
816831888578,81683188857,8,0,24272909868,1.0,"""[0.00265884399414",0.004371643066406,0.004875183105468001,0.005165100097656,0.005447387695312,0.005691528320312,0.005928039550781,0.006233215332031,0.006523132324218001,0.006843566894531," 0.008865356445312]""",0.010818481445312,0.005668640136718001,2.571326971054077,0.010522400960326,0.020416259765625,9.727478027343751e-05,0.004730224609375,0.004631042480468001,0.504050925925925,0.504166666666666,0.00011574074074
816831888578,81683188857,8,0,24272909868,1.0,"""[0.004432678222656",0.00616455078125,0.006637573242187,0.006904602050781,0.007095336914062,0.007286071777343001,0.007408142089843001,0.007560729980468001,0.007736206054687,0.007919311523437," 0.013259887695312]""",0.013504028320312,0.007240295410156,2.710446834564209,0.012358913198113,0.020416259765625,9.727478027343751e-05,0.004776000976562,0.004684448242187,0.5081018518518511,0.508217592592592,0.00011574074074
816831888578,81683188857,8,0,24272909868,1.0,"""[0.0031242370605460003",0.005012512207031,0.005363464355468001,0.005546569824218001,0.005752563476562,0.005935668945312,0.006134033203125001,0.00634765625,0.006584167480468001,0.007072448730468001," 0.01373291015625]""",0.01898193359375,0.006080627441406,6.313335418701171,0.066110037267208,0.020416259765625,9.727478027343751e-05,0.004776000976562,0.004661560058593001,0.502430555555555,0.502546296296296,0.00011574074074
816831888578,81683188857,8,0,24272909868,1.0,"""[0.004646301269531",0.0062255859375,0.00653076171875,0.006729125976562,0.006927490234375001,0.007171630859375001,0.007331848144531,0.007522583007812,0.007759094238281,0.008041381835937," 0.015548706054687]""",0.01568603515625,0.007293701171875001,2.8301069736480713,0.020966969430446,0.020416259765625,9.727478027343751e-05,0.004798889160156,0.004676818847656,0.506597222222222,0.5067129629629631,0.00011574074074
816831888578,81683188857,8,0,24272909868,1.0,"""[0.003089904785156",0.004539489746093001,0.00482177734375,0.005088806152343001,0.005264282226562,0.005470275878906,0.005699157714843001,0.005874633789062,0.006210327148437,0.006523132324218001," 0.010498046875]""",0.01055908203125,0.0054931640625,6.317587375640869,0.06589925289154,0.020416259765625,9.727478027343751e-05,0.0047607421875,0.004661560058593001,0.502893518518518,0.503009259259259,0.00011574074074
816831888578,81683188857,8,0,24272909868,0.9933333396911621,"""[0.002799987792968",0.005584716796875001,0.005874633789062,0.006187438964843001,0.006431579589843001,0.006607055664062,0.006790161132812,0.007057189941406,0.007301330566406,0.007568359375," 0.012786865234375002]""",0.021881103515625,0.00665283203125,8.800490379333496,0.041429664939641,0.020416259765625,9.727478027343751e-05,0.004806518554687,0.004707336425781,0.5090277777777771,0.509143518518518,0.00011574074074
816831888578,81683188857,8,0,24272909868,1.0,"""[0.0027732849121090003",0.004600524902343001,0.004974365234375,0.005340576171875,0.005661010742187,0.005928039550781,0.006179809570312,0.00640869140625,0.006744384765625001,0.007072448730468001," 0.0128173828125]""",0.0169677734375,0.005905151367187,5.84811544418335,0.08049746602773601,0.020416259765625,9.727478027343751e-05,0.004737854003906,0.004638671875,0.501504629629629,0.50162037037037,0.00011574074074
816831888578,81683188857,8,0,24272909868,1.0,"""[0.0033836364746090003",0.005393981933593001,0.005882263183593001,0.006172180175781,0.006500244140625001,0.006858825683593001,0.007148742675781,0.007331848144531,0.007537841796875001,0.007804870605468001," 0.012680053710937]""",0.012680053710937,0.006721496582031,1.79484748840332,0.005777894519269001,0.020416259765625,9.727478027343751e-05,0.004753112792968001,0.004661560058593001,0.5076388888888881,0.507754629629629,0.00011574074074
816831888578,81683188857,8,0,24272909868,1.0,"""[0.003173828125",0.005546569824218001,0.006057739257812,0.00640869140625,0.006591796875,0.00677490234375,0.006965637207031,0.007194519042968001,0.007362365722656,0.007560729980468001," 0.012054443359375002]""",0.014892578125,0.006637573242187,1.79484748840332,0.005777894519269001,0.020416259765625,9.727478027343751e-05,0.004753112792968001,0.004653930664062,0.507754629629629,0.5078703703703701,0.00011574074074
816831888578,81683188857,8,0,24272909868,1.0,"""[0.003620147705078",0.005897521972656,0.006240844726562,0.006484985351562,0.006759643554687,0.006980895996093001,0.007209777832031,0.007423400878906,0.007675170898437,0.00787353515625," 0.014907836914062]""",0.014862060546875002,0.007064819335937,6.0035400390625,0.081936575472354,0.020416259765625,9.727478027343751e-05,0.004730224609375,0.004638671875,0.500231481481481,0.500347222222222,0.00011574074074
816831888578,81683188857,8,0,24272909868,1.0,"""[0.003456115722656",0.005645751953125001,0.005912780761718001,0.006156921386718001,0.006355285644531,0.006515502929687,0.006690979003906,0.006912231445312,0.007080078125,0.007369995117187," 0.011367797851562]""",0.018157958984375,0.006553649902343001,6.012305736541748,0.081031709909439,0.020416259765625,9.727478027343751e-05,0.004753112792968001,0.004669189453125,0.502199074074074,0.502314814814814,0.00011574074074
816831888578,81683188857,8,0,24272909868,1.0,"""[0.004142761230468001",0.005645751953125001,0.006072998046875001,0.00640869140625,0.006561279296875001,0.006729125976562,0.006904602050781,0.007057189941406,0.007270812988281,0.00750732421875," 0.013534545898437]""",0.022674560546875003,0.006698608398437,6.012305736541748,0.081031709909439,0.020416259765625,9.727478027343751e-05,0.0047607421875,0.004661560058593001,0.502314814814814,0.502430555555555,0.00011574074074
816831888578,81683188857,8,0,24272909868,1.0,"""[0.00360107421875",0.005035400390625,0.005516052246093001,0.005867004394531,0.00616455078125,0.006507873535156,0.00689697265625,0.007339477539062,0.007736206054687,0.0079345703125," 0.015121459960937]""",0.0220947265625,0.006637573242187,6.747430324554443,0.08050089329481101,0.020416259765625,9.727478027343751e-05,0.004745483398437,0.004631042480468001,0.500810185185185,0.500925925925925,0.00011574074074
816831888578,81683188857,8,0,24272909868,1.0,"""[0.0030364990234370004",0.004325866699218001,0.004753112792968001,0.005043029785156,0.005241394042968001,0.005477905273437,0.005691528320312,0.005882263183593001,0.006111145019531,0.006538391113281," 0.01220703125]""",0.013336181640625002,0.005508422851562,6.317587375640869,0.06589925289154,0.020416259765625,9.727478027343751e-05,0.0047607421875,0.004661560058593001,0.502777777777777,0.502893518518518,0.00011574074074
816831888578,81683188857,8,0,24272909868,1.0,"""[0.002490997314453",0.004867553710937,0.005355834960937,0.005805969238281,0.006156921386718001,0.006370544433593001,0.006553649902343001,0.006813049316406,0.007026672363281,0.007431030273437," 0.012435913085937]""",0.02239990234375,0.006301879882812,6.747430324554443,0.08050089329481101,0.020416259765625,9.727478027343751e-05,0.004745483398437,0.004638671875,0.501041666666666,0.501157407407407,0.00011574074074
816831888578,81683188857,8,0,24272909868,1.0,"""[0.00250244140625",0.005302429199218001,0.006126403808593001,0.006706237792968001,0.007026672363281,0.007278442382812,0.00750732421875,0.007774353027343001,0.00799560546875,0.008148193359375," 0.013763427734375002]""",0.01922607421875,0.007003784179687,2.110319852828979,0.015140742994844001,0.020416259765625,9.727478027343751e-05,0.004730224609375,0.004631042480468001,0.507291666666666,0.5074074074074071,0.00011574074074
816831888578,81683188857,8,0,24272909868,1.0,"""[0.0030517578125",0.00457763671875,0.005279541015625,0.005760192871093001,0.00604248046875,0.006233215332031,0.006431579589843001,0.00665283203125,0.006858825683593001,0.007110595703125001," 0.0103759765625]""",0.010345458984375,0.006080627441406,6.0035400390625,0.081936575472354,0.020416259765625,9.727478027343751e-05,0.004737854003906,0.004631042480468001,0.5001157407407401,0.500231481481481,0.00011574074074
816831888578,81683188857,8,0,24272909868,1.0,"""[0.002693176269531",0.004798889160156,0.005172729492187,0.005584716796875001,0.005867004394531,0.006179809570312,0.006492614746093001,0.006782531738281,0.007087707519531,0.007438659667968001," 0.013702392578125002]""",0.013778686523437,0.006156921386718001,6.0035400390625,0.081936575472354,0.020416259765625,9.727478027343751e-05,0.004730224609375,0.004631042480468001,0.500462962962963,0.500578703703703,0.00011574074074
816831888578,81683188857,8,0,24272909868,1.0,"""[0.004043579101562",0.005630493164062,0.006072998046875001,0.006462097167968001,0.006721496582031,0.007026672363281,0.007270812988281,0.007438659667968001,0.0076904296875,0.007919311523437," 0.014373779296875002]""",0.01434326171875,0.007041931152343001,13.286087989807129,0.041180972009897,0.020416259765625,9.727478027343751e-05,0.004806518554687,0.00469970703125,0.50636574074074,0.5064814814814811,0.00011574074074
816831888578,81683188857,8,0,24272909868,0.996666669845581,"""[0.003437042236328",0.005546569824218001,0.005958557128906,0.006355285644531,0.006645202636718001,0.006904602050781,0.007095336914062,0.007293701171875001,0.007514953613281,0.007743835449218001," 0.010009765625]""",0.02197265625,0.006752014160156,2.270154476165771,0.019884441047906,0.020416259765625,9.727478027343751e-05,0.004753112792968001,0.004653930664062,0.5067129629629631,0.506828703703703,0.00011574074074
816831888578,81683188857,8,0,24272909868,0.990000009536743,"""[0.0016708374023430002",0.0026969909667960003,0.0034599304199210003,0.004058837890625,0.004562377929687,0.004890441894531,0.005271911621093001,0.005577087402343001,0.006019592285156,0.006538391113281," 0.012237548828125002]""",0.021575927734375,0.004844665527343001,6.161626815795898,0.034770544618368,0.020416259765625,9.727478027343751e-05,0.004776000976562,0.004669189453125,0.503356481481481,0.503472222222222,0.00011574074074
816831888578,81683188857,8,0,24272909868,1.0,"""[0.0025901794433590003",0.00531005859375,0.00604248046875,0.006584167480468001,0.006950378417968001,0.007286071777343001,0.007698059082031,0.00787353515625,0.00799560546875,0.008148193359375," 0.01409912109375]""",0.0166015625,0.007064819335937,2.729719161987304,0.014064760878682001,0.020416259765625,9.727478027343751e-05,0.004837036132812,0.004676818847656,0.509375,0.5094907407407401,0.00011574074074
816831888578,81683188857,8,0,24272909868,1.0,"""[0.001718521118164",0.004280090332031,0.004669189453125,0.005020141601562,0.005325317382812,0.005577087402343001,0.00579833984375,0.006065368652343001,0.006446838378906,0.006942749023437," 0.011703491210937]""",0.013427734375,0.005622863769531,10.26431655883789,0.05780447274446401,0.020416259765625,9.727478027343751e-05,0.004791259765625,0.004676818847656,0.5060185185185181,0.506134259259259,0.00011574074074
816831888578,81683188857,8,0,24272909868,1.0,"""[0.0034751892089840003",0.004539489746093001,0.004890441894531,0.005226135253906,0.005470275878906,0.005699157714843001,0.005973815917968001,0.006141662597656,0.006416320800781,0.006744384765625001," 0.0086669921875]""",0.01806640625,0.005638122558593001,2.345073223114013,0.008507012389600001,0.020416259765625,9.727478027343751e-05,0.004722595214843001,0.004623413085937,0.504166666666666,0.504282407407407,0.00011574074074
816831888578,81683188857,8,0,24272909868,0.996666669845581,"""[0.003456115722656",0.005203247070312,0.005645751953125001,0.005882263183593001,0.006149291992187,0.006401062011718001,0.006675720214843001,0.006874084472656,0.007179260253906,0.007476806640625001," 0.009811401367187]""",0.014266967773437,0.00640869140625,6.0035400390625,0.081936575472354,0.020416259765625,9.727478027343751e-05,0.004730224609375,0.004631042480468001,0.500347222222222,0.500462962962963,0.00011574074074
816831888578,81683188857,8,0,24272909868,1.0,"""[0.004310607910156",0.005523681640625,0.005828857421875001,0.006103515625,0.006423950195312,0.006752014160156,0.006965637207031,0.0072021484375,0.007453918457031,0.0078125," 0.014297485351562]""",0.038818359375,0.006851196289062,13.286087989807129,0.041180972009897,0.020416259765625,9.727478027343751e-05,0.004783630371093001,0.00469970703125,0.5062500000000001,0.50636574074074,0.00011574074074
816831888578,81683188857,8,0,24272909868,1.0,"""[0.0037269592285150005",0.005363464355468001,0.00567626953125,0.005958557128906,0.006256103515625001,0.006454467773437,0.006629943847656,0.006828308105468001,0.007026672363281,0.007347106933593001," 0.012924194335937]""",0.02294921875,0.006546020507812,2.710446834564209,0.012358913198113,0.020416259765625,9.727478027343751e-05,0.004806518554687,0.004692077636718001,0.508217592592592,0.5083333333333331,0.00011574074074
816831888578,81683188857,8,0,24272909868,0.996666669845581,"""[0.0030021667480460003",0.004859924316406,0.005531311035156,0.005867004394531,0.006179809570312,0.006439208984375001,0.006622314453125001,0.00689697265625,0.007179260253906,0.007652282714843001," 0.011871337890625002]""",0.019012451171875,0.006416320800781,2.710446834564209,0.012358913198113,0.020416259765625,9.727478027343751e-05,0.004791259765625,0.004684448242187,0.5083333333333331,0.508449074074074,0.00011574074074
816831888578,81683188857,8,0,24272909868,0.996666669845581,"""[0.000891685485839",0.0032653808593750004,0.003772735595703,0.0042724609375,0.004768371582031,0.005073547363281,0.005500793457031,0.005874633789062,0.006233215332031,0.006675720214843001," 0.011184692382812]""",0.016510009765625,0.005081176757812,2.100314855575561,0.006326789036393001,0.020416259765625,9.727478027343751e-05,0.004707336425781,0.004623413085937,0.504513888888888,0.504629629629629,0.00011574074074
816831888578,81683188857,8,0,24272909868,1.0,"""[0.0027427673339840003",0.004722595214843001,0.005386352539062,0.005783081054687,0.006065368652343001,0.006301879882812,0.006568908691406,0.006904602050781,0.0072021484375,0.007614135742187," 0.012802124023437]""",0.014007568359375002,0.006256103515625001,2.710446834564209,0.012358913198113,0.020416259765625,9.727478027343751e-05,0.004783630371093001,0.004684448242187,0.508449074074074,0.5085648148148141,0.00011574074074
816831888578,81683188857,8,0,24272909868,1.0,"""[0.0031394958496090003",0.00567626953125,0.006355285644531,0.00665283203125,0.006851196289062,0.007102966308593001,0.007255554199218001,0.007408142089843001,0.007598876953125001,0.007827758789062," 0.013534545898437]""",0.018768310546875,0.006996154785156,1.79484748840332,0.005777894519269001,0.020416259765625,9.727478027343751e-05,0.004783630371093001,0.004646301269531,0.5074074074074071,0.507523148148148,0.00011574074074
816831888578,81683188857,8,0,24272909868,1.0,"""[0.002120971679687",0.0038909912109370004,0.004425048828125,0.004722595214843001,0.004974365234375,0.005233764648437,0.005470275878906,0.005767822265625001,0.006095886230468001,0.006668090820312," 0.0113525390625]""",0.011306762695312,0.005271911621093001,2.571326971054077,0.010522400960326,0.020416259765625,9.727478027343751e-05,0.004783630371093001,0.004684448242187,0.503703703703703,0.503819444444444,0.00011574074074
816831888578,81683188857,8,0,24272909868,1.0,"""[0.002212524414062",0.004310607910156,0.004791259765625,0.00518798828125,0.0054931640625,0.00567626953125,0.005935668945312,0.006202697753906,0.006446838378906,0.006919860839843001," 0.013442993164062]""",0.013412475585937,0.005744934082031,2.571326971054077,0.010522400960326,0.020416259765625,9.727478027343751e-05,0.004745483398437,0.004653930664062,0.503819444444444,0.503935185185185,0.00011574074074
816831888578,81683188857,8,0,24272909868,0.996666669845581,"""[0.002693176269531",0.004470825195312,0.005035400390625,0.005447387695312,0.005729675292968001,0.005973815917968001,0.006240844726562,0.006423950195312,0.006698608398437,0.007041931152343001," 0.012649536132812]""",0.01324462890625,0.00592041015625,2.571326971054077,0.010522400960326,0.020416259765625,9.727478027343751e-05,0.004730224609375,0.004631042480468001,0.503935185185185,0.504050925925925,0.00011574074074
816831888578,81683188857,8,0,24272909868,0.996666669845581,"""[0.0035095214843750004",0.005805969238281,0.00616455078125,0.00640869140625,0.006584167480468001,0.006767272949218001,0.006965637207031,0.007171630859375001,0.007362365722656,0.007667541503906," 0.013900756835937]""",0.01904296875,0.006866455078125001,13.286087989807129,0.041180972009897,0.020416259765625,9.727478027343751e-05,0.004791259765625,0.004684448242187,0.506134259259259,0.5062500000000001,0.00011574074074
816831888578,81683188857,8,0,24272909868,1.0,"""[0.002212524414062",0.005180358886718001,0.005760192871093001,0.006072998046875001,0.006324768066406,0.006584167480468001,0.006820678710937,0.007072448730468001,0.007278442382812,0.007652282714843001," 0.013504028320312]""",0.013626098632812,0.006568908691406,6.747430324554443,0.08050089329481101,0.020416259765625,9.727478027343751e-05,0.004737854003906,0.004638671875,0.500925925925925,0.501041666666666,0.00011574074074
816831888578,81683188857,8,0,24272909868,1.0,"""[0.0037803649902340003",0.005401611328125,0.005905151367187,0.006141662597656,0.006393432617187,0.006568908691406,0.006744384765625001,0.006965637207031,0.007240295410156,0.007560729980468001," 0.012741088867187]""",0.014785766601562,0.006614685058593001,6.161626815795898,0.034770544618368,0.020416259765625,9.727478027343751e-05,0.004776000976562,0.004676818847656,0.5031249999999999,0.50324074074074,0.00011574074074
816831888578,81683188857,8,0,24272909868,0.996666669845581,"""[0.005332946777343001",0.00604248046875,0.006317138671875001,0.006660461425781,0.006935119628906,0.007171630859375001,0.007324218749999999,0.007438659667968001,0.007575988769531,0.007759094238281," 0.019744873046875]""",0.019622802734375,0.007133483886718001,6.016031265258789,0.078726686537265,0.020416259765625,9.727478027343751e-05,0.004753112792968001,0.004653930664062,0.5050925925925921,0.505208333333333,0.00011574074074
816831888578,81683188857,8,0,24272909868,0.983333349227905,"""[0.0020866394042960003",0.004783630371093001,0.005195617675781,0.005729675292968001,0.006202697753906,0.006607055664062,0.006881713867187,0.007110595703125001,0.00738525390625,0.007720947265625001," 0.011444091796875002]""",0.064208984375,0.006355285644531,6.502729892730712,0.078446373343467,0.020416259765625,9.727478027343751e-05,0.004753112792968001,0.004661560058593001,0.505439814814814,0.5055555555555551,0.00011574074074
816831888578,81683188857,8,0,24272909868,1.0,"""[0.001651763916015",0.003898620605468,0.004745483398437,0.005271911621093001,0.00567626953125,0.0059814453125,0.006362915039062,0.006576538085937,0.006935119628906,0.007545471191406," 0.009765625]""",0.018768310546875,0.005844116210937,6.51318883895874,0.07844035327434501,0.020416259765625,9.727478027343751e-05,0.004745483398437,0.004653930664062,0.5055555555555551,0.505671296296296,0.00011574074074
816831888578,81683188857,8,0,24272909868,1.0,"""[0.0036582946777340003",0.005447387695312,0.005912780761718001,0.006172180175781,0.006431579589843001,0.006645202636718001,0.006889343261718001,0.007118225097656,0.007415771484375001,0.007675170898437," 0.01373291015625]""",0.017425537109375,0.006668090820312,6.012305736541748,0.081031709909439,0.020416259765625,9.727478027343751e-05,0.004753112792968001,0.004661560058593001,0.501851851851851,0.501967592592592,0.00011574074074
816831888578,81683188857,8,0,24272909868,0.996666669845581,"""[0.0023193359375",0.003864288330078,0.00518798828125,0.005874633789062,0.006172180175781,0.006439208984375001,0.006683349609375001,0.007026672363281,0.007438659667968001,0.007980346679687," 0.011093139648437]""",0.024139404296875003,0.0062255859375,2.710446834564209,0.012358913198113,0.020416259765625,9.727478027343751e-05,0.004791259765625,0.004669189453125,0.507986111111111,0.5081018518518511,0.00011574074074
816831888578,81683188857,8,0,24272909868,1.0,"""[0.0026092529296870004",0.003913879394531,0.004440307617187,0.004776000976562,0.005012512207031,0.005264282226562,0.005599975585937,0.006004333496093001,0.0064697265625,0.006942749023437," 0.014022827148437]""",0.014068603515625002,0.005455017089843001,6.317587375640869,0.06589925289154,0.020416259765625,9.727478027343751e-05,0.0047607421875,0.004661560058593001,0.502546296296296,0.502662037037037,0.00011574074074
816831888578,81683188857,8,0,24272909868,1.0,"""[0.0036163330078120004",0.005577087402343001,0.006309509277343001,0.006866455078125001,0.007179260253906,0.007484436035156,0.007659912109375001,0.007804870605468001,0.007949829101562,0.008102416992187," 0.01416015625]""",0.01898193359375,0.007171630859375001,13.286087989807129,0.041180972009897,0.020416259765625,9.727478027343751e-05,0.004791259765625,0.004707336425781,0.5064814814814811,0.506597222222222,0.00011574074074
816831888578,81683188857,8,0,24272909868,1.0,"""[0.003746032714843",0.005523681640625,0.006294250488281,0.006759643554687,0.007049560546875001,0.007423400878906,0.00762939453125,0.007759094238281,0.007888793945312,0.008026123046875," 0.0164794921875]""",0.0263671875,0.007217407226562,2.497276306152343,0.013666436076164001,0.020416259765625,9.727478027343751e-05,0.004768371582031,0.004638671875,0.50474537037037,0.5048611111111111,0.00011574074074
816831888578,81683188857,8,0,24272909868,1.0,"""[0.0023765563964840003",0.004241943359375,0.004661560058593001,0.005119323730468001,0.005424499511718001,0.005744934082031,0.00604248046875,0.006416320800781,0.006805419921875001,0.007255554199218001," 0.008392333984375]""",0.014373779296875002,0.005714416503906,2.270154476165771,0.019884441047906,0.020416259765625,9.727478027343751e-05,0.004737854003906,0.004638671875,0.506828703703703,0.5069444444444441,0.00011574074074
816831888578,81683188857,8,0,24272909868,0.9933333396911621,"""[0.0012054443359370002",0.0032653808593750004,0.004592895507812,0.005264282226562,0.005683898925781,0.005989074707031,0.006271362304687,0.006546020507812,0.0068359375,0.007133483886718001," 0.010498046875]""",0.0240478515625,0.005638122558593001,8.800490379333496,0.041429664939641,0.020416259765625,9.727478027343751e-05,0.004791259765625,0.004707336425781,0.5087962962962961,0.508912037037037,0.00011574074074
816831888578,81683188857,8,0,24272909868,1.0,"""[0.0009241104125970001",0.0029563903808590003,0.003715515136718,0.004234313964843001,0.004653930664062,0.005058288574218001,0.0054931640625,0.005905151367187,0.006317138671875001,0.006729125976562," 0.01153564453125]""",0.014617919921875002,0.004997253417968001,6.310664176940918,0.08049923926591801,0.020416259765625,9.727478027343751e-05,0.0047607421875,0.004638671875,0.501157407407407,0.501273148148148,0.00011574074074
816831888578,81683188857,8,0,24272909868,1.0,"""[0.004539489746093001",0.006385803222656,0.0069580078125,0.007270812988281,0.007476806640625001,0.007637023925781,0.00775146484375,0.007888793945312,0.008026123046875,0.008193969726562," 0.014907836914062]""",0.020751953125,0.007598876953125001,3.353072643280029,0.016874616965651002,0.020416259765625,9.727478027343751e-05,0.00482177734375,0.004707336425781,0.5092592592592591,0.509375,0.00011574074074
816831888578,81683188857,8,0,24272909868,1.0,"""[0.005012512207031",0.006187438964843001,0.006576538085937,0.006759643554687,0.006996154785156,0.007148742675781,0.007316589355468001,0.007499694824218001,0.007713317871093001,0.0079345703125," 0.014633178710937]""",0.014541625976562,0.007156372070312,5.84811544418335,0.08049746602773601,0.020416259765625,9.727478027343751e-05,0.004753112792968001,0.004638671875,0.50162037037037,0.501736111111111,0.00011574074074
816831888578,81683188857,8,0,24272909868,1.0,"""[0.0033836364746090003",0.005279541015625,0.005966186523437,0.006385803222656,0.006645202636718001,0.006889343261718001,0.007118225097656,0.007293701171875001,0.007522583007812,0.007759094238281," 0.012435913085937]""",0.015335083007812,0.006752014160156,1.79484748840332,0.005777894519269001,0.020416259765625,9.727478027343751e-05,0.004776000976562,0.004669189453125,0.507523148148148,0.5076388888888881,0.00011574074074
816831888578,81683188857,8,0,24272909868,0.996666669845581,"""[0.0022850036621090003",0.005760192871093001,0.006141662597656,0.006378173828125001,0.006553649902343001,0.006744384765625001,0.006988525390625001,0.007225036621093001,0.007469177246093001,0.007675170898437," 0.010406494140625]""",0.018341064453125,0.006744384765625001,6.51318883895874,0.07844035327434501,0.020416259765625,9.727478027343751e-05,0.004745483398437,0.004653930664062,0.505671296296296,0.5057870370370371,0.00011574074074
