UniqJobId,collection_id,instance_index,priority,machine_id,sample_rate,cpu_usage_distribution1,cpu_usage_distribution2,cpu_usage_distribution3,cpu_usage_distribution4,cpu_usage_distribution5,cpu_usage_distribution6,cpu_usage_distribution7,cpu_usage_distribution8,cpu_usage_distribution9,cpu_usage_distribution10,cpu_usage_distribution11,max_cpu,avg_cpu,cycles_per_instruction,memory_accesses_per_instruction,assigned_memory,page_cache_memory,max_memory,avg_memory,start_time,end_time,time_window
825250599960,82525059996,0,0,92100018152,1.0,"""[0.00010585784912100001",0.000135421752929,0.00014209747314400002,0.000148773193359,0.000155448913574,0.00016212463378900002,0.00016880035400300002,0.00017642974853500002,0.00022315979003900002,0.000319480895996," 0.0006980895996090001]""",0.000697135925292,0.000190734863281,3.734277963638305,0.029124701395630004,0.0,0.00018501281738200003,0.000432014465332,0.000431060791015,0.500231481481481,0.500347222222222,0.00011574074074
825250599960,82525059996,0,0,92100018152,1.0,"""[0.000112533569335",0.000134468078613,0.000140190124511,0.00014591217041000002,0.00015163421630800001,0.00015735626220700002,0.00016307830810500002,0.00016880035400300002,0.000174522399902,0.00019931793212800002," 0.0005025863647460001]""",0.000612258911132,0.000161170959472,3.612890720367431,0.029011618345975,0.0,0.00018501281738200003,0.00042629241943300004,0.00042533874511700004,0.502314814814814,0.502430555555555,0.00011574074074
825250599960,82525059996,0,0,92100018152,1.0,"""[0.000129699707031",0.00014114379882800002,0.000149726867675,0.00015830993652300002,0.00016784667968700002,0.00017642974853500002,0.00018787384033200002,0.00019836425781200002,0.00020980834960900003,0.00022315979003900002," 0.0005960464477530001]""",0.0005950927734370001,0.00018310546875,4.166452884674072,0.03143935650587,0.0,0.00018501281738200003,0.00042819976806600005,0.00042724609375,0.5085648148148141,0.508680555555555,0.00011574074074
825250599960,82525059996,0,0,92100018152,1.0,"""[0.000128746032714",0.00013637542724600002,0.00014209747314400002,0.00014781951904200002,0.000153541564941,0.00015830993652300002,0.00016403198242100002,0.00016975402832,0.000175476074218,0.000205039978027," 0.0005836486816400001]""",0.0005826950073240001,0.00016784667968700002,3.8157308101654053,0.028926957398653003,0.0,0.00018501281738200003,0.00042819976806600005,0.00042724609375,0.503009259259259,0.5031249999999999,0.00011574074074
825250599960,82525059996,0,0,92100018152,1.0,"""[0.000116348266601",0.000135421752929,0.00014114379882800002,0.00014781951904200002,0.000153541564941,0.000160217285156,0.000165939331054,0.00017166137695300002,0.000186920166015,0.00021934509277300002," 0.000506401062011]""",0.000505447387695,0.00017356872558500002,3.378464221954345,0.027052985504269003,0.0,0.00018501281738200003,0.000431060791015,0.000430107116699,0.501273148148148,0.501388888888888,0.00011574074074
825250599960,82525059996,0,0,92100018152,0.996666669845581,"""[0.000115394592285",0.000134468078613,0.00014114379882800002,0.00014686584472600002,0.000153541564941,0.00015926361083900002,0.000165939331054,0.00017166137695300002,0.00018405914306600003,0.00021457672119100003," 0.0005569458007810001]""",0.0005569458007810001,0.00016975402832,4.105945110321044,0.029932744801044003,0.0,0.00018501281738200003,0.00042819976806600005,0.00042629241943300004,0.505208333333333,0.5053240740740741,0.00011574074074
825250599960,82525059996,0,0,92100018152,0.996666669845581,"""[0.000123977661132",0.00013828277587800002,0.00014591217041000002,0.000153541564941,0.000161170959472,0.00016880035400300002,0.000175476074218,0.00018882751464800002,0.00020217895507800002,0.00021553039550700003," 0.0006322860717770001]""",0.0006322860717770001,0.0001802444458,4.040963649749755,0.031163964420557,0.0,0.00018501281738200003,0.00042915344238200005,0.00042819976806600005,0.509143518518518,0.5092592592592591,0.00011574074074
825250599960,82525059996,0,0,92100018152,0.996666669845581,"""[0.000107765197753",0.00014209747314400002,0.000152587890625,0.00016307830810500002,0.00017356872558500002,0.00018310546875,0.00019264221191400002,0.00020217895507800002,0.00021076202392500003,0.00022315979003900002," 0.000581741333007]""",0.000590324401855,0.00018882751464800002,4.371174812316894,0.030901217833161004,0.0,0.00018501281738200003,0.00042724609375,0.00042629241943300004,0.50636574074074,0.5064814814814811,0.00011574074074
825250599960,82525059996,0,0,92100018152,0.996666669845581,"""[0.00011920928955000001",0.000135421752929,0.00014114379882800002,0.00014781951904200002,0.000153541564941,0.00015926361083900002,0.000165939331054,0.00017166137695300002,0.00018405914306600003,0.00021457672119100003," 0.000669479370117]""",0.000669479370117,0.00017356872558500002,3.8157308101654053,0.028926957398653003,0.0,0.00018501281738200003,0.00042724609375,0.00042629241943300004,0.502546296296296,0.502662037037037,0.00011574074074
825250599960,82525059996,0,0,92100018152,1.0,"""[0.00013256072998000002",0.00014305114746000002,0.000153541564941,0.00016403198242100002,0.000175476074218,0.00018405914306600003,0.00019359588623000002,0.00020313262939400002,0.00021266937255800001,0.00023078918457," 0.0006027221679680001]""",0.000847816467285,0.000186920166015,4.166452884674072,0.03143935650587,0.0,0.00018501281738200003,0.00042819976806600005,0.00042724609375,0.508449074074074,0.5085648148148141,0.00011574074074
825250599960,82525059996,0,0,92100018152,1.0,"""[0.000111579895019",0.00013732910156200002,0.000144004821777,0.00015068054199200001,0.00015640258789,0.00016307830810500002,0.00016975402832,0.00017833709716700002,0.00020980834960900003,0.000309944152832," 0.000621795654296]""",0.00062084197998,0.000186920166015,2.9918265342712402,0.025312088429927004,0.0,0.00018501281738200003,0.000432014465332,0.000431060791015,0.500925925925925,0.501041666666666,0.00011574074074
825250599960,82525059996,0,0,92100018152,0.9933333396911621,"""[0.00012016296386700001",0.000139236450195,0.00014686584472600002,0.000155448913574,0.00016403198242100002,0.00017166137695300002,0.00018310546875,0.000195503234863,0.00020790100097600002,0.000226020812988," 0.00047683715820300005]""",0.001237869262695,0.00018215179443300001,4.330524921417236,0.031422134488821,0.0,0.00018501281738200003,0.00042915344238200005,0.00042915344238200005,0.507060185185185,0.5071759259259261,0.00011574074074
825250599960,82525059996,0,0,92100018152,1.0,"""[0.00010299682617100001",0.000125885009765,0.00013637542724600002,0.00014305114746000002,0.000148773193359,0.000154495239257,0.000160217285156,0.00016689300537100002,0.00017261505126900002,0.00020790100097600002," 0.000538825988769]""",0.000539779663085,0.00015830993652300002,3.721704959869384,0.028924982994794003,0.0,0.00018501281738200003,0.000432014465332,0.000430107116699,0.501851851851851,0.501967592592592,0.00011574074074
825250599960,82525059996,0,0,92100018152,0.996666669845581,"""[0.00013256072998000002",0.000140190124511,0.00014781951904200002,0.00015640258789,0.00016403198242100002,0.00017166137695300002,0.00018119812011700001,0.00019359588623000002,0.000205993652343,0.00021839141845700002," 0.000680923461914]""",0.00068187713623,0.00018405914306600003,3.98134183883667,0.030107097700238002,0.0,0.00018501281738200003,0.00042819976806600005,0.00042724609375,0.507754629629629,0.5078703703703701,0.00011574074074
825250599960,82525059996,0,0,92100018152,0.996666669845581,"""[0.000114440917968",0.00013351440429600002,0.000139236450195,0.000144958496093,0.00015068054199200001,0.00015735626220700002,0.00016307830810500002,0.00016880035400300002,0.000175476074218,0.000205039978027," 0.000665664672851]""",0.0009307861328120001,0.000165939331054,3.612890720367431,0.029011618345975,0.0,0.00018501281738200003,0.000430107116699,0.00042819976806600005,0.501967592592592,0.502083333333333,0.00011574074074
825250599960,82525059996,0,0,92100018152,1.0,"""[0.000110626220703",0.000134468078613,0.000140190124511,0.000144958496093,0.00015068054199200001,0.00015640258789,0.00016212463378900002,0.00016784667968700002,0.00017356872558500002,0.00019931793212800002," 0.000473976135253]""",0.0005273818969720001,0.00016212463378900002,3.612890720367431,0.029011618345975,0.0,0.00018501281738200003,0.00042629241943300004,0.00042533874511700004,0.502199074074074,0.502314814814814,0.00011574074074
825250599960,82525059996,0,0,92100018152,1.0,"""[0.000110626220703",0.00013732910156200002,0.000144004821777,0.000149726867675,0.00015640258789,0.00016212463378900002,0.00016880035400300002,0.000174522399902,0.000195503234863,0.000221252441406," 0.00047969818115200006]""",0.0005636215209960001,0.00017642974853500002,3.734277963638305,0.029124701395630004,0.0,0.00018501281738200003,0.000431060791015,0.000430107116699,0.500347222222222,0.500462962962963,0.00011574074074
825250599960,82525059996,0,0,92100018152,0.9933333396911621,"""[0.00013160705566400002",0.00014781951904200002,0.000164985656738,0.000179290771484,0.00018787384033200002,0.000196456909179,0.000205039978027,0.00021362304687500003,0.000226974487304,0.000257492065429," 0.0006675720214840001]""",0.001026153564453,0.00020217895507800002,4.293826103210449,0.031783323734998,0.0,0.00018501281738200003,0.00042724609375,0.00042629241943300004,0.5062500000000001,0.50636574074074,0.00011574074074
825250599960,82525059996,0,0,92100018152,1.0,"""[0.000127792358398",0.00014209747314400002,0.000152587890625,0.00016212463378900002,0.00017261505126900002,0.00018215179443300001,0.000191688537597,0.000201225280761,0.00021076202392500003,0.00022029876708900002," 0.0006752014160150001]""",0.000673294067382,0.000186920166015,4.166452884674072,0.03143935650587,0.0,0.00018501281738200003,0.00042915344238200005,0.00042819976806600005,0.5083333333333331,0.508449074074074,0.00011574074074
825250599960,82525059996,0,0,92100018152,0.996666669845581,"""[0.000115394592285",0.000134468078613,0.000140190124511,0.000144958496093,0.00015068054199200001,0.00015640258789,0.00016212463378900002,0.00016784667968700002,0.00017356872558500002,0.00019836425781200002," 0.0005111694335930001]""",0.0009584426879880001,0.00016689300537100002,3.951995134353637,0.029448011890053003,0.0,0.00018501281738200003,0.00042724609375,0.00042629241943300004,0.5048611111111111,0.504976851851851,0.00011574074074
825250599960,82525059996,0,0,92100018152,1.0,"""[0.000128746032714",0.00014209747314400002,0.000152587890625,0.00016307830810500002,0.00017356872558500002,0.00018310546875,0.00019264221191400002,0.000201225280761,0.00021076202392500003,0.00021934509277300002," 0.000579833984375]""",0.000684738159179,0.00018787384033200002,4.380726337432861,0.030792284756898002,0.0,0.00018501281738200003,0.00042915344238200005,0.00042819976806600005,0.506828703703703,0.5069444444444441,0.00011574074074
825250599960,82525059996,0,0,92100018152,1.0,"""[0.000123023986816",0.000139236450195,0.00014686584472600002,0.000154495239257,0.00016307830810500002,0.000170707702636,0.0001802444458,0.00019264221191400002,0.000205993652343,0.00021839141845700002," 0.000569343566894]""",0.000575065612792,0.0001802444458,4.040963649749755,0.031163964420557,0.0,0.00018501281738200003,0.000430107116699,0.00042819976806600005,0.5092592592592591,0.509375,0.00011574074074
825250599960,82525059996,0,0,92100018152,0.996666669845581,"""[0.000115394592285",0.000135421752929,0.00014209747314400002,0.00014781951904200002,0.000153541564941,0.000160217285156,0.000165939331054,0.00017166137695300002,0.00018405914306600003,0.00021076202392500003," 0.0005340576171870001]""",0.0005350112915030001,0.00016880035400300002,4.105945110321044,0.029932744801044003,0.0,0.00018501281738200003,0.00042819976806600005,0.00042724609375,0.505439814814814,0.5055555555555551,0.00011574074074
825250599960,82525059996,0,0,92100018152,0.996666669845581,"""[0.000113487243652",0.000135421752929,0.00014114379882800002,0.00014686584472600002,0.000152587890625,0.00015830993652300002,0.00016403198242100002,0.00016975402832,0.000174522399902,0.000205039978027," 0.00047779083251900005]""",0.00047779083251900005,0.000164985656738,3.54089069366455,0.02771046385169,0.0,0.00018501281738200003,0.00042724609375,0.00042724609375,0.503587962962962,0.503703703703703,0.00011574074074
825250599960,82525059996,0,0,92100018152,1.0,"""[0.000129699707031",0.000140190124511,0.000149726867675,0.00015926361083900002,0.00016784667968700002,0.00017738342285100002,0.00018787384033200002,0.00019836425781200002,0.00020885467529200002,0.00021934509277300002," 0.000623703002929]""",0.0006246566772460001,0.00018501281738200003,4.293826103210449,0.031783323734998,0.0,0.00018501281738200003,0.00042629241943300004,0.00042629241943300004,0.505671296296296,0.5057870370370371,0.00011574074074
825250599960,82525059996,0,0,92100018152,0.990000009536743,"""[0.000126838684082",0.000139236450195,0.00014781951904200002,0.000155448913574,0.00016403198242100002,0.00017261505126900002,0.00018310546875,0.000196456909179,0.00020980834960900003,0.00023460388183500002," 0.000683784484863]""",0.00068187713623,0.000185966491699,4.031469345092773,0.030467869713902,0.0,0.00018501281738200003,0.00042915344238200005,0.00042819976806600005,0.5081018518518511,0.508217592592592,0.00011574074074
825250599960,82525059996,0,0,92100018152,1.0,"""[0.000127792358398",0.00014686584472600002,0.00016307830810500002,0.00017738342285100002,0.00018501281738200003,0.00019264221191400002,0.000200271606445,0.00020790100097600002,0.00021553039550700003,0.00023841857910100002," 0.00053596496582]""",0.000538825988769,0.00019359588623000002,4.166452884674072,0.03143935650587,0.0,0.00018501281738200003,0.000430107116699,0.00042915344238200005,0.508217592592592,0.5083333333333331,0.00011574074074
825250599960,82525059996,0,0,92100018152,0.996666669845581,"""[0.0001220703125",0.00013637542724600002,0.00014305114746000002,0.000149726867675,0.00015640258789,0.00016403198242100002,0.000170707702636,0.00018119812011700001,0.00021839141845700002,0.00031375885009700004," 0.000524520874023]""",0.00059700012207,0.000191688537597,3.130276918411254,0.026023054495453002,0.0,0.00018501281738200003,0.000432014465332,0.000430107116699,0.500694444444444,0.500810185185185,0.00011574074074
825250599960,82525059996,0,0,92100018152,1.0,"""[0.00011730194091700002",0.00013828277587800002,0.000144958496093,0.00015163421630800001,0.00015830993652300002,0.000165939331054,0.00017261505126900002,0.00018310546875,0.00019836425781200002,0.00021457672119100003," 0.00039768218994100005]""",0.000726699829101,0.000175476074218,4.380726337432861,0.030792284756898002,0.0,0.00018501281738200003,0.00042819976806600005,0.00042724609375,0.506597222222222,0.5067129629629631,0.00011574074074
825250599960,82525059996,0,0,92100018152,1.0,"""[0.000114440917968",0.00013732910156200002,0.00014305114746000002,0.000149726867675,0.00015640258789,0.00016307830810500002,0.00016975402832,0.00017642974853500002,0.00019741058349600002,0.00021743774414," 0.000537872314453]""",0.000539779663085,0.0001802444458,2.9918265342712402,0.025312088429927004,0.0,0.00018501281738200003,0.000432014465332,0.000431060791015,0.500810185185185,0.500925925925925,0.00011574074074
825250599960,82525059996,0,0,92100018152,1.0,"""[0.00010871887207",0.000134468078613,0.000140190124511,0.00014591217041000002,0.00015163421630800001,0.00015830993652300002,0.00016403198242100002,0.00016975402832,0.000175476074218,0.00020885467529200002," 0.0006265640258780001]""",0.0006265640258780001,0.000164985656738,3.8157308101654053,0.028926957398653003,0.0,0.00018501281738200003,0.00042724609375,0.00042629241943300004,0.502777777777777,0.502893518518518,0.00011574074074
825250599960,82525059996,0,0,92100018152,0.9933333396911621,"""[0.000129699707031",0.00013828277587800002,0.00014591217041000002,0.000154495239257,0.00016212463378900002,0.000170707702636,0.0001802444458,0.000191688537597,0.00020408630371000002,0.00021553039550700003," 0.000589370727539]""",0.000590324401855,0.0001802444458,4.040963649749755,0.031163964420557,0.0,0.00018501281738200003,0.00042819976806600005,0.00042724609375,0.5090277777777771,0.509143518518518,0.00011574074074
825250599960,82525059996,0,0,92100018152,1.0,"""[0.00011825561523400002",0.00013828277587800002,0.00014591217041000002,0.000152587890625,0.000160217285156,0.00016784667968700002,0.000174522399902,0.00018787384033200002,0.00020313262939400002,0.00021743774414," 0.0005531311035150001]""",0.000554084777832,0.00018119812011700001,3.98134183883667,0.030107097700238002,0.0,0.00018501281738200003,0.00042819976806600005,0.00042819976806600005,0.5076388888888881,0.507754629629629,0.00011574074074
825250599960,82525059996,0,0,92100018152,0.996666669845581,"""[0.00013256072998000002",0.000148773193359,0.000164985656738,0.00017833709716700002,0.000185966491699,0.00019264221191400002,0.000200271606445,0.00020694732666000002,0.00021457672119100003,0.00022888183593700002," 0.0008087158203120001]""",0.0009002685546870001,0.000195503234863,4.293826103210449,0.031783323734998,0.0,0.00018501281738200003,0.00042724609375,0.00042629241943300004,0.5060185185185181,0.506134259259259,0.00011574074074
825250599960,82525059996,0,0,92100018152,1.0,"""[0.000115394592285",0.000134468078613,0.000140190124511,0.00014686584472600002,0.000152587890625,0.00015830993652300002,0.00016403198242100002,0.00016975402832,0.00017642974853500002,0.000205993652343," 0.000575065612792]""",0.000574111938476,0.000165939331054,3.8157308101654053,0.028926957398653003,0.0,0.00018501281738200003,0.00042724609375,0.00042724609375,0.502893518518518,0.503009259259259,0.00011574074074
825250599960,82525059996,0,0,92100018152,1.0,"""[0.00012111663818300001",0.00013732910156200002,0.000144958496093,0.000152587890625,0.00015926361083900002,0.00016689300537100002,0.000174522399902,0.00018787384033200002,0.00020408630371000002,0.00022029876708900002," 0.000591278076171]""",0.000590324401855,0.00018119812011700001,4.161976814270019,0.031429532915353005,0.0,0.00018501281738200003,0.00042724609375,0.00042629241943300004,0.508912037037037,0.5090277777777771,0.00011574074074
825250599960,82525059996,0,0,92100018152,1.0,"""[0.000114440917968",0.000135421752929,0.00014209747314400002,0.000148773193359,0.000155448913574,0.00016212463378900002,0.00016880035400300002,0.000175476074218,0.00020885467529200002,0.00030231475830000003," 0.0006551742553710001]""",0.0006570816040030001,0.000185966491699,2.9918265342712402,0.025312088429927004,0.0,0.00018501281738200003,0.000432014465332,0.000431060791015,0.501157407407407,0.501273148148148,0.00011574074074
825250599960,82525059996,0,0,92100018152,1.0,"""[0.00011730194091700002",0.000135421752929,0.00014114379882800002,0.00014686584472600002,0.000152587890625,0.00015830993652300002,0.00016403198242100002,0.00016975402832,0.000175476074218,0.00020694732666000002," 0.000411033630371]""",0.00046634674072200004,0.00016880035400300002,4.105945110321044,0.029932744801044003,0.0,0.00018501281738200003,0.00042629241943300004,0.00042533874511700004,0.5050925925925921,0.505208333333333,0.00011574074074
825250599960,82525059996,0,0,92100018152,0.9933333396911621,"""[0.00012016296386700001",0.000135421752929,0.00014114379882800002,0.00014781951904200002,0.000153541564941,0.00015926361083900002,0.000164985656738,0.000170707702636,0.0001802444458,0.00021553039550700003," 0.0006904602050780001]""",0.0006914138793940001,0.00017166137695300002,4.105945110321044,0.029932744801044003,0.0,0.00018501281738200003,0.00042819976806600005,0.00042724609375,0.5053240740740741,0.505439814814814,0.00011574074074
825250599960,82525059996,0,0,92100018152,1.0,"""[0.00011825561523400002",0.00013828277587800002,0.000144958496093,0.000152587890625,0.00015926361083900002,0.00016689300537100002,0.00017356872558500002,0.000186920166015,0.00020217895507800002,0.000216484069824," 0.000548362731933]""",0.000539779663085,0.00017833709716700002,4.124688625335693,0.03011736087501,0.0,0.00018501281738200003,0.00042629241943300004,0.00042533874511700004,0.5055555555555551,0.505671296296296,0.00011574074074
825250599960,82525059996,0,0,92100018152,1.0,"""[0.00012111663818300001",0.00013828277587800002,0.000144958496093,0.00015163421630800001,0.00015830993652300002,0.000164985656738,0.00017166137695300002,0.00018310546875,0.000201225280761,0.00021934509277300002," 0.00041961669921800006]""",0.000670433044433,0.00018310546875,3.722800970077514,0.029051834717392002,0.0,0.00018501281738200003,0.000432014465332,0.000431060791015,0.5001157407407401,0.500231481481481,0.00011574074074
825250599960,82525059996,0,0,92100018152,0.996666669845581,"""[0.000116348266601",0.00013828277587800002,0.00014591217041000002,0.000153541564941,0.000161170959472,0.00016784667968700002,0.000175476074218,0.00018882751464800002,0.00020313262939400002,0.000216484069824," 0.0006141662597650001]""",0.000798225402832,0.000179290771484,3.98134183883667,0.030107097700238002,0.0,0.00018501281738200003,0.00042819976806600005,0.00042724609375,0.507986111111111,0.5081018518518511,0.00011574074074
825250599960,82525059996,0,0,92100018152,0.9933333396911621,"""[0.000124931335449",0.000139236450195,0.00014591217041000002,0.000152587890625,0.000160217285156,0.00016689300537100002,0.00017356872558500002,0.00019359588623000002,0.00021934509277300002,0.000327110290527," 0.000640869140625]""",0.000639915466308,0.00019931793212800002,3.734277963638305,0.029124701395630004,0.0,0.00018501281738200003,0.000432968139648,0.000431060791015,0.500462962962963,0.500578703703703,0.00011574074074
825250599960,82525059996,0,0,92100018152,1.0,"""[0.000115394592285",0.00013637542724600002,0.00014305114746000002,0.000148773193359,0.000155448913574,0.000161170959472,0.00016784667968700002,0.00017356872558500002,0.00019264221191400002,0.00021839141845700002," 0.000730514526367]""",0.000730514526367,0.000174522399902,3.734277963638305,0.029124701395630004,0.0,0.00018501281738200003,0.000431060791015,0.000430107116699,0.500578703703703,0.500694444444444,0.00011574074074
825250599960,82525059996,0,0,92100018152,0.996666669845581,"""[0.00013828277587800002",0.00015163421630800001,0.000164985656738,0.00017738342285100002,0.00018501281738200003,0.00019264221191400002,0.000200271606445,0.00020694732666000002,0.00021457672119100003,0.00023555755615200003," 0.000589370727539]""",0.0006608963012690001,0.00019454956054600002,3.839044094085693,0.029092369601130003,0.0,0.00018501281738200003,0.00042819976806600005,0.00042724609375,0.504513888888888,0.504629629629629,0.00011574074074
825250599960,82525059996,0,0,92100018152,1.0,"""[0.000115394592285",0.000135421752929,0.00014209747314400002,0.00014781951904200002,0.000154495239257,0.000161170959472,0.00016689300537100002,0.00017356872558500002,0.00018978118896400002,0.00021266937255800001," 0.00057029724121]""",0.00057029724121,0.00017261505126900002,4.380726337432861,0.030792284756898002,0.0,0.00018501281738200003,0.00042819976806600005,0.00042724609375,0.5064814814814811,0.506597222222222,0.00011574074074
825250599960,82525059996,0,0,92100018152,1.0,"""[0.000113487243652",0.000134468078613,0.00014114379882800002,0.00014686584472600002,0.000152587890625,0.00015830993652300002,0.000164985656738,0.000170707702636,0.000179290771484,0.00020790100097600002," 0.000525474548339]""",0.0005645751953120001,0.00016784667968700002,3.429506778717041,0.027404380962252003,0.0,0.00018501281738200003,0.00042819976806600005,0.00042724609375,0.503935185185185,0.504050925925925,0.00011574074074
825250599960,82525059996,0,0,92100018152,0.996666669845581,"""[0.00011730194091700002",0.00013637542724600002,0.00014305114746000002,0.000148773193359,0.000155448913574,0.000161170959472,0.00016689300537100002,0.00017356872558500002,0.00018978118896400002,0.00021362304687500003," 0.000645637512207]""",0.000645637512207,0.000175476074218,3.98134183883667,0.030107097700238002,0.0,0.00018501281738200003,0.00042819976806600005,0.00042724609375,0.5078703703703701,0.507986111111111,0.00011574074074
825250599960,82525059996,0,0,92100018152,1.0,"""[0.000115394592285",0.00013732910156200002,0.000144958496093,0.00015163421630800001,0.00015830993652300002,0.000165939331054,0.00017261505126900002,0.00018405914306600003,0.000201225280761,0.00021743774414," 0.00041866302490200006]""",0.000769615173339,0.00017738342285100002,3.429506778717041,0.027404380962252003,0.0,0.00018501281738200003,0.00042819976806600005,0.00042724609375,0.504050925925925,0.504166666666666,0.00011574074074
825250599960,82525059996,0,0,92100018152,1.0,"""[0.00012016296386700001",0.000135421752929,0.00014209747314400002,0.00014781951904200002,0.000154495239257,0.000161170959472,0.00016689300537100002,0.00017356872558500002,0.000190734863281,0.00021553039550700003," 0.0005464553833000001]""",0.0005464553833000001,0.00017356872558500002,3.667314767837524,0.028384555131196,0.0,0.00018501281738200003,0.00042915344238200005,0.00042819976806600005,0.504166666666666,0.504282407407407,0.00011574074074
825250599960,82525059996,0,0,92100018152,1.0,"""[0.000112533569335",0.00013637542724600002,0.00014305114746000002,0.000148773193359,0.000154495239257,0.000160217285156,0.00016689300537100002,0.00017261505126900002,0.000185966491699,0.00021266937255800001," 0.0005149841308590001]""",0.0005159378051750001,0.00017166137695300002,3.8157308101654053,0.028926957398653003,0.0,0.00018501281738200003,0.00042819976806600005,0.00042724609375,0.502662037037037,0.502777777777777,0.00011574074074
825250599960,82525059996,0,0,92100018152,1.0,"""[0.00013256072998000002",0.000144004821777,0.00015640258789,0.00016880035400300002,0.0001802444458,0.00018787384033200002,0.000196456909179,0.000205039978027,0.00021266937255800001,0.00022888183593700002," 0.000608444213867]""",0.000609397888183,0.00018978118896400002,4.347094058990478,0.031214253976941,0.0,0.00018501281738200003,0.00042915344238200005,0.00042819976806600005,0.5069444444444441,0.507060185185185,0.00011574074074
825250599960,82525059996,0,0,92100018152,1.0,"""[0.00011730194091700002",0.00013732910156200002,0.00014305114746000002,0.000148773193359,0.000154495239257,0.000161170959472,0.00016689300537100002,0.00017261505126900002,0.00018882751464800002,0.00021362304687500003," 0.00045776367187500005]""",0.000463485717773,0.00017166137695300002,4.116797924041748,0.029305635020136004,0.0,0.00018501281738200003,0.00042629241943300004,0.00042629241943300004,0.5031249999999999,0.50324074074074,0.00011574074074
825250599960,82525059996,0,0,92100018152,1.0,"""[0.000115394592285",0.000134468078613,0.000140190124511,0.00014591217041000002,0.00015163421630800001,0.00015735626220700002,0.00016307830810500002,0.00016880035400300002,0.000174522399902,0.000205993652343," 0.000589370727539]""",0.000589370727539,0.000165939331054,4.125233650207519,0.029316244646906003,0.0,0.00018501281738200003,0.00042819976806600005,0.00042629241943300004,0.50324074074074,0.503356481481481,0.00011574074074
825250599960,82525059996,0,0,92100018152,1.0,"""[0.000107765197753",0.000126838684082,0.00013637542724600002,0.00014209747314400002,0.000148773193359,0.000154495239257,0.000160217285156,0.000165939331054,0.00017261505126900002,0.000196456909179," 0.00045967102050700005]""",0.00045967102050700005,0.00015735626220700002,3.78332257270813,0.028875922784209,0.0,0.00018501281738200003,0.000432014465332,0.000431060791015,0.501736111111111,0.501851851851851,0.00011574074074
825250599960,82525059996,0,0,92100018152,0.996666669845581,"""[0.0001220703125",0.00014305114746000002,0.000155448913574,0.00016689300537100002,0.00017833709716700002,0.000186920166015,0.000195503234863,0.00020408630371000002,0.00021266937255800001,0.00022792816162100002," 0.0006256103515620001]""",0.000951766967773,0.00018787384033200002,4.293826103210449,0.031783323734998,0.0,0.00018501281738200003,0.00042629241943300004,0.00042533874511700004,0.505902777777777,0.5060185185185181,0.00011574074074
825250599960,82525059996,0,0,92100018152,0.996666669845581,"""[0.00010395050048800001",0.000134468078613,0.000140190124511,0.00014686584472600002,0.000152587890625,0.00015926361083900002,0.000164985656738,0.00017166137695300002,0.00018310546875,0.00021076202392500003," 0.000562667846679]""",0.000555992126464,0.00016880035400300002,3.839044094085693,0.029092369601130003,0.0,0.00018501281738200003,0.00042724609375,0.00042629241943300004,0.50474537037037,0.5048611111111111,0.00011574074074
825250599960,82525059996,0,0,92100018152,0.996666669845581,"""[0.000123977661132",0.00013828277587800002,0.00014591217041000002,0.000153541564941,0.000160217285156,0.00016784667968700002,0.000175476074218,0.00018787384033200002,0.00020217895507800002,0.000216484069824," 0.0009241104125970001]""",0.0009241104125970001,0.00018119812011700001,4.166452884674072,0.03143935650587,0.0,0.00018501281738200003,0.00042819976806600005,0.00042724609375,0.5087962962962961,0.508912037037037,0.00011574074074
825250599960,82525059996,0,0,92100018152,1.0,"""[0.000115394592285",0.000135421752929,0.00014209747314400002,0.00014781951904200002,0.000153541564941,0.000160217285156,0.000165939331054,0.00017261505126900002,0.00018882751464800002,0.000226974487304," 0.000500679016113]""",0.001100540161132,0.00017738342285100002,2.9918265342712402,0.025312088429927004,0.0,0.00018501281738200003,0.000432968139648,0.000431060791015,0.501041666666666,0.501157407407407,0.00011574074074
825250599960,82525059996,0,0,92100018152,1.0,"""[0.00011920928955000001",0.00014209747314400002,0.000153541564941,0.00016403198242100002,0.000175476074218,0.00018405914306600003,0.00019359588623000002,0.00020217895507800002,0.00021171569824200001,0.00022506713867100002," 0.0005455017089840001]""",0.000544548034667,0.00018787384033200002,4.157485485076904,0.03077046200633,0.0,0.00018501281738200003,0.00042819976806600005,0.00042724609375,0.507523148148148,0.5076388888888881,0.00011574074074
825250599960,82525059996,0,0,92100018152,0.996666669845581,"""[0.00011825561523400002",0.00013828277587800002,0.00014591217041000002,0.000153541564941,0.000161170959472,0.00016880035400300002,0.00017738342285100002,0.000191688537597,0.000205993652343,0.00022029876708900002," 0.0005769729614250001]""",0.000578880310058,0.0001802444458,3.839044094085693,0.029092369601130003,0.0,0.00018501281738200003,0.00042915344238200005,0.00042819976806600005,0.504282407407407,0.504398148148148,0.00011574074074
825250599960,82525059996,0,0,92100018152,1.0,"""[0.00011920928955000001",0.00013637542724600002,0.00014209747314400002,0.000148773193359,0.000154495239257,0.000160217285156,0.00016689300537100002,0.00017261505126900002,0.000186920166015,0.00021171569824200001," 0.000584602355957]""",0.000585556030273,0.00016975402832,3.647268056869506,0.028997270390391003,0.0,0.00018501281738200003,0.00042629241943300004,0.00042629241943300004,0.502430555555555,0.502546296296296,0.00011574074074
825250599960,82525059996,0,0,92100018152,1.0,"""[0.000127792358398",0.00014305114746000002,0.000154495239257,0.000165939331054,0.00017738342285100002,0.000185966491699,0.00019454956054600002,0.00020313262939400002,0.00021266937255800001,0.00022888183593700002," 0.0006561279296870001]""",0.0006561279296870001,0.00018978118896400002,3.839044094085693,0.029092369601130003,0.0,0.00018501281738200003,0.00042915344238200005,0.00042819976806600005,0.504398148148148,0.504513888888888,0.00011574074074
825250599960,82525059996,0,0,92100018152,1.0,"""[0.00011920928955000001",0.00013828277587800002,0.00014686584472600002,0.000154495239257,0.00016212463378900002,0.000170707702636,0.000179290771484,0.00019264221191400002,0.000205039978027,0.00021839141845700002," 0.0007019042968750001]""",0.0007019042968750001,0.00018119812011700001,3.839044094085693,0.029092369601130003,0.0,0.00018501281738200003,0.00042819976806600005,0.00042724609375,0.504629629629629,0.50474537037037,0.00011574074074
825250599960,82525059996,0,0,92100018152,1.0,"""[0.0001220703125",0.00013828277587800002,0.00014591217041000002,0.000154495239257,0.00016212463378900002,0.000170707702636,0.0001802444458,0.00019359588623000002,0.00020694732666000002,0.000221252441406," 0.0007057189941400001]""",0.0007038116455070001,0.00018501281738200003,4.380726337432861,0.030792284756898002,0.0,0.00018501281738200003,0.00042915344238200005,0.00042819976806600005,0.5067129629629631,0.506828703703703,0.00011574074074
825250599960,82525059996,0,0,92100018152,0.996666669845581,"""[0.000114440917968",0.00013732910156200002,0.000144958496093,0.000152587890625,0.000160217285156,0.00016880035400300002,0.00017642974853500002,0.00018978118896400002,0.00020313262939400002,0.00021743774414," 0.000589370727539]""",0.0005884170532220001,0.000179290771484,4.166452884674072,0.03143935650587,0.0,0.00018501281738200003,0.00042819976806600005,0.00042724609375,0.508680555555555,0.5087962962962961,0.00011574074074
825250599960,82525059996,0,0,92100018152,1.0,"""[0.000124931335449",0.00014114379882800002,0.00015068054199200001,0.000160217285156,0.00016975402832,0.000179290771484,0.000191688537597,0.00020313262939400002,0.00021457672119100003,0.000244140625," 0.000622749328613]""",0.0008068084716790001,0.00018978118896400002,4.330524921417236,0.031422134488821,0.0,0.00018501281738200003,0.00042915344238200005,0.00042819976806600005,0.5071759259259261,0.507291666666666,0.00011574074074
825250599960,82525059996,0,0,92100018152,0.996666669845581,"""[0.00010585784912100001",0.000134468078613,0.000140190124511,0.00014591217041000002,0.00015163421630800001,0.00015735626220700002,0.00016307830810500002,0.00016880035400300002,0.000174522399902,0.000205993652343," 0.000493049621582]""",0.000493049621582,0.000165939331054,4.125233650207519,0.029316244646906003,0.0,0.00018501281738200003,0.00042819976806600005,0.00042724609375,0.503356481481481,0.503472222222222,0.00011574074074
825250599960,82525059996,0,0,92100018152,1.0,"""[0.000113487243652",0.000134468078613,0.000140190124511,0.00014591217041000002,0.00015163421630800001,0.00015735626220700002,0.00016307830810500002,0.00016880035400300002,0.000174522399902,0.00020313262939400002," 0.000473022460937]""",0.000472068786621,0.00016307830810500002,4.125233650207519,0.029316244646906003,0.0,0.00018501281738200003,0.00042819976806600005,0.00042819976806600005,0.503472222222222,0.503587962962962,0.00011574074074
825250599960,82525059996,0,0,92100018152,0.996666669845581,"""[0.000134468078613",0.00014686584472600002,0.00015926361083900002,0.00017166137695300002,0.00018215179443300001,0.000190734863281,0.000200271606445,0.00020885467529200002,0.00021743774414,0.000259399414062," 0.000774383544921]""",0.000776290893554,0.000200271606445,4.330524921417236,0.031422134488821,0.0,0.00018501281738200003,0.000432968139648,0.00042915344238200005,0.5074074074074071,0.507523148148148,0.00011574074074
825250599960,82525059996,0,0,92100018152,1.0,"""[0.00011825561523400002",0.00013732910156200002,0.000144004821777,0.00015068054199200001,0.00015735626220700002,0.00016403198242100002,0.000170707702636,0.00018119812011700001,0.000200271606445,0.00021934509277300002," 0.000590324401855]""",0.000590324401855,0.000179290771484,4.040963649749755,0.031163964420557,0.0,0.00018501281738200003,0.00042915344238200005,0.00042819976806600005,0.509375,0.5094907407407401,0.00011574074074
825250599960,82525059996,0,0,92100018152,1.0,"""[0.000115394592285",0.00013637542724600002,0.00014209747314400002,0.000148773193359,0.000154495239257,0.000161170959472,0.00016689300537100002,0.00017356872558500002,0.00018882751464800002,0.00021266937255800001," 0.000558853149414]""",0.000558853149414,0.000170707702636,3.429506778717041,0.027404380962252003,0.0,0.00018501281738200003,0.00042915344238200005,0.00042724609375,0.503703703703703,0.503819444444444,0.00011574074074
825250599960,82525059996,0,0,92100018152,1.0,"""[0.000115394592285",0.000135421752929,0.00014209747314400002,0.000148773193359,0.000155448913574,0.00016212463378900002,0.00016784667968700002,0.000174522399902,0.00019359588623000002,0.00021457672119100003," 0.000529289245605]""",0.000528335571289,0.00017356872558500002,3.429506778717041,0.027404380962252003,0.0,0.00018501281738200003,0.00042819976806600005,0.00042819976806600005,0.503819444444444,0.503935185185185,0.00011574074074
825250599960,82525059996,0,0,92100018152,0.9933333396911621,"""[0.000123023986816",0.000140190124511,0.00015068054199200001,0.000160217285156,0.000170707702636,0.0001802444458,0.00018978118896400002,0.000200271606445,0.00020980834960900003,0.00021934509277300002," 0.000593185424804]""",0.000636100769042,0.00018501281738200003,4.293826103210449,0.031783323734998,0.0,0.00018501281738200003,0.00042629241943300004,0.00042533874511700004,0.5057870370370371,0.505902777777777,0.00011574074074
