UniqJobId,collection_id,instance_index,priority,machine_id,sample_rate,cpu_usage_distribution1,cpu_usage_distribution2,cpu_usage_distribution3,cpu_usage_distribution4,cpu_usage_distribution5,cpu_usage_distribution6,cpu_usage_distribution7,cpu_usage_distribution8,cpu_usage_distribution9,cpu_usage_distribution10,cpu_usage_distribution11,max_cpu,avg_cpu,cycles_per_instruction,memory_accesses_per_instruction,assigned_memory,page_cache_memory,max_memory,avg_memory,start_time,end_time,time_window
825246801940,82524680194,0,0,1713257708,1.0,"""[9.059906005859376e-05",0.0001220703125,0.00013637542724600002,0.00014209747314400002,0.00014781951904200002,0.000153541564941,0.000160217285156,0.000165939331054,0.00017166137695300002,0.00019359588623000002," 0.0007209777832030001]""",0.0007238388061520001,0.00015735626220700002,4.694048881530761,0.014780510216951,0.0,0.000222206115722,0.000411033630371,0.000411033630371,0.505902777777777,0.5060185185185181,0.00011574074074
825246801940,82524680194,0,0,1713257708,1.0,"""[0.00010108947753900001",0.000130653381347,0.00013828277587800002,0.000144958496093,0.00015163421630800001,0.00015830993652300002,0.000164985656738,0.00017166137695300002,0.000186920166015,0.00023937225341700002," 0.000623703002929]""",0.000621795654296,0.00017261505126900002,4.340452671051025,0.014774241484701002,0.0,0.000222206115722,0.000409126281738,0.00040817260742100005,0.5001157407407401,0.500231481481481,0.00011574074074
825246801940,82524680194,0,0,1713257708,1.0,"""[9.250640869140626e-05",0.00011730194091700002,0.000134468078613,0.00014114379882800002,0.00014686584472600002,0.000153541564941,0.00015926361083900002,0.000165939331054,0.00017261505126900002,0.000195503234863," 0.000530242919921]""",0.000531196594238,0.000154495239257,4.694048881530761,0.014780510216951,0.0,0.000222206115722,0.000411033630371,0.000410079956054,0.506134259259259,0.5062500000000001,0.00011574074074
825246801940,82524680194,0,0,1713257708,1.0,"""[0.000107765197753",0.000130653381347,0.00013828277587800002,0.00014591217041000002,0.000152587890625,0.00015926361083900002,0.000165939331054,0.00017356872558500002,0.00019264221191400002,0.00022411346435500002," 0.00074291229248]""",0.000804901123046,0.00017166137695300002,4.190028190612793,0.014509194530546,0.0,0.000222206115722,0.000409126281738,0.00040626525878900005,0.500810185185185,0.500925925925925,0.00011574074074
825246801940,82524680194,0,0,1713257708,1.0,"""[9.822845458984376e-05",0.000111579895019,0.000125885009765,0.00013637542724600002,0.000144004821777,0.00015163421630800001,0.00015926361083900002,0.00016689300537100002,0.000174522399902,0.00021457672119100003," 0.000555992126464]""",0.000558853149414,0.00015926361083900002,4.806406497955322,0.015000073239207,0.0,0.000222206115722,0.000411987304687,0.000411033630371,0.5067129629629631,0.506828703703703,0.00011574074074
825246801940,82524680194,0,0,1713257708,1.0,"""[9.822845458984376e-05",0.000115394592285,0.00013256072998000002,0.000139236450195,0.00014591217041000002,0.00015163421630800001,0.00015830993652300002,0.000164985656738,0.00017166137695300002,0.00019454956054600002," 0.000725746154785]""",0.000727653503417,0.000154495239257,4.7761030197143555,0.015134734101593002,0.0,0.000222206115722,0.000410079956054,0.000409126281738,0.5069444444444441,0.507060185185185,0.00011574074074
825246801940,82524680194,0,0,1713257708,1.0,"""[0.000115394592285",0.000134468078613,0.000140190124511,0.00014686584472600002,0.000152587890625,0.00015830993652300002,0.00016403198242100002,0.000170707702636,0.000179290771484,0.00022029876708900002," 0.000635147094726]""",0.000635147094726,0.00016689300537100002,4.23064661026001,0.015124356374144,0.0,0.000222206115722,0.00040817260742100005,0.00040817260742100005,0.501273148148148,0.501388888888888,0.00011574074074
825246801940,82524680194,0,0,1713257708,1.0,"""[9.918212890625001e-05",0.000114440917968,0.000129699707031,0.00013828277587800002,0.000144958496093,0.00015163421630800001,0.00015926361083900002,0.000165939331054,0.00017261505126900002,0.00020313262939400002," 0.000611305236816]""",0.000611305236816,0.000153541564941,4.6028947830200195,0.014953749254345,0.0,0.000222206115722,0.00040626525878900005,0.00040531158447200004,0.50324074074074,0.503356481481481,0.00011574074074
825246801940,82524680194,0,0,1713257708,1.0,"""[9.822845458984376e-05",0.000106811523437,0.000115394592285,0.000123977661132,0.00013256072998000002,0.00014114379882800002,0.00015068054199200001,0.00015926361083900002,0.00016784667968700002,0.00018310546875," 0.0005960464477530001]""",0.0005826950073240001,0.000144958496093,3.268542528152465,0.011293957009911001,0.0,0.000222206115722,0.000410079956054,0.000409126281738,0.5071759259259261,0.507291666666666,0.00011574074074
825246801940,82524680194,0,0,1713257708,1.0,"""[0.00010490417480400001",0.00012016296386700001,0.00013351440429600002,0.000140190124511,0.00014591217041000002,0.00015163421630800001,0.00015830993652300002,0.00016403198242100002,0.00016975402832,0.00017642974853500002," 0.000788688659667]""",0.0007829666137690001,0.000154495239257,4.70139455795288,0.015272676013410001,0.0,0.000222206115722,0.000410079956054,0.000410079956054,0.5076388888888881,0.507754629629629,0.00011574074074
825246801940,82524680194,0,0,1713257708,1.0,"""[0.00010490417480400001",0.00013256072998000002,0.000139236450195,0.000144958496093,0.00015068054199200001,0.00015640258789,0.00016212463378900002,0.00016880035400300002,0.000174522399902,0.00020408630371000002," 0.000680923461914]""",0.000680923461914,0.000161170959472,3.75495958328247,0.013610754162073002,0.0,0.000222206115722,0.00040626525878900005,0.00040626525878900005,0.501851851851851,0.501967592592592,0.00011574074074
825246801940,82524680194,0,0,1713257708,1.0,"""[0.00010395050048800001",0.00011825561523400002,0.00013256072998000002,0.000140190124511,0.00014686584472600002,0.000154495239257,0.000161170959472,0.00016880035400300002,0.000175476074218,0.00021362304687500003," 0.00048446655273400003]""",0.000483512878417,0.00015830993652300002,4.683494567871093,0.01512337103486,0.0,0.000222206115722,0.000409126281738,0.00040721893310500005,0.503819444444444,0.503935185185185,0.00011574074074
825246801940,82524680194,0,0,1713257708,1.0,"""[8.869171142578126e-05",9.918212890625001e-05,0.000109672546386,0.00012111663818300001,0.00013160705566400002,0.00014114379882800002,0.000149726867675,0.00015926361083900002,0.00016784667968700002,0.00018787384033200002," 0.0005216598510740001]""",0.0005216598510740001,0.00014686584472600002,3.8870785236358643,0.014089929871261002,0.0,0.000222206115722,0.00040626525878900005,0.00040531158447200004,0.501967592592592,0.502083333333333,0.00011574074074
825246801940,82524680194,0,0,1713257708,1.0,"""[0.00010299682617100001",0.000127792358398,0.00013732910156200002,0.00014305114746000002,0.000148773193359,0.000155448913574,0.000161170959472,0.00016689300537100002,0.00017261505126900002,0.000205993652343," 0.000636100769042]""",0.0006370544433590001,0.000161170959472,4.644747257232666,0.014146073721349002,0.0,0.000222206115722,0.000411987304687,0.000411987304687,0.507986111111111,0.5081018518518511,0.00011574074074
825246801940,82524680194,0,0,1713257708,1.0,"""[9.727478027343751e-05",0.000129699707031,0.00013828277587800002,0.000144958496093,0.000152587890625,0.00015926361083900002,0.000165939331054,0.00017261505126900002,0.000196456909179,0.00029373168945300005," 0.008255004882812]""",0.008255004882812,0.0006008148193350001,3.016823291778564,0.009127407334744,0.0,0.000222206115722,0.00042819976806600005,0.000411987304687,0.504282407407407,0.504398148148148,0.00011574074074
825246801940,82524680194,0,0,1713257708,1.0,"""[9.536743164062501e-05",0.000124931335449,0.00013732910156200002,0.00014305114746000002,0.000149726867675,0.000155448913574,0.00016212463378900002,0.00016880035400300002,0.000174522399902,0.00020313262939400002," 0.000603675842285]""",0.0006017684936520001,0.00016212463378900002,4.283567905426025,0.013779757544398,0.0,0.000222206115722,0.000411033630371,0.000410079956054,0.504513888888888,0.504629629629629,0.00011574074074
825246801940,82524680194,0,0,1713257708,1.0,"""[0.000107765197753",0.00013351440429600002,0.00014114379882800002,0.000148773193359,0.00015640258789,0.00016403198242100002,0.00017166137695300002,0.000186920166015,0.00021839141845700002,0.00030231475830000003," 0.000995635986328]""",0.000993728637695,0.000185966491699,4.190028190612793,0.014509194530546,0.0,0.000222206115722,0.000410079956054,0.00040721893310500005,0.500694444444444,0.500810185185185,0.00011574074074
825246801940,82524680194,0,0,1713257708,1.0,"""[9.346008300781251e-05",0.000110626220703,0.000128746032714,0.00013732910156200002,0.000144004821777,0.00015068054199200001,0.00015735626220700002,0.00016403198242100002,0.000170707702636,0.000191688537597," 0.000580787658691]""",0.0005826950073240001,0.000152587890625,4.83671760559082,0.015544562600553001,0.0,0.000222206115722,0.000410079956054,0.000409126281738,0.508912037037037,0.5090277777777771,0.00011574074074
825246801940,82524680194,0,0,1713257708,1.0,"""[0.00010490417480400001",0.000116348266601,0.000128746032714,0.00013732910156200002,0.000144958496093,0.00015163421630800001,0.00015926361083900002,0.000165939331054,0.00017356872558500002,0.00020694732666000002," 0.0006141662597650001]""",0.0006141662597650001,0.00015830993652300002,5.047153949737548,0.017081394791603,0.0,0.000222206115722,0.000411033630371,0.000409126281738,0.5053240740740741,0.505439814814814,0.00011574074074
825246801940,82524680194,0,0,1713257708,1.0,"""[0.00010013580322200001",0.000110626220703,0.0001220703125,0.00013256072998000002,0.00014114379882800002,0.00015068054199200001,0.00015926361083900002,0.00016880035400300002,0.000186920166015,0.00027847290039," 0.000520706176757]""",0.0005273818969720001,0.00016689300537100002,4.560368061065673,0.016055213287472,0.0,0.000222206115722,0.000409126281738,0.00040817260742100005,0.50162037037037,0.501736111111111,0.00011574074074
825246801940,82524680194,0,0,1713257708,1.0,"""[0.00010204315185500001",0.000115394592285,0.000129699707031,0.00013732910156200002,0.000144958496093,0.00015163421630800001,0.00015926361083900002,0.000165939331054,0.00017356872558500002,0.000205993652343," 0.000586509704589]""",0.0005884170532220001,0.000154495239257,4.715342044830322,0.017093915492296,0.0,0.000222206115722,0.00040626525878900005,0.00040531158447200004,0.502083333333333,0.502199074074074,0.00011574074074
825246801940,82524680194,0,0,1713257708,1.0,"""[9.727478027343751e-05",0.000111579895019,0.000126838684082,0.00013637542724600002,0.00014305114746000002,0.000149726867675,0.00015735626220700002,0.00016403198242100002,0.000170707702636,0.000190734863281," 0.000798225402832]""",0.000798225402832,0.000155448913574,3.485880136489868,0.01052826270461,0.0,0.000222206115722,0.000411987304687,0.000411033630371,0.5081018518518511,0.508217592592592,0.00011574074074
825246801940,82524680194,0,0,1713257708,1.0,"""[0.00010013580322200001",0.00012111663818300001,0.00013637542724600002,0.00014686584472600002,0.00015640258789,0.00016689300537100002,0.00017833709716700002,0.00026130676269500003,0.008041381835937,0.008163452148437," 0.008331298828125]""",0.008331298828125,0.0023193359375,4.283567905426025,0.013779757544398,0.0,0.000222206115722,0.00042724609375,0.00041866302490200006,0.504398148148148,0.504513888888888,0.00011574074074
825246801940,82524680194,0,0,1713257708,1.0,"""[9.822845458984376e-05",0.000123977661132,0.00013637542724600002,0.00014209747314400002,0.00014781951904200002,0.000153541564941,0.000160217285156,0.000165939331054,0.00017166137695300002,0.00019454956054600002," 0.000745773315429]""",0.0007476806640620001,0.000155448913574,4.873470306396484,0.015598379075527002,0.0,0.000222206115722,0.000411033630371,0.000410079956054,0.5087962962962961,0.508912037037037,0.00011574074074
825246801940,82524680194,0,0,1713257708,1.0,"""[0.00010299682617100001",0.00011825561523400002,0.00013351440429600002,0.00014114379882800002,0.00014781951904200002,0.000155448913574,0.00016307830810500002,0.000170707702636,0.00018310546875,0.00021076202392500003," 0.000622749328613]""",0.000623703002929,0.00016212463378900002,4.661904335021972,0.015077934600412,0.0,0.000222206115722,0.000410079956054,0.00040531158447200004,0.503587962962962,0.503703703703703,0.00011574074074
825246801940,82524680194,0,0,1713257708,1.0,"""[0.00010204315185500001",0.000129699707031,0.00013828277587800002,0.000144004821777,0.00015068054199200001,0.00015640258789,0.00016307830810500002,0.00016880035400300002,0.000175476074218,0.00020885467529200002," 0.000597953796386]""",0.000597953796386,0.000161170959472,4.39306116104126,0.014689187519252002,0.0,0.000222206115722,0.00040626525878900005,0.00040435791015600004,0.502430555555555,0.502546296296296,0.00011574074074
825246801940,82524680194,0,0,1713257708,1.0,"""[0.00010490417480400001",0.000130653381347,0.00013732910156200002,0.000144004821777,0.000149726867675,0.00015640258789,0.00016212463378900002,0.00016784667968700002,0.000174522399902,0.00020408630371000002," 0.0006942749023430001]""",0.0006923675537100001,0.00016403198242100002,4.898559093475341,0.014503176324069,0.0,0.000222206115722,0.000411033630371,0.000410079956054,0.50636574074074,0.5064814814814811,0.00011574074074
825246801940,82524680194,0,0,1713257708,1.0,"""[0.00010395050048800001",0.000126838684082,0.00013732910156200002,0.00014305114746000002,0.000149726867675,0.000155448913574,0.00016212463378900002,0.00016784667968700002,0.000174522399902,0.00021171569824200001," 0.0006875991821280001]""",0.000688552856445,0.00016212463378900002,5.224936008453369,0.017601381987333003,0.0,0.000222206115722,0.000411033630371,0.000410079956054,0.504976851851851,0.5050925925925921,0.00011574074074
825246801940,82524680194,0,0,1713257708,1.0,"""[9.632110595703126e-05",0.000109672546386,0.000123977661132,0.000135421752929,0.00014209747314400002,0.000149726867675,0.00015735626220700002,0.00016403198242100002,0.00017166137695300002,0.000200271606445," 0.0005950927734370001]""",0.0005941390991210001,0.000153541564941,5.047153949737548,0.017081394791603,0.0,0.000222206115722,0.000411033630371,0.000410079956054,0.5050925925925921,0.505208333333333,0.00011574074074
825246801940,82524680194,0,0,1713257708,1.0,"""[9.727478027343751e-05",0.00010871887207,0.00012016296386700001,0.00013160705566400002,0.000139236450195,0.00014686584472600002,0.000154495239257,0.00016307830810500002,0.000170707702636,0.000196456909179," 0.0007658004760740001]""",0.0007629394531250001,0.000153541564941,3.650783538818359,0.012267783284187001,0.0,0.000222206115722,0.000410079956054,0.000409126281738,0.507060185185185,0.5071759259259261,0.00011574074074
825246801940,82524680194,0,0,1713257708,1.0,"""[9.059906005859376e-05",0.0001220703125,0.00013637542724600002,0.00014305114746000002,0.000149726867675,0.00015640258789,0.00016307830810500002,0.00016880035400300002,0.000175476074218,0.00021553039550700003," 0.000561714172363]""",0.000558853149414,0.00016307830810500002,5.047153949737548,0.017081394791603,0.0,0.000222206115722,0.000411987304687,0.000411033630371,0.505208333333333,0.5053240740740741,0.00011574074074
825246801940,82524680194,0,0,1713257708,1.0,"""[0.00010871887207",0.00013351440429600002,0.000139236450195,0.00014591217041000002,0.00015163421630800001,0.00015735626220700002,0.00016403198242100002,0.00016975402832,0.00017738342285100002,0.00021076202392500003," 0.000732421875]""",0.000731468200683,0.000164985656738,4.386006832122802,0.0148845911026,0.0,0.000222206115722,0.000411987304687,0.000410079956054,0.509143518518518,0.5092592592592591,0.00011574074074
825246801940,82524680194,0,0,1713257708,1.0,"""[0.00010871887207",0.000125885009765,0.00013637542724600002,0.00014305114746000002,0.00015068054199200001,0.00015735626220700002,0.00016403198242100002,0.00017166137695300002,0.00018405914306600003,0.00021171569824200001," 0.0005350112915030001]""",0.0005350112915030001,0.00016212463378900002,4.596049785614013,0.015135174617171001,0.0,0.000222206115722,0.000411033630371,0.000410079956054,0.5057870370370371,0.505902777777777,0.00011574074074
825246801940,82524680194,0,0,1713257708,1.0,"""[0.00010108947753900001",0.000123023986816,0.000135421752929,0.00014114379882800002,0.00014686584472600002,0.000152587890625,0.00015830993652300002,0.000164985656738,0.000170707702636,0.00017833709716700002," 0.0007410049438470001]""",0.000743865966796,0.000152587890625,4.694048881530761,0.014780510216951,0.0,0.000222206115722,0.000411033630371,0.000411033630371,0.5060185185185181,0.506134259259259,0.00011574074074
825246801940,82524680194,0,0,1713257708,1.0,"""[0.00010299682617100001",0.00012111663818300001,0.000134468078613,0.00014209747314400002,0.000148773193359,0.000155448913574,0.00016212463378900002,0.00016880035400300002,0.000175476074218,0.00022411346435500002," 0.000774383544921]""",0.0007791519165030001,0.000164985656738,4.328739643096923,0.014984050765633002,0.0,0.000222206115722,0.00040817260742100005,0.00040721893310500005,0.500347222222222,0.500462962962963,0.00011574074074
825246801940,82524680194,0,0,1713257708,1.0,"""[0.00010299682617100001",0.00012111663818300001,0.000134468078613,0.00014114379882800002,0.00014781951904200002,0.000154495239257,0.000161170959472,0.00016784667968700002,0.000174522399902,0.000216484069824," 0.0006103515625]""",0.000605583190917,0.00016403198242100002,4.235507488250732,0.014664885587990001,0.0,0.000222206115722,0.00040817260742100005,0.00040817260742100005,0.500578703703703,0.500694444444444,0.00011574074074
825246801940,82524680194,0,0,1713257708,1.0,"""[9.822845458984376e-05",0.000114440917968,0.000130653381347,0.000139236450195,0.00014591217041000002,0.000153541564941,0.000160217285156,0.00016784667968700002,0.000174522399902,0.000205993652343," 0.000558853149414]""",0.000558853149414,0.00015640258789,4.474869728088378,0.014237292110919002,0.0,0.000222206115722,0.00040626525878900005,0.00040531158447200004,0.502777777777777,0.502893518518518,0.00011574074074
825246801940,82524680194,0,0,1713257708,1.0,"""[0.000113487243652",0.000124931335449,0.000135421752929,0.000144004821777,0.00015163421630800001,0.000160217285156,0.00016880035400300002,0.00017833709716700002,0.000216484069824,0.00030136108398400003," 0.000712394714355]""",0.000712394714355,0.00018215179443300001,3.9959957599639893,0.014195783995091001,0.0,0.000222206115722,0.00040817260742100005,0.00040721893310500005,0.500925925925925,0.501041666666666,0.00011574074074
825246801940,82524680194,0,0,1713257708,1.0,"""[0.00010299682617100001",0.000110626220703,0.00011920928955000001,0.000126838684082,0.000135421752929,0.00014305114746000002,0.00015163421630800001,0.00015926361083900002,0.00016784667968700002,0.00017642974853500002," 0.0005636215209960001]""",0.000562667846679,0.00014781951904200002,3.268542528152465,0.011293957009911001,0.0,0.000222206115722,0.000411033630371,0.000410079956054,0.507291666666666,0.5074074074074071,0.00011574074074
825246801940,82524680194,0,0,1713257708,1.0,"""[0.000114440917968",0.000134468078613,0.00014114379882800002,0.00014686584472600002,0.000153541564941,0.00015926361083900002,0.000165939331054,0.00017166137695300002,0.00018405914306600003,0.00021171569824200001," 0.000623703002929]""",0.000621795654296,0.00016689300537100002,4.611651420593261,0.014616584405303001,0.0,0.000222206115722,0.000410079956054,0.000409126281738,0.509375,0.5094907407407401,0.00011574074074
825246801940,82524680194,0,0,1713257708,1.0,"""[9.822845458984376e-05",0.00013256072998000002,0.00013828277587800002,0.000144004821777,0.00015068054199200001,0.00015640258789,0.00016212463378900002,0.00016784667968700002,0.000174522399902,0.000205039978027," 0.000603675842285]""",0.000605583190917,0.000160217285156,4.644747257232666,0.014146073721349002,0.0,0.000222206115722,0.000411987304687,0.000411033630371,0.5078703703703701,0.507986111111111,0.00011574074074
825246801940,82524680194,0,0,1713257708,1.0,"""[9.250640869140626e-05",0.00010585784912100001,0.00012111663818300001,0.000134468078613,0.000144004821777,0.000152587890625,0.00016212463378900002,0.00017166137695300002,0.00022315979003900002,0.000288963317871," 0.0005569458007810001]""",0.0005569458007810001,0.00017166137695300002,4.328739643096923,0.014984050765633002,0.0,0.000222206115722,0.000409126281738,0.00040817260742100005,0.500231481481481,0.500347222222222,0.00011574074074
825246801940,82524680194,0,0,1713257708,0.9933333396911621,"""[0.000106811523437",0.00013732910156200002,0.00014591217041000002,0.000154495239257,0.00016307830810500002,0.000170707702636,0.00019931793212800002,0.000288009643554,0.008071899414062,0.008224487304687," 0.008346557617187]""",0.05987548828125,0.002410888671875,2.379247903823852,0.006785796489566001,0.0,0.000222206115722,0.00042343139648400003,0.00041580200195300005,0.504166666666666,0.504282407407407,0.00011574074074
825246801940,82524680194,0,0,1713257708,1.0,"""[0.000107765197753",0.000123023986816,0.000135421752929,0.00014209747314400002,0.000148773193359,0.000155448913574,0.00016212463378900002,0.00016880035400300002,0.000175476074218,0.00020790100097600002," 0.0006141662597650001]""",0.0006141662597650001,0.00015926361083900002,4.926860809326171,0.014464796520769001,0.0,0.000222206115722,0.000411033630371,0.000411033630371,0.5064814814814811,0.506597222222222,0.00011574074074
825246801940,82524680194,0,0,1713257708,1.0,"""[0.00010013580322200001",0.000123977661132,0.00013637542724600002,0.00014209747314400002,0.000148773193359,0.000155448913574,0.000161170959472,0.00016784667968700002,0.00017356872558500002,0.000200271606445," 0.0006008148193350001]""",0.0006017684936520001,0.00015735626220700002,4.39306116104126,0.014689187519252002,0.0,0.000222206115722,0.00040721893310500005,0.00040626525878900005,0.502662037037037,0.502777777777777,0.00011574074074
825246801940,82524680194,0,0,1713257708,1.0,"""[0.00010395050048800001",0.000123023986816,0.000135421752929,0.00014209747314400002,0.00014781951904200002,0.000154495239257,0.000161170959472,0.00016689300537100002,0.00017356872558500002,0.000205039978027," 0.000591278076171]""",0.0005941390991210001,0.00015830993652300002,2.56117582321167,0.007701345253735001,0.0,0.000222206115722,0.000411033630371,0.000410079956054,0.5085648148148141,0.508680555555555,0.00011574074074
825246801940,82524680194,0,0,1713257708,1.0,"""[0.00010204315185500001",0.00011730194091700002,0.00013256072998000002,0.000140190124511,0.00014781951904200002,0.000154495239257,0.00016212463378900002,0.00016975402832,0.00018119812011700001,0.00021934509277300002," 0.000585556030273]""",0.000590324401855,0.00016307830810500002,4.477315425872802,0.014223780483007,0.0,0.000222206115722,0.00040531158447200004,0.00040531158447200004,0.502893518518518,0.503009259259259,0.00011574074074
825246801940,82524680194,0,0,1713257708,1.0,"""[0.00010490417480400001",0.000123977661132,0.000135421752929,0.00014209747314400002,0.00014781951904200002,0.000153541564941,0.000160217285156,0.000165939331054,0.00017166137695300002,0.000196456909179," 0.0005950927734370001]""",0.0005941390991210001,0.00015830993652300002,5.294760227203369,0.01780560426414,0.0,0.000222206115722,0.000411033630371,0.000410079956054,0.5048611111111111,0.504976851851851,0.00011574074074
825246801940,82524680194,0,0,1713257708,1.0,"""[9.918212890625001e-05",0.000112533569335,0.000126838684082,0.00013732910156200002,0.000144004821777,0.00015163421630800001,0.00015830993652300002,0.000165939331054,0.00017356872558500002,0.00020694732666000002," 0.0006294250488280001]""",0.0006294250488280001,0.000154495239257,4.7761030197143555,0.015134734101593002,0.0,0.000222206115722,0.000411033630371,0.000410079956054,0.506828703703703,0.5069444444444441,0.00011574074074
825246801940,82524680194,0,0,1713257708,1.0,"""[0.00010204315185500001",0.000112533569335,0.000123977661132,0.000134468078613,0.00014114379882800002,0.000148773193359,0.00015640258789,0.00016307830810500002,0.000170707702636,0.000191688537597," 0.00055980682373]""",0.000558853149414,0.00015068054199200001,4.477315425872802,0.014223780483007,0.0,0.000222206115722,0.00040626525878900005,0.00040531158447200004,0.503009259259259,0.5031249999999999,0.00011574074074
825246801940,82524680194,0,0,1713257708,1.0,"""[0.00010013580322200001",0.00012016296386700001,0.000135421752929,0.00014209747314400002,0.000149726867675,0.00015640258789,0.00016403198242100002,0.000170707702636,0.00018215179443300001,0.00020694732666000002," 0.000593185424804]""",0.0005941390991210001,0.00015735626220700002,4.6028947830200195,0.014953749254345,0.0,0.000222206115722,0.00040626525878900005,0.00040531158447200004,0.503472222222222,0.503587962962962,0.00011574074074
825246801940,82524680194,0,0,1713257708,1.0,"""[9.918212890625001e-05",0.000129699707031,0.000139236450195,0.00014591217041000002,0.000153541564941,0.000160217285156,0.00016784667968700002,0.000174522399902,0.00019359588623000002,0.00021553039550700003," 0.000708580017089]""",0.000708580017089,0.00016689300537100002,4.972168922424316,0.016762726008892,0.0,0.000222206115722,0.000411033630371,0.000410079956054,0.505439814814814,0.5055555555555551,0.00011574074074
825246801940,82524680194,0,0,1713257708,1.0,"""[0.000106811523437",0.00012016296386700001,0.00013256072998000002,0.000139236450195,0.00014591217041000002,0.000152587890625,0.00015926361083900002,0.000165939331054,0.00017261505126900002,0.000201225280761," 0.000761032104492]""",0.0007591247558590001,0.00015926361083900002,3.886347770690918,0.013009468093514002,0.0,0.000222206115722,0.00041484832763600003,0.000409126281738,0.5074074074074071,0.507523148148148,0.00011574074074
825246801940,82524680194,0,0,1713257708,1.0,"""[0.000107765197753",0.00013256072998000002,0.000139236450195,0.00014591217041000002,0.000152587890625,0.00015926361083900002,0.000164985656738,0.00017166137695300002,0.000185966491699,0.00021266937255800001," 0.0006017684936520001]""",0.0006017684936520001,0.000164985656738,4.592346668243408,0.015148577280342001,0.0,0.000222206115722,0.000411987304687,0.000409126281738,0.5055555555555551,0.505671296296296,0.00011574074074
825246801940,82524680194,0,0,1713257708,1.0,"""[0.00010871887207",0.00013351440429600002,0.000140190124511,0.00014686584472600002,0.000153541564941,0.000160217285156,0.00016689300537100002,0.00017356872558500002,0.00019931793212800002,0.000308036804199," 0.008346557617187]""",0.00830078125,0.000730514526367,2.379247903823852,0.006785796489566001,0.0,0.000222206115722,0.00042343139648400003,0.00040817260742100005,0.504050925925925,0.504166666666666,0.00011574074074
825246801940,82524680194,0,0,1713257708,1.0,"""[0.00010395050048800001",0.000125885009765,0.00013637542724600002,0.00014305114746000002,0.000149726867675,0.000155448913574,0.00016212463378900002,0.00016880035400300002,0.000175476074218,0.00021171569824200001," 0.000638961791992]""",0.0006332397460930001,0.000160217285156,2.357101440429687,0.007004382554441001,0.0,0.000222206115722,0.000411987304687,0.000411033630371,0.508217592592592,0.5083333333333331,0.00011574074074
825246801940,82524680194,0,0,1713257708,1.0,"""[9.536743164062501e-05",0.000123977661132,0.00013637542724600002,0.00014305114746000002,0.000149726867675,0.000155448913574,0.00016212463378900002,0.00016880035400300002,0.000174522399902,0.00021266937255800001," 0.000810623168945]""",0.0008125305175780001,0.00016212463378900002,4.39306116104126,0.014689187519252002,0.0,0.000222206115722,0.00040721893310500005,0.00040626525878900005,0.502546296296296,0.502662037037037,0.00011574074074
825246801940,82524680194,0,0,1713257708,1.0,"""[0.00010490417480400001",0.000130653381347,0.00013828277587800002,0.000144004821777,0.000149726867675,0.00015640258789,0.00016212463378900002,0.00016880035400300002,0.000174522399902,0.000205993652343," 0.000673294067382]""",0.000677108764648,0.000161170959472,4.926860809326171,0.014464796520769001,0.0,0.000222206115722,0.000411987304687,0.000411033630371,0.506597222222222,0.5067129629629631,0.00011574074074
825246801940,82524680194,0,0,1713257708,1.0,"""[0.00010299682617100001",0.00013256072998000002,0.000139236450195,0.00014591217041000002,0.00015163421630800001,0.00015830993652300002,0.000164985656738,0.00017166137695300002,0.00018501281738200003,0.00021457672119100003," 0.0006027221679680001]""",0.0006017684936520001,0.000164985656738,5.294760227203369,0.01780560426414,0.0,0.000222206115722,0.000411033630371,0.000410079956054,0.50474537037037,0.5048611111111111,0.00011574074074
825246801940,82524680194,0,0,1713257708,1.0,"""[9.727478027343751e-05",0.000123977661132,0.00013732910156200002,0.000144004821777,0.00015163421630800001,0.00015926361083900002,0.000165939331054,0.00017356872558500002,0.000195503234863,0.00023841857910100002," 0.0005960464477530001]""",0.0005960464477530001,0.00016880035400300002,3.820144653320312,0.013911740854382001,0.0,0.000222206115722,0.000410079956054,0.00040721893310500005,0.501041666666666,0.501157407407407,0.00011574074074
825246801940,82524680194,0,0,1713257708,1.0,"""[0.000107765197753",0.000126838684082,0.00013637542724600002,0.00014209747314400002,0.000148773193359,0.000154495239257,0.000160217285156,0.00016689300537100002,0.00017261505126900002,0.00019359588623000002," 0.0005874633789060001]""",0.000586509704589,0.000160217285156,4.386006832122802,0.0148845911026,0.0,0.000222206115722,0.000410079956054,0.000410079956054,0.5092592592592591,0.509375,0.00011574074074
825246801940,82524680194,0,0,1713257708,1.0,"""[0.00010871887207",0.00013351440429600002,0.000140190124511,0.00014591217041000002,0.000152587890625,0.00015830993652300002,0.000164985656738,0.00017166137695300002,0.00018310546875,0.00021457672119100003," 0.0006256103515620001]""",0.0006256103515620001,0.00016975402832,5.092391014099121,0.017669931054115,0.0,0.000222206115722,0.00040817260742100005,0.00040721893310500005,0.501504629629629,0.50162037037037,0.00011574074074
825246801940,82524680194,0,0,1713257708,1.0,"""[0.00010204315185500001",0.000113487243652,0.000125885009765,0.000135421752929,0.00014209747314400002,0.000149726867675,0.00015640258789,0.00016403198242100002,0.000170707702636,0.00019836425781200002," 0.0007295608520500001]""",0.000584602355957,0.000153541564941,4.68634033203125,0.016877513378858,0.0,0.000222206115722,0.00040531158447200004,0.00040435791015600004,0.502314814814814,0.502430555555555,0.00011574074074
825246801940,82524680194,0,0,1713257708,1.0,"""[9.918212890625001e-05",0.000116348266601,0.00013256072998000002,0.000139236450195,0.00014591217041000002,0.000152587890625,0.00015926361083900002,0.000164985656738,0.00017166137695300002,0.00019741058349600002," 0.000616073608398]""",0.0006179809570310001,0.000153541564941,4.694048881530761,0.014780510216951,0.0,0.000222206115722,0.000411987304687,0.000411033630371,0.5062500000000001,0.50636574074074,0.00011574074074
825246801940,82524680194,0,0,1713257708,1.0,"""[0.000114440917968",0.00013351440429600002,0.000140190124511,0.00014686584472600002,0.000154495239257,0.000161170959472,0.00016784667968700002,0.000174522399902,0.00021171569824200001,0.000297546386718," 0.000727653503417]""",0.0007295608520500001,0.00018215179443300001,4.328739643096923,0.014984050765633002,0.0,0.000222206115722,0.000409126281738,0.00040817260742100005,0.500462962962963,0.500578703703703,0.00011574074074
825246801940,82524680194,0,0,1713257708,1.0,"""[0.00010108947753900001",0.000123023986816,0.000135421752929,0.00014209747314400002,0.00014781951904200002,0.000153541564941,0.000160217285156,0.000165939331054,0.00017261505126900002,0.00019741058349600002," 0.00043773651123000005]""",0.00043678283691400005,0.000155448913574,2.357101440429687,0.007004382554441001,0.0,0.000222206115722,0.000411987304687,0.000411033630371,0.5083333333333331,0.508449074074074,0.00011574074074
825246801940,82524680194,0,0,1713257708,1.0,"""[0.00010204315185500001",0.00011920928955000001,0.00013351440429600002,0.000140190124511,0.00014686584472600002,0.000152587890625,0.00015926361083900002,0.000165939331054,0.00017261505126900002,0.000200271606445," 0.000555992126464]""",0.000551223754882,0.00015735626220700002,2.357101440429687,0.007004382554441001,0.0,0.000222206115722,0.000411033630371,0.000410079956054,0.508449074074074,0.5085648148148141,0.00011574074074
825246801940,82524680194,0,0,1713257708,1.0,"""[0.00010299682617100001",0.000134468078613,0.000140190124511,0.00014591217041000002,0.00015163421630800001,0.00015735626220700002,0.00016307830810500002,0.00016880035400300002,0.000174522399902,0.00020313262939400002," 0.0005416870117180001]""",0.000538825988769,0.00016307830810500002,4.652586460113525,0.015248927287757001,0.0,0.000222206115722,0.000411033630371,0.000410079956054,0.504629629629629,0.50474537037037,0.00011574074074
825246801940,82524680194,0,0,1713257708,1.0,"""[0.000109672546386",0.000127792358398,0.00013637542724600002,0.00014305114746000002,0.000148773193359,0.000155448913574,0.000161170959472,0.00016784667968700002,0.00017356872558500002,0.00020885467529200002," 0.0007286071777340001]""",0.000727653503417,0.00016212463378900002,4.873470306396484,0.015598379075527002,0.0,0.000222206115722,0.000411033630371,0.000410079956054,0.508680555555555,0.5087962962962961,0.00011574074074
825246801940,82524680194,0,0,1713257708,1.0,"""[0.00010204315185500001",0.00011920928955000001,0.00013351440429600002,0.00014209747314400002,0.000149726867675,0.00015735626220700002,0.000165939331054,0.00017356872558500002,0.00020885467529200002,0.00028324127197200004," 0.000589370727539]""",0.000590324401855,0.00017738342285100002,3.820144653320312,0.013911740854382001,0.0,0.000222206115722,0.00040817260742100005,0.00040817260742100005,0.501157407407407,0.501273148148148,0.00011574074074
825246801940,82524680194,0,0,1713257708,1.0,"""[0.00010395050048800001",0.00012111663818300001,0.000134468078613,0.00014114379882800002,0.00014781951904200002,0.000153541564941,0.000160217285156,0.00016689300537100002,0.00017356872558500002,0.00020313262939400002," 0.0006065368652340001]""",0.000605583190917,0.00015830993652300002,4.584626197814941,0.014847557060420001,0.0,0.000222206115722,0.00040626525878900005,0.00040626525878900005,0.5031249999999999,0.50324074074074,0.00011574074074
825246801940,82524680194,0,0,1713257708,1.0,"""[0.00010108947753900001",0.00011825561523400002,0.00013351440429600002,0.00014114379882800002,0.000148773193359,0.00015640258789,0.00016403198242100002,0.000170707702636,0.00019931793212800002,0.00028324127197200004," 0.000673294067382]""",0.000672340393066,0.000175476074218,5.092391014099121,0.017669931054115,0.0,0.000222206115722,0.000409126281738,0.00040817260742100005,0.501388888888888,0.501504629629629,0.00011574074074
825246801940,82524680194,0,0,1713257708,1.0,"""[0.000109672546386",0.000123977661132,0.000135421752929,0.00014209747314400002,0.000148773193359,0.000155448913574,0.00016212463378900002,0.00016880035400300002,0.000175476074218,0.00021266937255800001," 0.0005645751953120001]""",0.0005645751953120001,0.000161170959472,4.6028947830200195,0.014953749254345,0.0,0.000222206115722,0.00040626525878900005,0.00040531158447200004,0.503356481481481,0.503472222222222,0.00011574074074
825246801940,82524680194,0,0,1713257708,1.0,"""[0.00010204315185500001",0.00012111663818300001,0.000134468078613,0.00014114379882800002,0.00014686584472600002,0.000153541564941,0.000160217285156,0.000165939331054,0.00017261505126900002,0.00019836425781200002," 0.000562667846679]""",0.000562667846679,0.00015640258789,4.70139455795288,0.015272676013410001,0.0,0.000222206115722,0.000409126281738,0.000409126281738,0.507523148148148,0.5076388888888881,0.00011574074074
825246801940,82524680194,0,0,1713257708,1.0,"""[0.000112533569335",0.00013351440429600002,0.000140190124511,0.00014686584472600002,0.000152587890625,0.00015926361083900002,0.000165939331054,0.00017166137695300002,0.000185966491699,0.00021362304687500003," 0.0005836486816400001]""",0.000586509704589,0.00016784667968700002,4.592346668243408,0.015148577280342001,0.0,0.000222206115722,0.000411033630371,0.000410079956054,0.505671296296296,0.5057870370370371,0.00011574074074
