UniqJobId,collection_id,instance_index,priority,machine_id,sample_rate,cpu_usage_distribution1,cpu_usage_distribution2,cpu_usage_distribution3,cpu_usage_distribution4,cpu_usage_distribution5,cpu_usage_distribution6,cpu_usage_distribution7,cpu_usage_distribution8,cpu_usage_distribution9,cpu_usage_distribution10,cpu_usage_distribution11,max_cpu,avg_cpu,cycles_per_instruction,memory_accesses_per_instruction,assigned_memory,page_cache_memory,max_memory,avg_memory,start_time,end_time,time_window
825246932450,82524693245,0,0,21243998,1.0,"""[8.106231689453125e-05",9.441375732421876e-05,0.00010204315185500001,0.000109672546386,0.00011730194091700002,0.000124931335449,0.00013256072998000002,0.00014686584472600002,0.000161170959472,0.00017642974853500002," 0.000505447387695]""",0.000505447387695,0.00013828277587800002,4.485623836517334,0.013595651835203,0.0,0.00030422210693300004,0.00039768218994100005,0.00039768218994100005,0.502083333333333,0.502199074074074,0.00011574074074
825246932450,82524693245,0,0,21243998,1.0,"""[8.583068847656251e-05",9.441375732421876e-05,0.00010013580322200001,0.000106811523437,0.000113487243652,0.00011920928955000001,0.000125885009765,0.00013256072998000002,0.000149726867675,0.00016689300537100002," 0.000575065612792]""",0.000829696655273,0.00013351440429600002,5.131003379821777,0.018356855958700003,0.0,0.00030422210693300004,0.00039863586425700005,0.00039768218994100005,0.506134259259259,0.5062500000000001,0.00011574074074
825246932450,82524693245,0,0,21243998,1.0,"""[8.869171142578126e-05",0.00010013580322200001,0.000111579895019,0.000123977661132,0.000134468078613,0.00014305114746000002,0.000152587890625,0.000161170959472,0.00016975402832,0.00019836425781200002," 0.0005941390991210001]""",0.0005950927734370001,0.00015068054199200001,4.14995002746582,0.01516359206289,0.0,0.00030422210693300004,0.00039768218994100005,0.00039672851562500005,0.502662037037037,0.502777777777777,0.00011574074074
825246932450,82524693245,0,0,21243998,1.0,"""[8.678436279296876e-05",9.727478027343751e-05,0.000106811523437,0.000116348266601,0.000125885009765,0.000135421752929,0.000144958496093,0.000155448913574,0.000165939331054,0.00017642974853500002," 0.00057029724121]""",0.00057029724121,0.00014591217041000002,4.421455383300781,0.014071668498218,0.0,0.00030422210693300004,0.00039768218994100005,0.00039672851562500005,0.5048611111111111,0.504976851851851,0.00011574074074
825246932450,82524693245,0,0,21243998,1.0,"""[8.869171142578126e-05",9.918212890625001e-05,0.00010871887207,0.00011920928955000001,0.000129699707031,0.000139236450195,0.000148773193359,0.00015830993652300002,0.00016784667968700002,0.00018787384033200002," 0.0005712509155270001]""",0.0005722045898430001,0.00014591217041000002,4.230997085571289,0.012258688919246,0.0,0.00030422210693300004,0.00039768218994100005,0.00039672851562500005,0.5050925925925921,0.505208333333333,0.00011574074074
825246932450,82524693245,0,0,21243998,1.0,"""[8.583068847656251e-05",9.727478027343751e-05,0.00010585784912100001,0.000115394592285,0.000124931335449,0.000134468078613,0.000144958496093,0.00015640258789,0.00016689300537100002,0.00018978118896400002," 0.000647544860839]""",0.0006484985351560001,0.00014591217041000002,4.71036958694458,0.016826650127768,0.0,0.00030422210693300004,0.00039863586425700005,0.00039863586425700005,0.5071759259259261,0.507291666666666,0.00011574074074
825246932450,82524693245,0,0,21243998,1.0,"""[7.915496826171875e-05",9.727478027343751e-05,0.000106811523437,0.000116348266601,0.000125885009765,0.000135421752929,0.00014591217041000002,0.00015640258789,0.00016689300537100002,0.00018119812011700001," 0.00049877166748]""",0.00049877166748,0.00014591217041000002,4.105368614196777,0.01328588090837,0.0,0.00030422210693300004,0.00039768218994100005,0.00039672851562500005,0.5092592592592591,0.509375,0.00011574074074
825246932450,82524693245,0,0,21243998,1.0,"""[8.106231689453125e-05",9.727478027343751e-05,0.000106811523437,0.000116348266601,0.000125885009765,0.00013732910156200002,0.000152587890625,0.00016784667968700002,0.000221252441406,0.000266075134277," 0.000569343566894]""",0.00057029724121,0.00016307830810500002,3.677837133407592,0.010001843795180002,0.0,0.00030422210693300004,0.00039863586425700005,0.00039672851562500005,0.500231481481481,0.500347222222222,0.00011574074074
825246932450,82524693245,0,0,21243998,1.0,"""[8.392333984375001e-05",9.632110595703126e-05,0.00010585784912100001,0.000114440917968,0.000123977661132,0.00013351440429600002,0.000144958496093,0.000155448913574,0.00016689300537100002,0.000186920166015," 0.000539779663085]""",0.000538825988769,0.00014305114746000002,4.162081241607666,0.011381468735635001,0.0,0.00030422210693300004,0.000399589538574,0.00039863586425700005,0.504513888888888,0.504629629629629,0.00011574074074
825246932450,82524693245,0,0,21243998,1.0,"""[0.00010299682617100001",0.000124931335449,0.00014209747314400002,0.00015640258789,0.000170707702636,0.00018310546875,0.00019359588623000002,0.000205039978027,0.000216484069824,0.00024318695068300001," 0.000776290893554]""",0.000776290893554,0.00018501281738200003,3.938079357147216,0.011549163609743,0.0,0.00030422210693300004,0.00039768218994100005,0.00039672851562500005,0.506597222222222,0.5067129629629631,0.00011574074074
825246932450,82524693245,0,0,21243998,1.0,"""[9.155273437500001e-05",9.822845458984376e-05,0.000106811523437,0.000114440917968,0.0001220703125,0.000129699707031,0.000140190124511,0.00015163421630800001,0.00016403198242100002,0.000175476074218," 0.000774383544921]""",0.000775337219238,0.00014209747314400002,3.9027552604675293,0.012284521013498001,0.0,0.00030422210693300004,0.00039768218994100005,0.00039672851562500005,0.5090277777777771,0.509143518518518,0.00011574074074
825246932450,82524693245,0,0,21243998,1.0,"""[9.441375732421876e-05",0.00010585784912100001,0.000116348266601,0.000127792358398,0.00013732910156200002,0.00014591217041000002,0.000154495239257,0.00016212463378900002,0.000170707702636,0.00019836425781200002," 0.000677108764648]""",0.000677108764648,0.000153541564941,3.54329252243042,0.010134745389223002,0.0,0.00030422210693300004,0.00039768218994100005,0.00039672851562500005,0.503587962962962,0.503703703703703,0.00011574074074
825246932450,82524693245,0,0,21243998,1.0,"""[9.155273437500001e-05",9.918212890625001e-05,0.000106811523437,0.000114440917968,0.0001220703125,0.000129699707031,0.00014209747314400002,0.000155448913574,0.00016880035400300002,0.000205039978027," 0.000508308410644]""",0.000507354736328,0.00014781951904200002,3.366558074951171,0.010150318033993001,0.0,0.00030422210693300004,0.00040054321289,0.00039863586425700005,0.501736111111111,0.501851851851851,0.00011574074074
825246932450,82524693245,0,0,21243998,1.0,"""[8.964538574218751e-05",9.727478027343751e-05,0.00010395050048800001,0.000111579895019,0.00011825561523400002,0.000125885009765,0.00013351440429600002,0.00014781951904200002,0.00016212463378900002,0.000179290771484," 0.0006179809570310001]""",0.0006179809570310001,0.000139236450195,4.660735607147216,0.016592798754572,0.0,0.00030422210693300004,0.000399589538574,0.00039863586425700005,0.5087962962962961,0.508912037037037,0.00011574074074
825246932450,82524693245,0,0,21243998,1.0,"""[8.869171142578126e-05",9.918212890625001e-05,0.000109672546386,0.00012016296386700001,0.000130653381347,0.00014114379882800002,0.00015068054199200001,0.000160217285156,0.00016975402832,0.00019931793212800002," 0.0008554458618160001]""",0.0008554458618160001,0.00015163421630800001,4.230997085571289,0.012258688919246,0.0,0.00030422210693300004,0.000399589538574,0.00039768218994100005,0.505208333333333,0.5053240740740741,0.00011574074074
825246932450,82524693245,0,0,21243998,1.0,"""[9.250640869140626e-05",0.00010204315185500001,0.000112533569335,0.000123023986816,0.00013256072998000002,0.00014305114746000002,0.000152587890625,0.00016212463378900002,0.00017166137695300002,0.00019931793212800002," 0.00039005279541]""",0.00039005279541,0.000148773193359,4.988880157470703,0.017057679593563,0.0,0.00030422210693300004,0.00039863586425700005,0.00039768218994100005,0.507291666666666,0.5074074074074071,0.00011574074074
825246932450,82524693245,0,0,21243998,1.0,"""[8.583068847656251e-05",0.00010108947753900001,0.000115394592285,0.000128746032714,0.00013828277587800002,0.00014686584472600002,0.00015640258789,0.000164985656738,0.00017356872558500002,0.000205039978027," 0.000575065612792]""",0.000575065612792,0.000152587890625,3.54329252243042,0.010134745389223002,0.0,0.00030422210693300004,0.00039863586425700005,0.00039768218994100005,0.503472222222222,0.503587962962962,0.00011574074074
825246932450,82524693245,0,0,21243998,1.0,"""[8.392333984375001e-05",0.00010013580322200001,0.000112533569335,0.000124931335449,0.00013637542724600002,0.00014686584472600002,0.00015640258789,0.00016689300537100002,0.00018119812011700001,0.000269889831542," 0.000641822814941]""",0.000641822814941,0.000164985656738,3.366558074951171,0.010150318033993001,0.0,0.00030422210693300004,0.000399589538574,0.00039863586425700005,0.50162037037037,0.501736111111111,0.00011574074074
825246932450,82524693245,0,0,21243998,1.0,"""[8.678436279296876e-05",9.822845458984376e-05,0.000107765197753,0.00011825561523400002,0.000128746032714,0.00013828277587800002,0.00014781951904200002,0.00015735626220700002,0.00016689300537100002,0.0001802444458," 0.0005102157592770001]""",0.0005102157592770001,0.00014591217041000002,3.882785320281982,0.011790541000664002,0.0,0.00030422210693300004,0.00039672851562500005,0.00039577484130800004,0.5031249999999999,0.50324074074074,0.00011574074074
825246932450,82524693245,0,0,21243998,1.0,"""[8.773803710937501e-05",0.00010108947753900001,0.000115394592285,0.000129699707031,0.00013828277587800002,0.00014686584472600002,0.000155448913574,0.00016307830810500002,0.00017166137695300002,0.000205039978027," 0.0005407333374020001]""",0.0005407333374020001,0.000152587890625,3.921168804168701,0.012361825443804,0.0,0.00030422210693300004,0.000399589538574,0.000399589538574,0.5053240740740741,0.505439814814814,0.00011574074074
825246932450,82524693245,0,0,21243998,1.0,"""[8.678436279296876e-05",9.918212890625001e-05,0.000110626220703,0.000123023986816,0.00013351440429600002,0.00014305114746000002,0.00015163421630800001,0.000161170959472,0.00016975402832,0.00019359588623000002," 0.000621795654296]""",0.000622749328613,0.000149726867675,3.816068172454834,0.012396811507642,0.0,0.00030422210693300004,0.00039863586425700005,0.00039863586425700005,0.505439814814814,0.5055555555555551,0.00011574074074
825246932450,82524693245,0,0,21243998,1.0,"""[8.487701416015626e-05",9.536743164062501e-05,0.00010299682617100001,0.000109672546386,0.00011730194091700002,0.000124931335449,0.00013351440429600002,0.00014591217041000002,0.00015926361083900002,0.00017166137695300002," 0.000494003295898]""",0.000494956970214,0.00013637542724600002,4.988880157470703,0.017057679593563,0.0,0.00030422210693300004,0.000399589538574,0.00039863586425700005,0.5076388888888881,0.507754629629629,0.00011574074074
825246932450,82524693245,0,0,21243998,1.0,"""[9.441375732421876e-05",0.00010108947753900001,0.00010871887207,0.000115394592285,0.000123023986816,0.000129699707031,0.00014114379882800002,0.000153541564941,0.00016689300537100002,0.00019264221191400002," 0.0006017684936520001]""",0.0006017684936520001,0.00014591217041000002,5.062174320220947,0.017214190214872003,0.0,0.00030422210693300004,0.00039863586425700005,0.00039768218994100005,0.5078703703703701,0.507986111111111,0.00011574074074
825246932450,82524693245,0,0,21243998,1.0,"""[9.155273437500001e-05",9.822845458984376e-05,0.00010585784912100001,0.000113487243652,0.00012016296386700001,0.000127792358398,0.00013732910156200002,0.00015068054199200001,0.00016403198242100002,0.00017833709716700002," 0.000769615173339]""",0.0007715225219720001,0.00014209747314400002,5.062174320220947,0.017214190214872003,0.0,0.00030422210693300004,0.000399589538574,0.00039863586425700005,0.507986111111111,0.5081018518518511,0.00011574074074
825246932450,82524693245,0,0,21243998,1.0,"""[9.632110595703126e-05",0.000106811523437,0.00011825561523400002,0.000129699707031,0.00013828277587800002,0.00014686584472600002,0.000155448913574,0.00016307830810500002,0.00017166137695300002,0.00020408630371000002," 0.000647544860839]""",0.0006484985351560001,0.000152587890625,4.485623836517334,0.013595651835203,0.0,0.00030422210693300004,0.00039768218994100005,0.00039672851562500005,0.502199074074074,0.502314814814814,0.00011574074074
825246932450,82524693245,0,0,21243998,1.0,"""[8.487701416015626e-05",9.441375732421876e-05,0.00010108947753900001,0.000107765197753,0.000114440917968,0.00012111663818300001,0.000127792358398,0.00013732910156200002,0.000154495239257,0.00017166137695300002," 0.000542640686035]""",0.000542640686035,0.000134468078613,4.856905937194824,0.018187118694186002,0.0,0.00030422210693300004,0.00039863586425700005,0.00039863586425700005,0.5081018518518511,0.508217592592592,0.00011574074074
825246932450,82524693245,0,0,21243998,1.0,"""[9.250640869140626e-05",0.00010585784912100001,0.00012016296386700001,0.00013351440429600002,0.00014114379882800002,0.000148773193359,0.00015640258789,0.00016403198242100002,0.00017166137695300002,0.00020313262939400002," 0.0005989074707030001]""",0.0005989074707030001,0.000152587890625,4.485623836517334,0.013595651835203,0.0,0.00030422210693300004,0.00039768218994100005,0.00039672851562500005,0.502314814814814,0.502430555555555,0.00011574074074
825246932450,82524693245,0,0,21243998,1.0,"""[9.441375732421876e-05",0.00010108947753900001,0.000107765197753,0.000115394592285,0.0001220703125,0.000128746032714,0.00013828277587800002,0.000149726867675,0.000161170959472,0.00017261505126900002," 0.000706672668457]""",0.000706672668457,0.00014114379882800002,4.508668422698974,0.014805356971919,0.0,0.00030422210693300004,0.00039863586425700005,0.00039768218994100005,0.5062500000000001,0.50636574074074,0.00011574074074
825246932450,82524693245,0,0,21243998,1.0,"""[8.964538574218751e-05",9.918212890625001e-05,0.000109672546386,0.00011920928955000001,0.000128746032714,0.00013828277587800002,0.00014781951904200002,0.00015735626220700002,0.00016689300537100002,0.00018310546875," 0.0007171630859370001]""",0.0007181167602530001,0.00014686584472600002,3.938079357147216,0.011549163609743,0.0,0.00030422210693300004,0.000399589538574,0.00039768218994100005,0.50636574074074,0.5064814814814811,0.00011574074074
825246932450,82524693245,0,0,21243998,1.0,"""[8.869171142578126e-05",9.632110595703126e-05,0.00010395050048800001,0.000111579895019,0.00011920928955000001,0.000126838684082,0.00013637542724600002,0.000148773193359,0.000161170959472,0.00017356872558500002," 0.0006322860717770001]""",0.0006322860717770001,0.00014209747314400002,4.81842565536499,0.018369510769844003,0.0,0.00030422210693300004,0.00039768218994100005,0.00039672851562500005,0.508449074074074,0.5085648148148141,0.00011574074074
825246932450,82524693245,0,0,21243998,1.0,"""[8.583068847656251e-05",9.822845458984376e-05,0.00010871887207,0.00011825561523400002,0.000128746032714,0.000139236450195,0.000149726867675,0.00015926361083900002,0.00016975402832,0.000216484069824," 0.000597953796386]""",0.0005998611450190001,0.000152587890625,4.933289527893066,0.016149446368217,0.0,0.00030422210693300004,0.00040054321289,0.00039863586425700005,0.500810185185185,0.500925925925925,0.00011574074074
825246932450,82524693245,0,0,21243998,1.0,"""[9.727478027343751e-05",0.000110626220703,0.000123977661132,0.000135421752929,0.000144004821777,0.000152587890625,0.000161170959472,0.00016975402832,0.00018787384033200002,0.00024032592773400003," 0.0005226135253900001]""",0.0005226135253900001,0.000165939331054,3.5479736328125,0.011502287350594002,0.0,0.00030422210693300004,0.000399589538574,0.00039768218994100005,0.501041666666666,0.501157407407407,0.00011574074074
825246932450,82524693245,0,0,21243998,1.0,"""[8.773803710937501e-05",9.536743164062501e-05,0.00010204315185500001,0.000109672546386,0.00011730194091700002,0.000123977661132,0.00013160705566400002,0.00014686584472600002,0.00016212463378900002,0.00018119812011700001," 0.000711441040039]""",0.000711441040039,0.00014209747314400002,4.681074619293212,0.016802348196506,0.0,0.00030422210693300004,0.00039863586425700005,0.00039768218994100005,0.507060185185185,0.5071759259259261,0.00011574074074
825246932450,82524693245,0,0,21243998,1.0,"""[7.724761962890625e-05",9.536743164062501e-05,0.00010299682617100001,0.000110626220703,0.00011920928955000001,0.000126838684082,0.00013637542724600002,0.000148773193359,0.00016212463378900002,0.000174522399902," 0.0006790161132810001]""",0.0006799697875970001,0.00014305114746000002,3.9027552604675293,0.012284521013498001,0.0,0.00030422210693300004,0.00039863586425700005,0.00039768218994100005,0.509143518518518,0.5092592592592591,0.00011574074074
825246932450,82524693245,0,0,21243998,1.0,"""[8.964538574218751e-05",0.00010299682617100001,0.000116348266601,0.000129699707031,0.000140190124511,0.000149726867675,0.00015926361083900002,0.00016784667968700002,0.00018787384033200002,0.000279426574707," 0.000750541687011]""",0.000749588012695,0.00016880035400300002,3.5479736328125,0.011502287350594002,0.0,0.00030422210693300004,0.00040054321289,0.00039863586425700005,0.501388888888888,0.501504629629629,0.00011574074074
825246932450,82524693245,0,0,21243998,1.0,"""[8.106231689453125e-05",9.441375732421876e-05,0.00010204315185500001,0.00010871887207,0.000116348266601,0.000123023986816,0.000129699707031,0.000144004821777,0.00015926361083900002,0.000175476074218," 0.000524520874023]""",0.000524520874023,0.00013828277587800002,4.14995002746582,0.01516359206289,0.0,0.00030422210693300004,0.00039768218994100005,0.00039672851562500005,0.502546296296296,0.502662037037037,0.00011574074074
825246932450,82524693245,0,0,21243998,1.0,"""[9.536743164062501e-05",0.00010204315185500001,0.000109672546386,0.000116348266601,0.000123977661132,0.00013160705566400002,0.00014209747314400002,0.000153541564941,0.00016403198242100002,0.000175476074218," 0.000555038452148]""",0.00054931640625,0.00014305114746000002,4.401402950286865,0.013863684609532,0.0,0.00030422210693300004,0.00039863586425700005,0.00039768218994100005,0.504629629629629,0.50474537037037,0.00011574074074
825246932450,82524693245,0,0,21243998,1.0,"""[9.632110595703126e-05",0.000106811523437,0.00011730194091700002,0.000127792358398,0.00013637542724600002,0.000144958496093,0.000152587890625,0.000161170959472,0.00016975402832,0.00018882751464800002," 0.0006141662597650001]""",0.000612258911132,0.000148773193359,3.882785320281982,0.011790541000664002,0.0,0.00030422210693300004,0.00039768218994100005,0.00039672851562500005,0.503009259259259,0.5031249999999999,0.00011574074074
825246932450,82524693245,0,0,21243998,1.0,"""[8.869171142578126e-05",9.632110595703126e-05,0.00010490417480400001,0.000112533569335,0.00012111663818300001,0.000128746032714,0.000140190124511,0.000152587890625,0.000165939331054,0.000196456909179," 0.000523567199707]""",0.000530242919921,0.00014591217041000002,3.5479736328125,0.011502287350594002,0.0,0.00030422210693300004,0.00039863586425700005,0.00039672851562500005,0.501273148148148,0.501388888888888,0.00011574074074
825246932450,82524693245,0,0,21243998,1.0,"""[8.773803710937501e-05",9.727478027343751e-05,0.000107765197753,0.00011730194091700002,0.000127792358398,0.00013828277587800002,0.00014781951904200002,0.00015830993652300002,0.00016880035400300002,0.00019931793212800002," 0.000578880310058]""",0.000524520874023,0.00015163421630800001,3.380162239074707,0.010251700878143,0.0,0.00030422210693300004,0.000399589538574,0.00039863586425700005,0.501504629629629,0.50162037037037,0.00011574074074
825246932450,82524693245,0,0,21243998,1.0,"""[9.059906005859376e-05",0.00010585784912100001,0.00012111663818300001,0.000134468078613,0.00014209747314400002,0.00015068054199200001,0.00015830993652300002,0.00016689300537100002,0.000175476074218,0.00020790100097600002," 0.000536918640136]""",0.00053596496582,0.000155448913574,3.816068172454834,0.012396811507642,0.0,0.00030422210693300004,0.00039863586425700005,0.00039768218994100005,0.5055555555555551,0.505671296296296,0.00011574074074
825246932450,82524693245,0,0,21243998,1.0,"""[9.155273437500001e-05",0.00010299682617100001,0.000115394592285,0.000127792358398,0.00013732910156200002,0.00014591217041000002,0.000155448913574,0.00016403198242100002,0.00017261505126900002,0.00021076202392500003," 0.0006380081176750001]""",0.0006380081176750001,0.00015640258789,3.7014095783233643,0.010613744147121,0.0,0.00030422210693300004,0.00039863586425700005,0.00039768218994100005,0.503703703703703,0.503819444444444,0.00011574074074
825246932450,82524693245,0,0,21243998,1.0,"""[9.059906005859376e-05",0.00010013580322200001,0.000110626220703,0.00012016296386700001,0.000129699707031,0.000140190124511,0.000149726867675,0.00015926361083900002,0.00016975402832,0.00019359588623000002," 0.0007095336914060001]""",0.0007095336914060001,0.000149726867675,4.376380443572998,0.014936467632651001,0.0,0.00030422210693300004,0.00039863586425700005,0.00039768218994100005,0.5057870370370371,0.505902777777777,0.00011574074074
825246932450,82524693245,0,0,21243998,1.0,"""[8.773803710937501e-05",9.822845458984376e-05,0.00010871887207,0.00011920928955000001,0.000129699707031,0.000139236450195,0.000149726867675,0.00015926361083900002,0.00016880035400300002,0.00019264221191400002," 0.000636100769042]""",0.0006380081176750001,0.000148773193359,3.938079357147216,0.011549163609743,0.0,0.00030422210693300004,0.00039768218994100005,0.00039768218994100005,0.5064814814814811,0.506597222222222,0.00011574074074
825246932450,82524693245,0,0,21243998,1.0,"""[8.964538574218751e-05",9.727478027343751e-05,0.00010490417480400001,0.000112533569335,0.00012016296386700001,0.000128746032714,0.00013828277587800002,0.00015068054199200001,0.00016307830810500002,0.000174522399902," 0.0004959106445310001]""",0.0004959106445310001,0.00014114379882800002,4.681074619293212,0.016802348196506,0.0,0.00030422210693300004,0.00039863586425700005,0.00039863586425700005,0.506828703703703,0.5069444444444441,0.00011574074074
825246932450,82524693245,0,0,21243998,1.0,"""[9.059906005859376e-05",9.822845458984376e-05,0.00010585784912100001,0.000112533569335,0.00012016296386700001,0.000127792358398,0.00013732910156200002,0.00015068054199200001,0.00016403198242100002,0.000186920166015," 0.0005111694335930001]""",0.0005111694335930001,0.00014114379882800002,4.15956974029541,0.013744227588176,0.0,0.00030422210693300004,0.00039863586425700005,0.00039768218994100005,0.508912037037037,0.5090277777777771,0.00011574074074
825246932450,82524693245,0,0,21243998,0.9933333396911621,"""[9.346008300781251e-05",0.00010299682617100001,0.000113487243652,0.000123023986816,0.00013351440429600002,0.00014305114746000002,0.000152587890625,0.00016307830810500002,0.00017261505126900002,0.00020694732666000002," 0.00049877166748]""",0.001092910766601,0.00015163421630800001,4.626379489898681,0.013415843248367,0.0,0.00030422210693300004,0.000399589538574,0.00039863586425700005,0.503819444444444,0.503935185185185,0.00011574074074
825246932450,82524693245,0,0,21243998,1.0,"""[8.773803710937501e-05",9.536743164062501e-05,0.00010204315185500001,0.00010871887207,0.000116348266601,0.000123023986816,0.000129699707031,0.00014305114746000002,0.00015830993652300002,0.000174522399902," 0.0006322860717770001]""",0.0006322860717770001,0.000139236450195,5.058575630187988,0.017206504940986002,0.0,0.00030422210693300004,0.000399589538574,0.00039768218994100005,0.507754629629629,0.5078703703703701,0.00011574074074
825246932450,82524693245,0,0,21243998,1.0,"""[9.155273437500001e-05",9.918212890625001e-05,0.000106811523437,0.000114440917968,0.0001220703125,0.000129699707031,0.000140190124511,0.000152587890625,0.00016403198242100002,0.000175476074218," 0.000432968139648]""",0.00057315826416,0.00014114379882800002,4.036858558654785,0.012214010581374,0.0,0.00030422210693300004,0.00039768218994100005,0.00039672851562500005,0.501967592592592,0.502083333333333,0.00011574074074
825246932450,82524693245,0,0,21243998,1.0,"""[9.250640869140626e-05",0.00010013580322200001,0.000107765197753,0.000115394592285,0.000123023986816,0.000130653381347,0.00014114379882800002,0.000152587890625,0.00016403198242100002,0.000175476074218," 0.000500679016113]""",0.000500679016113,0.00014209747314400002,5.131003379821777,0.018356855958700003,0.0,0.00030422210693300004,0.00039863586425700005,0.00039768218994100005,0.505902777777777,0.5060185185185181,0.00011574074074
825246932450,82524693245,0,0,21243998,1.0,"""[8.869171142578126e-05",9.822845458984376e-05,0.00010871887207,0.00011920928955000001,0.000129699707031,0.000140190124511,0.000149726867675,0.00015926361083900002,0.00016880035400300002,0.00019264221191400002," 0.000506401062011]""",0.000506401062011,0.000149726867675,4.162081241607666,0.011381468735635001,0.0,0.00030422210693300004,0.000399589538574,0.00039863586425700005,0.504166666666666,0.504282407407407,0.00011574074074
825246932450,82524693245,0,0,21243998,1.0,"""[8.296966552734376e-05",9.727478027343751e-05,0.000106811523437,0.00011730194091700002,0.000126838684082,0.00013732910156200002,0.00014686584472600002,0.00015735626220700002,0.00016784667968700002,0.00019454956054600002," 0.000761985778808]""",0.000761032104492,0.000149726867675,4.162081241607666,0.011381468735635001,0.0,0.00030422210693300004,0.000399589538574,0.00039863586425700005,0.504282407407407,0.504398148148148,0.00011574074074
825246932450,82524693245,0,0,21243998,1.0,"""[9.536743164062501e-05",0.00010490417480400001,0.000113487243652,0.000123023986816,0.00013160705566400002,0.00014114379882800002,0.00015068054199200001,0.000160217285156,0.00016975402832,0.000191688537597," 0.000745773315429]""",0.0007467269897460001,0.000148773193359,4.81842565536499,0.018369510769844003,0.0,0.00030422210693300004,0.00039863586425700005,0.00039768218994100005,0.5083333333333331,0.508449074074074,0.00011574074074
825246932450,82524693245,0,0,21243998,1.0,"""[9.632110595703126e-05",0.00011920928955000001,0.00013732910156200002,0.000149726867675,0.000161170959472,0.00017261505126900002,0.00018787384033200002,0.000205039978027,0.00022411346435500002,0.00027179718017500003," 0.00092601776123]""",0.00092601776123,0.00018978118896400002,4.933289527893066,0.016149446368217,0.0,0.00030422210693300004,0.000399589538574,0.00039768218994100005,0.500578703703703,0.500694444444444,0.00011574074074
825246932450,82524693245,0,0,21243998,1.0,"""[9.441375732421876e-05",0.00010108947753900001,0.00010871887207,0.000116348266601,0.000123977661132,0.000130653381347,0.00014209747314400002,0.000154495239257,0.000165939331054,0.00019264221191400002," 0.00044918060302700006]""",0.00044822692871000004,0.000144004821777,4.083609580993652,0.012578104622662001,0.0,0.00030422210693300004,0.00039863586425700005,0.00039768218994100005,0.5067129629629631,0.506828703703703,0.00011574074074
825246932450,82524693245,0,0,21243998,1.0,"""[8.583068847656251e-05",9.822845458984376e-05,0.00010871887207,0.00011920928955000001,0.000129699707031,0.000139236450195,0.000148773193359,0.00015830993652300002,0.00016784667968700002,0.00018787384033200002," 0.0006332397460930001]""",0.0006332397460930001,0.00014781951904200002,4.264259338378906,0.012575315311551,0.0,0.00030422210693300004,0.00039768218994100005,0.00039672851562500005,0.504976851851851,0.5050925925925921,0.00011574074074
825246932450,82524693245,0,0,21243998,1.0,"""[8.0108642578125e-05",9.536743164062501e-05,0.00010299682617100001,0.000111579895019,0.00012016296386700001,0.000127792358398,0.00013828277587800002,0.00015068054199200001,0.00016212463378900002,0.000174522399902," 0.0006294250488280001]""",0.0008201599121090001,0.000140190124511,4.681074619293212,0.016802348196506,0.0,0.00030422210693300004,0.000399589538574,0.00039863586425700005,0.5069444444444441,0.507060185185185,0.00011574074074
825246932450,82524693245,0,0,21243998,1.0,"""[8.964538574218751e-05",0.00010013580322200001,0.000111579895019,0.000123023986816,0.00013351440429600002,0.00014305114746000002,0.00015163421630800001,0.000161170959472,0.00016975402832,0.00019264221191400002," 0.000673294067382]""",0.000672340393066,0.00014781951904200002,4.3812971115112305,0.014649581164121002,0.0,0.00030422210693300004,0.000399589538574,0.00039768218994100005,0.509375,0.5094907407407401,0.00011574074074
825246932450,82524693245,0,0,21243998,1.0,"""[9.346008300781251e-05",0.00010108947753900001,0.00010871887207,0.000116348266601,0.000123023986816,0.000130653381347,0.00014209747314400002,0.000154495239257,0.00016689300537100002,0.000201225280761," 0.000569343566894]""",0.000569343566894,0.000148773193359,3.677837133407592,0.010001843795180002,0.0,0.00030422210693300004,0.00039863586425700005,0.00039577484130800004,0.5001157407407401,0.500231481481481,0.00011574074074
825246932450,82524693245,0,0,21243998,1.0,"""[8.869171142578126e-05",9.536743164062501e-05,0.00010204315185500001,0.000109672546386,0.000116348266601,0.000123023986816,0.000130653381347,0.000144004821777,0.00015926361083900002,0.000174522399902," 0.0004911422729490001]""",0.0004911422729490001,0.000139236450195,4.81842565536499,0.018369510769844003,0.0,0.00030422210693300004,0.00039863586425700005,0.00039768218994100005,0.508217592592592,0.5083333333333331,0.00011574074074
825246932450,82524693245,0,0,21243998,1.0,"""[9.441375732421876e-05",0.00010204315185500001,0.00010871887207,0.000115394592285,0.000123023986816,0.000129699707031,0.000140190124511,0.000152587890625,0.000164985656738,0.00018978118896400002," 0.000463485717773]""",0.000463485717773,0.00014209747314400002,4.264133930206298,0.014630234800279002,0.0,0.00030422210693300004,0.00039768218994100005,0.00039672851562500005,0.502430555555555,0.502546296296296,0.00011574074074
825246932450,82524693245,0,0,21243998,1.0,"""[8.583068847656251e-05",9.536743164062501e-05,0.00010299682617100001,0.000110626220703,0.00011825561523400002,0.000125885009765,0.000135421752929,0.00014686584472600002,0.00015830993652300002,0.000170707702636," 0.0005159378051750001]""",0.0005149841308590001,0.00013637542724600002,4.162081241607666,0.011381468735635001,0.0,0.00030422210693300004,0.000399589538574,0.00039863586425700005,0.504398148148148,0.504513888888888,0.00011574074074
825246932450,82524693245,0,0,21243998,1.0,"""[8.964538574218751e-05",9.632110595703126e-05,0.00010395050048800001,0.000110626220703,0.00011730194091700002,0.000124931335449,0.00013160705566400002,0.00014591217041000002,0.000160217285156,0.00017356872558500002," 0.000508308410644]""",0.0005035400390620001,0.00013828277587800002,4.709452152252197,0.017141694203019,0.0,0.00030422210693300004,0.00039863586425700005,0.00039768218994100005,0.5085648148148141,0.508680555555555,0.00011574074074
825246932450,82524693245,0,0,21243998,1.0,"""[9.441375732421876e-05",0.00010299682617100001,0.000111579895019,0.00012016296386700001,0.000128746032714,0.00013828277587800002,0.000148773193359,0.00015830993652300002,0.00016880035400300002,0.000195503234863," 0.000611305236816]""",0.0006103515625,0.00014781951904200002,4.421455383300781,0.014071668498218,0.0,0.00030422210693300004,0.00039863586425700005,0.00039768218994100005,0.50474537037037,0.5048611111111111,0.00011574074074
825246932450,82524693245,0,0,21243998,1.0,"""[9.155273437500001e-05",0.00010013580322200001,0.000109672546386,0.00011920928955000001,0.000128746032714,0.00013828277587800002,0.000148773193359,0.00015926361083900002,0.00016975402832,0.000195503234863," 0.000603675842285]""",0.000603675842285,0.00014781951904200002,4.660735607147216,0.016592798754572,0.0,0.00030422210693300004,0.00039863586425700005,0.00039863586425700005,0.508680555555555,0.5087962962962961,0.00011574074074
825246932450,82524693245,0,0,21243998,1.0,"""[8.392333984375001e-05",9.918212890625001e-05,0.000109672546386,0.00012111663818300001,0.00013160705566400002,0.00014114379882800002,0.00015068054199200001,0.000160217285156,0.00016975402832,0.000196456909179," 0.000593185424804]""",0.000593185424804,0.000149726867675,3.54329252243042,0.010134745389223002,0.0,0.00030422210693300004,0.00039863586425700005,0.00039768218994100005,0.503356481481481,0.503472222222222,0.00011574074074
825246932450,82524693245,0,0,21243998,1.0,"""[8.678436279296876e-05",9.536743164062501e-05,0.00010299682617100001,0.000110626220703,0.00011825561523400002,0.000125885009765,0.00013351440429600002,0.00014686584472600002,0.000160217285156,0.00017356872558500002," 0.0005645751953120001]""",0.0005645751953120001,0.00013828277587800002,4.988880157470703,0.017057679593563,0.0,0.00030422210693300004,0.000399589538574,0.00039768218994100005,0.507523148148148,0.5076388888888881,0.00011574074074
