UniqJobId,collection_id,instance_index,priority,machine_id,sample_rate,cpu_usage_distribution1,cpu_usage_distribution2,cpu_usage_distribution3,cpu_usage_distribution4,cpu_usage_distribution5,cpu_usage_distribution6,cpu_usage_distribution7,cpu_usage_distribution8,cpu_usage_distribution9,cpu_usage_distribution10,cpu_usage_distribution11,max_cpu,avg_cpu,cycles_per_instruction,memory_accesses_per_instruction,assigned_memory,page_cache_memory,max_memory,avg_memory,start_time,end_time,time_window
847037689490,84703768949,0,0,1578052391,1.0,"""[0",0.0,0.0,0.0,0.0,0.0,0.0,0.0,0.0,0.0,"0]""",0.0,0.0,0.0,0.0,0.00029373168945300005,2.7656555175781253e-05,3.528594970703125e-05,3.528594970703125e-05,0.500243441358024,0.5002438271604931,3.858024691358024e-07
847037689490,84703768949,0,0,198556190123,1.0,"""[3.24249267578125e-05",3.24249267578125e-05,6.008148193359376e-05,0.000109672546386,0.00048446655273400003,0.0008583068847650001,0.0011882781982420001,0.0015182495117180002,0.003486633300781,0.00543212890625," 0.00543212890625]""",0.005439758300781,0.0015697479248040001,0.0,0.0,0.00020980834960900003,4.959106445312501e-05,0.000126838684082,8.773803710937501e-05,0.507367283950617,0.507369212962963,1.929012345679012e-06
847037689490,84703768949,0,0,2059474546,1.0,"""[0",0.0,0.0,0.0,0.0,0.0,0.0,0.0,0.0,0.0," 0]""",0.0,0.0,0.0,0.0,0.00020980834960900003,0.0,9.5367431640625e-07,9.5367431640625e-07,0.502424768518518,0.502425154320987,3.858024691358024e-07
847037689490,84703768949,0,0,1713489854,1.0,"""[0",0.0,1.9073486328125e-06,8.58306884765625e-06,1.52587890625e-05,2.1934509277343753e-05,2.8610229492187503e-05,3.528594970703125e-05,4.196166992187501e-05,0.00019741058349600002," 0.00019741058349600002]""",0.000289916992187,5.817413330078126e-05,0.0,0.0,0.00029373168945300005,7.43865966796875e-05,8.106231689453125e-05,8.106231689453125e-05,0.501588348765432,0.5015902777777771,1.929012345679012e-06
847037689490,84703768949,0,0,1715004957,1.0,"""[0",0.0,0.0,0.0,0.0,0.0,0.0,0.0,0.0,0.0," 0]""",0.0,0.0,0.0,0.0,0.00020980834960900003,0.0,9.5367431640625e-07,9.5367431640625e-07,0.506874228395061,0.50687461419753,3.858024691358024e-07
847037689490,84703768949,0,0,1579711803,1.0,"""[2.4795532226562503e-05",2.4795532226562503e-05,0.00022888183593700002,0.000255584716796,0.0007658004760740001,0.0009899139404290001,0.001214981079101,0.001638412475585,0.001665115356445,0.0028533935546870004," 0.0028533935546870004]""",0.0028495788574210003,0.001293182373046,0.0,0.0,0.00020980834960900003,5.245208740234376e-05,0.00014305114746000002,7.534027099609375e-05,0.501927469135802,0.5019293981481481,1.929012345679012e-06
847037689490,84703768949,0,0,1578052391,1.0,"""[0",0.0,0.0,0.0,0.0,0.0,0.0,0.0,0.0,0.0," 0]""",0.0,0.0,0.0,0.0,0.00020980834960900003,0.0,9.5367431640625e-07,9.5367431640625e-07,0.503495756172839,0.503496141975308,3.858024691358024e-07
847037689490,84703768949,0,0,1715004957,1.0,"""[0",0.0,0.0,0.0,0.0,0.0,0.0,0.0,0.0,0.0," 0]""",0.00023555755615200003,7.82012939453125e-05,0.0,0.0,0.00020980834960900003,7.534027099609375e-05,8.296966552734376e-05,8.20159912109375e-05,0.5068734567901231,0.50687461419753,1.157407407407407e-06
847037689490,84703768949,0,0,1580323926,1.0,"""[0",0.0,0.0,0.0,0.0,0.0,0.0,0.0,0.0,0.0,"0]""",0.0,0.0,0.0,0.0,0.00020980834960900003,0.0,9.5367431640625e-07,9.5367431640625e-07,0.5018206018518511,0.501820987654321,3.858024691358024e-07
847037689490,84703768949,0,0,2059474546,1.0,"""[2.3841857910156253e-05",2.3841857910156253e-05,0.00013637542724600002,0.000149726867675,0.00016307830810500002,0.000528335571289,0.0009069442749020001,0.001504898071289,0.0015316009521480001,0.0038871765136710003," 0.0038871765136710003]""",0.003898620605468,0.001270294189453,0.0,0.0,0.00020980834960900003,1.52587890625e-05,0.000126838684082,6.389617919921875e-05,0.502421682098765,0.502423611111111,1.929012345679012e-06
847037689490,84703768949,0,0,1579787186,1.0,"""[0",0.0,0.0,0.0,8.58306884765625e-06,2.1934509277343753e-05,3.528594970703125e-05,0.000109672546386,0.000109672546386,0.000109672546386," 0.000109672546386]""",0.000165939331054,7.724761962890625e-05,0.0,0.0,0.00029373168945300005,7.534027099609375e-05,8.296966552734376e-05,8.20159912109375e-05,0.501369984567901,0.5013711419753081,1.157407407407407e-06
847037689490,84703768949,0,0,21305997,1.0,"""[8.58306884765625e-06",8.58306884765625e-06,8.58306884765625e-06,8.58306884765625e-06,8.58306884765625e-06,8.58306884765625e-06,8.58306884765625e-06,8.58306884765625e-06,8.58306884765625e-06,8.58306884765625e-06," 8.58306884765625e-06]""",8.58306884765625e-06,8.58306884765625e-06,0.0,0.0,0.00020980834960900003,0.0,9.5367431640625e-07,9.5367431640625e-07,0.506761959876543,0.506762345679012,3.858024691358024e-07
847037689490,84703768949,0,0,1713141410,1.0,"""[8.58306884765625e-06",8.58306884765625e-06,2.2888183593750003e-05,9.250640869140626e-05,0.000123023986816,0.00019836425781200002,0.0009765625,0.001008987426757,0.001567840576171,0.004371643066406," 0.004371643066406]""",0.004379272460937,0.00115966796875,0.0,0.0,0.00029373168945300005,5.531311035156251e-05,0.000126838684082,7.82012939453125e-05,0.501036265432098,0.5010385802469131,2.314814814814814e-06
847037689490,84703768949,0,0,1580323926,1.0,"""[2.6702880859375003e-05",2.6702880859375003e-05,5.245208740234376e-05,7.915496826171875e-05,0.00023746490478500002,0.000792503356933,0.001346588134765,0.002342224121093,0.002368927001953,0.0038719177246090003," 0.0038719177246090003]""",0.0038757324218750004,0.00126838684082,0.0,0.0,0.00020980834960900003,5.435943603515626e-05,0.000134468078613,0.00010108947753900001,0.501817129629629,0.501819444444444,2.314814814814814e-06
847037689490,84703768949,0,0,1713141410,1.0,"""[0",0.0,0.0,0.0,0.0,0.0,0.0,0.0,0.0,0.0," 0]""",0.0,0.0,0.0,0.0,0.00029373168945300005,0.0,1.9073486328125e-06,1.9073486328125e-06,0.501038966049382,0.5010397376543211,7.716049382716048e-07
847037689490,84703768949,0,0,20143068970,1.0,"""[0",0.0,0.0,0.0,0.0,0.0,0.0,0.0,0.0,0.0," 0]""",0.00026798248291,0.000134468078613,0.0,0.0,0.00020980834960900003,7.534027099609375e-05,8.20159912109375e-05,8.20159912109375e-05,0.5066539351851851,0.506654706790123,7.716049382716048e-07
847037689490,84703768949,0,0,1580323926,1.0,"""[0",0.0,0.0,0.0,0.0,0.0,0.0,0.0,0.0,0.0,"0]""",0.0,0.0,0.0,0.0,0.00020980834960900003,0.0,9.5367431640625e-07,9.5367431640625e-07,0.501816358024691,0.50181674382716,3.858024691358024e-07
847037689490,84703768949,0,0,1580323926,1.0,"""[0",0.0,0.0,0.0,0.0,0.0,0.0,0.0,0.0,0.0," 0]""",0.00027370452880800004,9.155273437500001e-05,0.0,0.0,0.00020980834960900003,7.534027099609375e-05,8.296966552734376e-05,8.20159912109375e-05,0.501819444444444,0.5018206018518511,1.157407407407407e-06
847037689490,84703768949,0,0,1578052391,1.0,"""[0",0.0,0.0,0.0,0.0,0.0,0.0,0.0,0.0,0.0," 0]""",0.0,0.0,0.0,0.0,0.00029373168945300005,0.0,9.5367431640625e-07,9.5367431640625e-07,0.5002426697530861,0.500243441358024,7.716049382716048e-07
847037689490,84703768949,0,0,21305997,1.0,"""[0",0.0,0.0,0.0,0.0,0.0,0.0,0.0,0.0,0.0,"0]""",0.0,0.0,0.0,0.0,0.00020980834960900003,0.0,9.5367431640625e-07,9.5367431640625e-07,0.5067615740740741,0.506761959876543,3.858024691358024e-07
847037689490,84703768949,0,0,1713489854,1.0,"""[0",0.0,0.0,0.0,0.0,0.0,0.0,0.0,0.0,0.0,"0]""",0.0,0.0,0.0,0.0,0.00029373168945300005,0.0,9.5367431640625e-07,9.5367431640625e-07,0.5015902777777771,0.5015906635802471,3.858024691358024e-07
847037689490,84703768949,0,0,20143068970,1.0,"""[2.5749206542968753e-05",2.5749206542968753e-05,9.727478027343751e-05,0.000123023986816,0.000149726867675,0.0008363723754880001,0.0015239715576170001,0.0022544860839840003,0.002281188964843,0.0037956237792960003," 0.0037956237792960003]""",0.0037994384765620004,0.00126838684082,0.0,0.0,0.00020980834960900003,5.531311035156251e-05,0.00013160705566400002,9.441375732421876e-05,0.50665162037037,0.5066539351851851,2.314814814814814e-06
847037689490,84703768949,0,0,20142978127,1.0,"""[0",0.0,0.0,1.9073486328125e-06,4.76837158203125e-06,7.62939453125e-06,1.0490417480468752e-05,1.3351440429687502e-05,1.52587890625e-05,1.52587890625e-05," 1.52587890625e-05]""",0.0,0.0,0.0,0.0,0.00020980834960900003,0.0,9.5367431640625e-07,9.5367431640625e-07,0.5094741512345671,0.509475308641975,1.157407407407407e-06
847037689490,84703768949,0,0,1578052391,1.0,"""[0",0.0,0.0,0.0,0.0,0.0,0.0,0.0,0.0,0.0," 0]""",0.00024127960205000003,8.0108642578125e-05,0.0,0.0,0.00029373168945300005,2.7656555175781253e-05,3.528594970703125e-05,3.528594970703125e-05,0.500242283950617,0.500243441358024,1.157407407407407e-06
847037689490,84703768949,0,0,1578052391,1.0,"""[0",0.0,0.0,0.0,0.0,0.0,0.0,0.0,0.0,0.0," 0]""",0.0,0.0,0.0,0.0,0.00020980834960900003,0.0,9.5367431640625e-07,9.5367431640625e-07,0.503494212962962,0.503495756172839,1.5432098765432092e-06
847037689490,84703768949,0,0,21305997,1.0,"""[0",0.0,0.0,0.0,0.0,0.0,0.0,0.0,0.0,0.0," 0]""",0.0,0.0,0.0,0.0,0.00020980834960900003,3.814697265625e-05,4.577636718750001e-05,4.577636718750001e-05,0.5067662037037031,0.506766589506172,3.858024691358024e-07
847037689490,84703768949,0,0,20143068970,1.0,"""[0",0.0,0.0,0.0,0.0,8.0108642578125e-05,0.000161170959472,0.000161170959472,0.000161170959472,0.000161170959472," 0.000161170959472]""",0.00018501281738200003,0.000139236450195,0.0,0.0,0.00020980834960900003,7.62939453125e-05,8.392333984375001e-05,8.392333984375001e-05,0.5021516203703701,0.502152391975308,7.716049382716048e-07
847037689490,84703768949,0,0,20143068970,1.0,"""[0",0.0,0.0,0.0,0.0,6.67572021484375e-06,1.2397766113281252e-05,1.2397766113281252e-05,1.2397766113281252e-05,1.2397766113281252e-05," 1.2397766113281252e-05]""",0.0,0.0,0.0,0.0,0.00020980834960900003,0.0,9.5367431640625e-07,9.5367431640625e-07,0.506654706790123,0.506655092592592,3.858024691358024e-07
847037689490,84703768949,0,0,1579711803,1.0,"""[0",0.0,0.0,0.0,0.0,0.0,0.0,0.0,0.0,0.0," 0]""",0.0,0.0,0.0,0.0,0.00020980834960900003,0.0,9.5367431640625e-07,9.5367431640625e-07,0.501930169753086,0.5019309413580241,7.716049382716048e-07
847037689490,84703768949,0,0,20142978127,1.0,"""[0",0.0,0.0,0.0,0.0,0.0,0.0,0.0,0.0,0.0," 0]""",0.00029563903808500004,6.580352783203125e-05,0.0,0.0,0.00020980834960900003,7.343292236328125e-05,8.106231689453125e-05,8.106231689453125e-05,0.509473765432098,0.509475308641975,1.5432098765432092e-06
847037689490,84703768949,0,0,1715004957,1.0,"""[1.621246337890625e-05",1.621246337890625e-05,2.7656555175781253e-05,9.250640869140626e-05,0.000123023986816,0.00019836425781200002,0.001638412475585,0.00166893005371,0.0018749237060540001,0.0025177001953120004," 0.0025177001953120004]""",0.0025138854980460003,0.0010128021240230001,0.0,0.0,0.00020980834960900003,5.626678466796876e-05,0.000139236450195,8.0108642578125e-05,0.501760802469135,0.5017631172839501,2.314814814814814e-06
847037689490,84703768949,0,0,1580323926,1.0,"""[0",0.0,0.0,0.0,0.0,0.0,0.0,0.0,0.0,0.0,"0]""",0.0,0.0,0.0,0.0,0.00020980834960900003,7.43865966796875e-05,8.106231689453125e-05,8.106231689453125e-05,0.5018206018518511,0.501820987654321,3.858024691358024e-07
847037689490,84703768949,0,0,198556190123,1.0,"""[0",0.0,0.0,0.0,8.58306884765625e-06,2.1934509277343753e-05,3.528594970703125e-05,0.000144004821777,0.000144004821777,0.000144004821777," 0.000144004821777]""",0.00016307830810500002,8.487701416015626e-05,0.0,0.0,0.00020980834960900003,7.43865966796875e-05,8.20159912109375e-05,8.106231689453125e-05,0.507369212962963,0.50737037037037,1.157407407407407e-06
847037689490,84703768949,0,0,20143068970,1.0,"""[0",0.0,0.0,0.0,0.0,0.0,0.0,0.0,0.0,0.0,"0]""",0.0,0.0,0.0,0.0,0.00020980834960900003,7.534027099609375e-05,8.106231689453125e-05,8.106231689453125e-05,0.506654706790123,0.506655092592592,3.858024691358024e-07
847037689490,84703768949,0,0,20142978127,1.0,"""[1.1444091796875002e-05",1.1444091796875002e-05,1.811981201171875e-05,3.719329833984375e-05,0.00023746490478500002,0.0009899139404290001,0.00174331665039,0.001991271972656,0.002017974853515,0.003997802734375," 0.003997802734375]""",0.004005432128906,0.0012950897216790001,0.0,0.0,0.00020980834960900003,4.196166992187501e-05,0.000125885009765,7.05718994140625e-05,0.509471450617283,0.509473765432098,2.314814814814814e-06
847037689490,84703768949,0,0,20143068970,1.0,"""[0",0.0,0.0,0.0,0.0,0.0,0.0,0.0,0.0,0.0," 0]""",0.0,0.0,0.0,0.0,0.00020980834960900003,0.0,9.5367431640625e-07,9.5367431640625e-07,0.5021520061728391,0.502152391975308,3.858024691358024e-07
847037689490,84703768949,0,0,1715004957,1.0,"""[6.67572021484375e-06",6.67572021484375e-06,2.1934509277343753e-05,9.059906005859376e-05,0.00010585784912100001,0.00012111663818300001,0.000757217407226,0.000787734985351,0.001346588134765,0.0033836364746090003," 0.0033836364746090003]""",0.0033836364746090003,0.00092601776123,0.0,0.0,0.00020980834960900003,5.626678466796876e-05,0.000127792358398,9.918212890625001e-05,0.506871141975308,0.5068734567901231,2.314814814814814e-06
847037689490,84703768949,0,0,1579711803,1.0,"""[0",0.0,0.0,0.0,0.0,0.0,0.0,0.0,0.0,0.0," 0]""",0.00028228759765600004,7.05718994140625e-05,0.0,0.0,0.00020980834960900003,7.62939453125e-05,8.296966552734376e-05,8.296966552734376e-05,0.5019293981481481,0.5019309413580241,1.5432098765432092e-06
847037689490,84703768949,0,0,21305997,1.0,"""[0",0.0,0.0,0.0,0.0,0.0,0.0,0.0,0.0,0.0," 0]""",0.00019741058349600002,9.918212890625001e-05,0.0,0.0,0.00020980834960900003,3.814697265625e-05,4.577636718750001e-05,4.577636718750001e-05,0.506765432098765,0.5067662037037031,7.716049382716048e-07
847037689490,84703768949,0,0,1578052391,1.0,"""[2.5749206542968753e-05",2.5749206542968753e-05,0.00019359588623000002,0.00022411346435500002,0.000255584716796,0.0005941390991210001,0.0010223388671870002,0.0010528564453120002,0.002227783203125,0.004493713378906," 0.004493713378906]""",0.004196166992187,0.0013790130615230001,0.0,0.0,0.00029373168945300005,2.3841857910156253e-05,8.678436279296876e-05,6.29425048828125e-05,0.500239969135802,0.500242283950617,2.314814814814814e-06
847037689490,84703768949,0,0,21305997,1.0,"""[0",0.0,0.0,0.0,0.0,0.0,0.0,0.0,0.0,0.0," 0]""",0.0,0.0,0.0,0.0,0.00020980834960900003,0.0,9.5367431640625e-07,9.5367431640625e-07,0.5067662037037031,0.506766589506172,3.858024691358024e-07
847037689490,84703768949,0,0,21305997,1.0,"""[0",0.0,2.6702880859375003e-05,0.00010585784912100001,0.00018501281738200003,0.00022029876708900002,0.000255584716796,0.0005989074707030001,0.001911163330078,0.004173278808593001," 0.004173278808593001]""",0.004013061523437,0.0008573532104490001,0.0,0.0,0.00020980834960900003,3.0517578125e-05,0.00010013580322200001,8.0108642578125e-05,0.506762345679012,0.506765432098765,3.0864197530864187e-06
847037689490,84703768949,0,0,2059474546,1.0,"""[0",0.0,0.0,0.0,0.0,0.0,0.0,0.0,0.0,0.0," 0]""",0.00028228759765600004,9.441375732421876e-05,0.0,0.0,0.00020980834960900003,0.0,7.62939453125e-06,7.62939453125e-06,0.502423611111111,0.502424768518518,1.157407407407407e-06
847037689490,84703768949,0,0,1713489854,1.0,"""[0",0.0,0.0,0.0,0.0,0.0,0.0,0.0,0.0,0.0,"0]""",0.0,0.0,0.0,0.0,0.00029373168945300005,7.43865966796875e-05,8.106231689453125e-05,8.106231689453125e-05,0.5015902777777771,0.5015906635802471,3.858024691358024e-07
847037689490,84703768949,0,0,1715004957,1.0,"""[0",0.0,0.0,0.0,0.0,0.0,0.0,0.0,0.0,0.0," 0]""",0.000284194946289,7.152557373046875e-05,0.0,0.0,0.00020980834960900003,7.62939453125e-05,8.392333984375001e-05,8.392333984375001e-05,0.5017631172839501,0.5017646604938271,1.5432098765432092e-06
847037689490,84703768949,0,0,1713489854,1.0,"""[0",0.0,0.0,0.0,0.0,0.0,0.0,0.0,0.0,0.0," 0]""",0.0,0.0,0.0,0.0,0.00029373168945300005,0.0,9.5367431640625e-07,9.5367431640625e-07,0.501588734567901,0.5015902777777771,1.5432098765432092e-06
847037689490,84703768949,0,0,1580323926,1.0,"""[0",0.0,0.0,0.0,0.0,0.0,0.0,0.0,0.0,0.0," 0]""",0.0,0.0,0.0,0.0,0.00020980834960900003,0.0,9.5367431640625e-07,9.5367431640625e-07,0.50181674382716,0.501817129629629,3.858024691358024e-07
847037689490,84703768949,0,0,21305997,1.0,"""[1.1444091796875002e-05",1.1444091796875002e-05,1.1444091796875002e-05,1.1444091796875002e-05,1.1444091796875002e-05,1.1444091796875002e-05,1.1444091796875002e-05,1.1444091796875002e-05,1.1444091796875002e-05,1.1444091796875002e-05," 1.1444091796875002e-05]""",0.0,0.0,0.0,0.0,0.00020980834960900003,0.0,9.5367431640625e-07,9.5367431640625e-07,0.5067658179012341,0.5067662037037031,3.858024691358024e-07
