UniqJobId,collection_id,instance_index,priority,machine_id,sample_rate,cpu_usage_distribution1,cpu_usage_distribution2,cpu_usage_distribution3,cpu_usage_distribution4,cpu_usage_distribution5,cpu_usage_distribution6,cpu_usage_distribution7,cpu_usage_distribution8,cpu_usage_distribution9,cpu_usage_distribution10,cpu_usage_distribution11,max_cpu,avg_cpu,cycles_per_instruction,memory_accesses_per_instruction,assigned_memory,page_cache_memory,max_memory,avg_memory,start_time,end_time,time_window
847037689461,84703768946,1,0,1712866415,1.0,"""[0",0.0,0.0,0.0,0.0,0.0,0.0,0.0,0.0,0.0," 0]""",0.0,0.0,0.0,0.0,0.000281333923339,0.0,9.5367431640625e-07,9.5367431640625e-07,0.50471875,0.5047191358024691,3.858024691358024e-07
847037689461,84703768946,1,0,1713257708,1.0,"""[0",0.0,0.0,0.0,0.0,0.0,0.0,0.0,0.0,0.0," 0]""",0.000289916992187,0.000144958496093,0.0,0.0,0.000281333923339,8.678436279296876e-05,9.346008300781251e-05,9.346008300781251e-05,0.505320987654321,0.505321759259259,7.716049382716048e-07
847037689461,84703768946,1,0,1713257708,1.0,"""[0",0.0,2.6702880859375003e-05,0.00010585784912100001,0.00018501281738200003,0.000726699829101,0.00126838684082,0.0019512176513670001,0.001968383789062,0.002033233642578," 0.002033233642578]""",0.002037048339843,0.001026153564453,0.0,0.0,0.000281333923339,7.05718994140625e-05,0.000139236450195,8.0108642578125e-05,0.5053182870370371,0.505320987654321,2.7006172839506168e-06
847037689461,84703768946,1,0,1712866415,1.0,"""[0",0.0,0.0,1.9073486328125e-06,4.76837158203125e-06,7.62939453125e-06,1.0490417480468752e-05,1.4305114746093752e-05,1.52587890625e-05,1.52587890625e-05," 1.52587890625e-05]""",0.0,0.0,0.0,0.0,0.000281333923339,0.0,9.5367431640625e-07,9.5367431640625e-07,0.5047175925925921,0.50471875,1.157407407407407e-06
847037689461,84703768946,1,0,1578052391,1.0,"""[0",0.0,0.0,0.0,0.0,5.7220458984375e-06,1.1444091796875002e-05,1.1444091796875002e-05,1.1444091796875002e-05,1.1444091796875002e-05," 1.1444091796875002e-05]""",0.0,0.0,0.0,0.0,0.000281333923339,0.0,9.5367431640625e-07,9.5367431640625e-07,0.507759645061728,0.5077600308641971,3.858024691358024e-07
847037689461,84703768946,1,0,1578052391,1.0,"""[0",0.0,0.0,0.0,0.0,0.0,0.0,0.0,0.0,0.0,"0]""",0.0,0.0,0.0,0.0,0.000281333923339,7.62939453125e-05,8.296966552734376e-05,8.296966552734376e-05,0.500220679012345,0.500221064814814,3.858024691358024e-07
847037689461,84703768946,1,0,72034114980,1.0,"""[0",0.0,0.0,0.0,0.0,0.0,0.0,0.0,0.0,0.0," 0]""",0.0,0.0,0.0,0.0,0.000281333923339,0.0,9.5367431640625e-07,9.5367431640625e-07,0.501358410493827,0.501359567901234,1.157407407407407e-06
847037689461,84703768946,1,0,1712866415,1.0,"""[9.5367431640625e-07",9.5367431640625e-07,9.5367431640625e-07,9.5367431640625e-07,9.5367431640625e-07,9.5367431640625e-07,9.5367431640625e-07,9.5367431640625e-07,9.5367431640625e-07,9.5367431640625e-07," 9.5367431640625e-07]""",0.0,0.0,0.0,0.0,0.000281333923339,7.43865966796875e-05,8.0108642578125e-05,8.0108642578125e-05,0.50471875,0.5047191358024691,3.858024691358024e-07
847037689461,84703768946,1,0,1712866415,1.0,"""[2.1934509277343753e-05",2.1934509277343753e-05,3.528594970703125e-05,6.198883056640625e-05,0.0001802444458,0.00019836425781200002,0.00021553039550700003,0.0011272430419920001,0.001911163330078,0.003650665283203," 0.003650665283203]""",0.00363540649414,0.0007352828979490001,0.0,0.0,0.000281333923339,5.817413330078126e-05,0.000130653381347,0.00010490417480400001,0.504713734567901,0.504716820987654,3.0864197530864187e-06
847037689461,84703768946,1,0,2141513940,1.0,"""[0",0.0,0.0,0.0,0.0,0.0,0.0,0.0,0.0,0.0," 0]""",0.0,0.0,0.0,0.0,0.000281333923339,0.0,9.5367431640625e-07,9.5367431640625e-07,0.50399537037037,0.5039957561728391,3.858024691358024e-07
847037689461,84703768946,1,0,1715004957,1.0,"""[0",0.0,0.0,0.0,0.0,0.0,0.0,0.0,0.0,0.0," 0]""",0.0,0.0,0.0,0.0,0.000281333923339,7.534027099609375e-05,8.296966552734376e-05,8.296966552734376e-05,0.501839506172839,0.5018398919753081,3.858024691358024e-07
847037689461,84703768946,1,0,1713141410,1.0,"""[0",0.0,0.0,0.0,8.58306884765625e-06,2.1934509277343753e-05,3.528594970703125e-05,0.000153541564941,0.000153541564941,0.000153541564941," 0.000153541564941]""",0.000165939331054,7.2479248046875e-05,0.0,0.0,0.000281333923339,7.62939453125e-05,8.296966552734376e-05,8.296966552734376e-05,0.5090262345679011,0.509027391975308,1.157407407407407e-06
847037689461,84703768946,1,0,1578052391,1.0,"""[0",0.0,0.0,0.0,0.0,0.0,0.0,0.0,0.0,0.0,"0]""",0.0,0.0,0.0,0.0,0.000281333923339,0.0,9.5367431640625e-07,9.5367431640625e-07,0.5077600308641971,0.507760416666666,3.858024691358024e-07
847037689461,84703768946,1,0,1578052391,1.0,"""[0",0.0,0.0,0.0,0.0,0.0,0.0,0.0,0.0,0.0," 0]""",0.00021743774414,7.2479248046875e-05,0.0,0.0,0.000281333923339,8.106231689453125e-05,8.773803710937501e-05,8.773803710937501e-05,0.50775887345679,0.5077600308641971,1.157407407407407e-06
847037689461,84703768946,1,0,2141513940,1.0,"""[1.2397766113281252e-05",1.2397766113281252e-05,2.4795532226562503e-05,4.863739013671876e-05,7.915496826171875e-05,0.000154495239257,0.001504898071289,0.001537322998046,0.00174331665039,0.003223419189453," 0.003223419189453]""",0.0025138854980460003,0.0009679794311520001,0.0,0.0,0.000281333923339,5.054473876953126e-05,0.000139236450195,9.822845458984376e-05,0.503991898148148,0.503994212962963,2.314814814814814e-06
847037689461,84703768946,1,0,20143068970,1.0,"""[0",0.0,0.0,0.0,0.0,0.0,0.0,0.0,0.0,0.0," 0]""",0.0,0.0,0.0,0.0,0.000281333923339,0.0,9.5367431640625e-07,9.5367431640625e-07,0.508587962962962,0.5085891203703701,1.157407407407407e-06
847037689461,84703768946,1,0,20143068970,1.0,"""[0",0.0,0.0,0.0,0.0,0.0,0.0,0.0,0.0,0.0," 0]""",0.00026512145996000004,6.67572021484375e-05,0.0,0.0,0.000281333923339,8.0108642578125e-05,8.678436279296876e-05,8.678436279296876e-05,0.5085875771604931,0.5085891203703701,1.5432098765432092e-06
847037689461,84703768946,1,0,1579711803,1.0,"""[0",0.0,0.0,0.0,0.0,0.0,0.0,0.0,0.0,0.0," 0]""",0.0,0.0,0.0,0.0,0.000281333923339,0.0,9.5367431640625e-07,9.5367431640625e-07,0.5019490740740741,0.501949459876543,3.858024691358024e-07
847037689461,84703768946,1,0,1579462369,1.0,"""[0",0.0,0.0,0.0,0.0,0.0,0.0,0.0,0.0,0.0," 0]""",0.0,0.0,0.0,0.0,0.000281333923339,0.0,9.5367431640625e-07,9.5367431640625e-07,0.5042168209876541,0.504217592592592,7.716049382716048e-07
847037689461,84703768946,1,0,1715004957,1.0,"""[1.3351440429687502e-05",1.3351440429687502e-05,1.9073486328125e-05,3.814697265625e-05,6.198883056640625e-05,0.0008363723754880001,0.0016117095947260002,0.0022087097167960003,0.002235412597656,0.002506256103515," 0.002506256103515]""",0.002506256103515,0.00105857849121,0.0,0.0,0.000281333923339,5.722045898437501e-05,0.000127792358398,8.106231689453125e-05,0.501836805555555,0.50183912037037,2.314814814814814e-06
847037689461,84703768946,1,0,1715004957,1.0,"""[0",0.0,0.0,0.0,0.0,0.0,0.0,0.0,0.0,0.0,"0]""",0.0,0.0,0.0,0.0,0.000281333923339,0.0,9.5367431640625e-07,9.5367431640625e-07,0.501839506172839,0.5018398919753081,3.858024691358024e-07
847037689461,84703768946,1,0,72034114980,1.0,"""[0.00018310546875",0.00018310546875,0.0006856918334960001,0.001211166381835,0.001430511474609,0.001651763916015,0.0017395019531250002,0.001827239990234,0.0021171569824210003,0.002388000488281," 0.002388000488281]""",0.001810073852539,0.001314163208007,0.0,0.0,0.000281333923339,6.389617919921875e-05,0.00013732910156200002,6.008148193359376e-05,0.501356481481481,0.501358024691358,1.5432098765432092e-06
847037689461,84703768946,1,0,1578052391,1.0,"""[0",0.0,0.0,0.0,0.0,0.0,0.0,0.0,0.0,0.0,"0]""",0.0,0.0,0.0,0.0,0.000281333923339,0.0,9.5367431640625e-07,9.5367431640625e-07,0.500220679012345,0.500221064814814,3.858024691358024e-07
847037689461,84703768946,1,0,1579711803,1.0,"""[0",0.0,0.0,0.0,0.0,0.0,0.0,0.0,0.0,0.0," 0]""",0.0,0.0,0.0,0.0,0.000281333923339,0.0,0.0,0.0,0.501949459876543,0.501949845679012,3.858024691358024e-07
847037689461,84703768946,1,0,1578052391,1.0,"""[1.3351440429687502e-05",1.3351440429687502e-05,6.198883056640625e-05,9.250640869140626e-05,0.000123023986816,0.00019836425781200002,0.001991271972656,0.002021789550781,0.002140045166015,0.00271987915039," 0.00271987915039]""",0.0026092529296870004,0.0011520385742180002,0.0,0.0,0.000281333923339,5.054473876953126e-05,0.00013256072998000002,7.05718994140625e-05,0.507756558641975,0.50775887345679,2.314814814814814e-06
847037689461,84703768946,1,0,2141513940,1.0,"""[0",0.0,0.0,0.0,0.0,0.0,0.0,0.0,0.0,0.0," 0]""",0.00021839141845700002,7.2479248046875e-05,0.0,0.0,0.000281333923339,8.106231689453125e-05,8.869171142578126e-05,8.773803710937501e-05,0.503994212962963,0.50399537037037,1.157407407407407e-06
847037689461,84703768946,1,0,1578913395,1.0,"""[0",0.0,0.0,0.0,0.0,0.0,0.0,0.0,0.0,0.0," 0]""",0.000275611877441,0.00013732910156200002,0.0,0.0,0.000281333923339,7.724761962890625e-05,8.392333984375001e-05,8.392333984375001e-05,0.5052654320987651,0.505266203703703,7.716049382716048e-07
847037689461,84703768946,1,0,1579711803,1.0,"""[2.3841857910156253e-05",2.3841857910156253e-05,3.24249267578125e-05,9.250640869140626e-05,0.000123023986816,0.000154495239257,0.00022888183593700002,0.000259399414062,0.002449035644531,0.003944396972656," 0.003944396972656]""",0.003944396972656,0.001087188720703,0.0,0.0,0.000281333923339,2.0980834960937503e-05,8.20159912109375e-05,5.722045898437501e-05,0.5019459876543211,0.501948302469135,2.314814814814814e-06
847037689461,84703768946,1,0,1579462369,1.0,"""[2.6702880859375003e-05",2.6702880859375003e-05,5.245208740234376e-05,7.915496826171875e-05,0.00019359588623000002,0.0009899139404290001,0.001787185668945,0.00247573852539,0.00250244140625,0.00274658203125," 0.00274658203125]""",0.0024681091308590003,0.00130271911621,0.0,0.0,0.000281333923339,6.866455078125e-05,0.00013160705566400002,7.724761962890625e-05,0.5042141203703701,0.504216049382716,1.929012345679012e-06
847037689461,84703768946,1,0,21305997,1.0,"""[0",0.0,0.0,0.0,0.0,0.0,0.0,0.0,0.0,0.0," 0]""",0.000299453735351,9.727478027343751e-05,0.0,0.0,0.000281333923339,3.814697265625e-05,4.577636718750001e-05,4.482269287109376e-05,0.5067646604938271,0.5067658179012341,1.157407407407407e-06
847037689461,84703768946,1,0,2059474546,1.0,"""[0",0.0,0.0,4.76837158203125e-06,1.3351440429687502e-05,2.1934509277343753e-05,3.0517578125e-05,4.00543212890625e-05,0.00016403198242100002,0.00016403198242100002," 0.00016403198242100002]""",0.00018310546875,7.343292236328125e-05,0.0,0.0,0.000281333923339,9.5367431640625e-07,7.62939453125e-06,7.62939453125e-06,0.508972608024691,0.508974151234567,1.5432098765432092e-06
847037689461,84703768946,1,0,1578052391,1.0,"""[3.62396240234375e-05",3.62396240234375e-05,6.198883056640625e-05,0.000109672546386,0.0009241104125970001,0.0017395019531250002,0.0018939971923820002,0.00204849243164,0.002418518066406,0.002769470214843," 0.002769470214843]""",0.002765655517578,0.0013427734375,0.0,0.0,0.000281333923339,5.340576171875001e-05,0.000128746032714,8.583068847656251e-05,0.500217978395061,0.5002199074074071,1.929012345679012e-06
847037689461,84703768946,1,0,1713257708,1.0,"""[0",0.0,0.0,0.0,0.0,0.0,0.0,0.0,0.0,0.0,"0]""",0.0,0.0,0.0,0.0,0.000281333923339,0.0,9.5367431640625e-07,9.5367431640625e-07,0.505321759259259,0.505322145061728,3.858024691358024e-07
847037689461,84703768946,1,0,20143068970,1.0,"""[1.1444091796875002e-05",1.1444091796875002e-05,1.1444091796875002e-05,1.1444091796875002e-05,1.1444091796875002e-05,1.1444091796875002e-05,1.1444091796875002e-05,1.1444091796875002e-05,1.1444091796875002e-05,1.1444091796875002e-05," 1.1444091796875002e-05]""",0.0,0.0,0.0,0.0,0.000281333923339,0.0,9.5367431640625e-07,9.5367431640625e-07,0.5085844907407401,0.508584876543209,3.858024691358024e-07
847037689461,84703768946,1,0,1578913395,1.0,"""[0",0.0,0.0,0.0,0.0,0.0,0.0,0.0,0.0,0.0," 0]""",0.0,0.0,0.0,0.0,0.000281333923339,0.0,9.5367431640625e-07,9.5367431640625e-07,0.505266203703703,0.5052665895061721,3.858024691358024e-07
847037689461,84703768946,1,0,21305997,1.0,"""[0",0.0,0.0,0.0,0.0,0.0,0.0,0.0,0.0,0.0,"0]""",0.0,0.0,0.0,0.0,0.000281333923339,0.0,9.5367431640625e-07,9.5367431640625e-07,0.5067615740740741,0.506761959876543,3.858024691358024e-07
847037689461,84703768946,1,0,1713141410,1.0,"""[0",0.0,0.0,0.0,0.0,0.0,0.0,0.0,0.0,0.0," 0]""",0.0,0.0,0.0,0.0,0.000281333923339,0.0,9.5367431640625e-07,9.5367431640625e-07,0.50902662037037,0.509027391975308,7.716049382716048e-07
847037689461,84703768946,1,0,1578913395,1.0,"""[9.5367431640625e-07",9.5367431640625e-07,9.5367431640625e-07,9.5367431640625e-07,9.5367431640625e-07,9.5367431640625e-07,9.5367431640625e-07,9.5367431640625e-07,9.5367431640625e-07,9.5367431640625e-07," 9.5367431640625e-07]""",0.0,0.0,0.0,0.0,0.000281333923339,7.724761962890625e-05,8.392333984375001e-05,8.392333984375001e-05,0.505266203703703,0.5052665895061721,3.858024691358024e-07
847037689461,84703768946,1,0,1578989065,1.0,"""[0",0.0,0.0,0.0,0.0,0.0,0.0,0.0,0.0,0.0," 0]""",0.0,0.0,0.0,0.0,0.000281333923339,0.0,9.5367431640625e-07,9.5367431640625e-07,0.5074876543209871,0.507488425925925,7.716049382716048e-07
847037689461,84703768946,1,0,1713257708,1.0,"""[0",0.0,0.0,0.0,0.0,0.0,0.0,0.0,0.0,0.0,"0]""",0.0,0.0,0.0,0.0,0.000281333923339,8.678436279296876e-05,9.346008300781251e-05,9.346008300781251e-05,0.505321759259259,0.505322145061728,3.858024691358024e-07
847037689461,84703768946,1,0,2141513940,1.0,"""[9.5367431640625e-07",9.5367431640625e-07,9.5367431640625e-07,9.5367431640625e-07,9.5367431640625e-07,9.5367431640625e-07,9.5367431640625e-07,9.5367431640625e-07,9.5367431640625e-07,9.5367431640625e-07," 9.5367431640625e-07]""",0.0,0.0,0.0,0.0,0.000281333923339,8.106231689453125e-05,8.773803710937501e-05,8.773803710937501e-05,0.50399537037037,0.5039957561728391,3.858024691358024e-07
847037689461,84703768946,1,0,1713141410,1.0,"""[0",0.0,0.0,0.0,0.0,0.0,0.0,0.0,0.0,0.0," 0]""",0.0,0.0,0.0,0.0,0.000281333923339,0.0,0.0,0.0,0.509027391975308,0.5090277777777771,3.858024691358024e-07
847037689461,84703768946,1,0,1712866415,1.0,"""[0",0.0,0.0,0.0,0.0,0.0,0.0,0.0,0.0,0.0," 0]""",0.00020790100097600002,4.196166992187501e-05,0.0,0.0,0.000281333923339,7.43865966796875e-05,8.20159912109375e-05,8.106231689453125e-05,0.504716820987654,0.50471875,1.929012345679012e-06
847037689461,84703768946,1,0,72034114980,1.0,"""[0",0.0,0.0,0.0,0.0,0.0,0.0,0.0,0.0,0.0," 0]""",0.0,0.0,0.0,0.0,0.000281333923339,0.0,9.5367431640625e-07,9.5367431640625e-07,0.501359567901234,0.501359953703703,3.858024691358024e-07
847037689461,84703768946,1,0,1713141410,1.0,"""[2.6702880859375003e-05",2.6702880859375003e-05,5.245208740234376e-05,7.915496826171875e-05,0.00023746490478500002,0.00048446655273400003,0.000730514526367,0.00168228149414,0.001708984375,0.0028076171875," 0.0028076171875]""",0.006462097167968001,0.0011444091796870002,0.0,0.0,0.000281333923339,5.626678466796876e-05,0.00013160705566400002,0.00010204315185500001,0.5090231481481481,0.5090262345679011,3.0864197530864187e-06
847037689461,84703768946,1,0,1715004957,1.0,"""[0.00021171569824200001",0.00021171569824200001,0.00021171569824200001,0.00021171569824200001,0.00021171569824200001,0.00021171569824200001,0.00021171569824200001,0.00021171569824200001,0.00021171569824200001,0.00021171569824200001," 0.00021171569824200001]""",0.000297546386718,0.000297546386718,0.0,0.0,0.000281333923339,7.534027099609375e-05,8.296966552734376e-05,8.296966552734376e-05,0.50183912037037,0.501839506172839,3.858024691358024e-07
847037689461,84703768946,1,0,72034114980,1.0,"""[0",0.0,0.0,0.0,0.0,0.0,0.0,0.0,0.0,0.0," 0]""",0.0013713836669920001,0.00045680999755800004,0.0,0.0,0.000281333923339,7.724761962890625e-05,8.678436279296876e-05,8.678436279296876e-05,0.501358024691358,0.5013591820987651,1.157407407407407e-06
847037689461,84703768946,1,0,1713141410,1.0,"""[1.9073486328125e-06",1.9073486328125e-06,1.9073486328125e-06,1.9073486328125e-06,1.9073486328125e-06,1.9073486328125e-06,1.9073486328125e-06,1.9073486328125e-06,1.9073486328125e-06,1.9073486328125e-06," 1.9073486328125e-06]""",0.0,0.0,0.0,0.0,0.000281333923339,7.62939453125e-05,0.0,0.0,0.509027391975308,0.5090277777777771,3.858024691358024e-07
847037689461,84703768946,1,0,1578052391,1.0,"""[1.52587890625e-05",1.52587890625e-05,1.52587890625e-05,1.52587890625e-05,1.52587890625e-05,1.52587890625e-05,1.52587890625e-05,1.52587890625e-05,1.52587890625e-05,1.52587890625e-05," 1.52587890625e-05]""",0.0,0.0,0.0,0.0,0.000281333923339,0.0,9.5367431640625e-07,9.5367431640625e-07,0.500217592592592,0.500217978395061,3.858024691358024e-07
847037689461,84703768946,1,0,2059474546,1.0,"""[0",0.0,0.0,0.0,9.5367431640625e-07,2.86102294921875e-06,4.76837158203125e-06,5.7220458984375e-06,5.7220458984375e-06,5.7220458984375e-06," 5.7220458984375e-06]""",0.0,0.0,0.0,0.0,0.000281333923339,0.0,9.5367431640625e-07,9.5367431640625e-07,0.50897299382716,0.508974151234567,1.157407407407407e-06
847037689461,84703768946,1,0,21389249,1.0,"""[0",0.0,0.0,0.0,0.0,0.0,0.0,0.0,0.0,0.0,"0]""",0.0,0.0,0.0,0.0,0.000281333923339,0.0,9.5367431640625e-07,9.5367431640625e-07,0.503554783950617,0.503555169753086,3.858024691358024e-07
847037689461,84703768946,1,0,21389249,1.0,"""[0",0.0,0.0,0.0,0.0,0.0,0.0,0.0,0.0,0.0,"0]""",0.0,0.0,0.0,0.0,0.000281333923339,0.0,6.67572021484375e-06,6.67572021484375e-06,0.503554783950617,0.503555169753086,3.858024691358024e-07
847037689461,84703768946,1,0,1579462369,1.0,"""[0",0.0,0.0,0.0,0.0,0.0,0.0,0.0,0.0,0.0," 0]""",0.000266075134277,6.67572021484375e-05,0.0,0.0,0.000281333923339,7.43865966796875e-05,8.20159912109375e-05,8.20159912109375e-05,0.504216049382716,0.504217592592592,1.5432098765432092e-06
847037689461,84703768946,1,0,72034114980,1.0,"""[9.5367431640625e-07",9.5367431640625e-07,9.5367431640625e-07,9.5367431640625e-07,9.5367431640625e-07,9.5367431640625e-07,9.5367431640625e-07,9.5367431640625e-07,9.5367431640625e-07,9.5367431640625e-07," 9.5367431640625e-07]""",0.0,0.0,0.0,0.0,0.000281333923339,7.724761962890625e-05,8.678436279296876e-05,8.678436279296876e-05,0.5013591820987651,0.501359953703703,7.716049382716048e-07
