UniqJobId,collection_id,instance_index,priority,machine_id,sample_rate,cpu_usage_distribution1,cpu_usage_distribution2,cpu_usage_distribution3,cpu_usage_distribution4,cpu_usage_distribution5,cpu_usage_distribution6,cpu_usage_distribution7,cpu_usage_distribution8,cpu_usage_distribution9,cpu_usage_distribution10,cpu_usage_distribution11,max_cpu,avg_cpu,cycles_per_instruction,memory_accesses_per_instruction,assigned_memory,page_cache_memory,max_memory,avg_memory,start_time,end_time,time_window
847037689460,84703768946,0,0,1713301981,1.0,"""[0",0.0,0.0,0.0,0.0,0.0,0.0,0.0,0.0,0.0," 0]""",0.0,0.0,0.0,0.0,0.000281333923339,0.0,9.5367431640625e-07,9.5367431640625e-07,0.503870756172839,0.503871141975308,3.858024691358024e-07
847037689460,84703768946,0,0,12748959968,1.0,"""[0",0.0,0.0,0.0,0.0,0.0,0.0,0.0,0.0,0.0," 0]""",0.001367568969726,0.000341415405273,0.0,0.0,0.000281333923339,8.20159912109375e-05,9.059906005859376e-05,9.059906005859376e-05,0.506682484567901,0.506684027777777,1.5432098765432092e-06
847037689460,84703768946,0,0,2059474546,1.0,"""[0",0.0,0.0,0.0,8.58306884765625e-06,2.1934509277343753e-05,3.528594970703125e-05,0.00017738342285100002,0.00017738342285100002,0.00017738342285100002," 0.00017738342285100002]""",0.00146484375,0.0005464553833000001,0.0,0.0,0.000281333923339,7.724761962890625e-05,8.392333984375001e-05,8.392333984375001e-05,0.5023711419753081,0.502372299382716,1.157407407407407e-06
847037689460,84703768946,0,0,39175913234,1.0,"""[2.2888183593750003e-05",2.2888183593750003e-05,3.147125244140625e-05,9.250640869140626e-05,0.000123023986816,0.00019836425781200002,0.001110076904296,0.001140594482421,0.0018310546875,0.00229263305664," 0.00229263305664]""",0.002296447753906,0.0008010864257810001,0.0,0.0,0.000281333923339,6.961822509765625e-05,0.00013351440429600002,0.000111579895019,0.5064587191358021,0.506461419753086,2.7006172839506168e-06
847037689460,84703768946,0,0,1713301981,1.0,"""[0",0.0,0.0,0.0,1.9073486328125e-06,3.814697265625e-06,6.67572021484375e-06,8.58306884765625e-06,8.58306884765625e-06,8.58306884765625e-06," 8.58306884765625e-06]""",0.0,0.0,0.0,0.0,0.000281333923339,0.0,9.5367431640625e-07,9.5367431640625e-07,0.503869598765432,0.503870756172839,1.157407407407407e-06
847037689460,84703768946,0,0,1713141410,1.0,"""[0",0.0,0.0,0.0,0.0,0.0,0.0,0.0,0.0,0.0," 0]""",0.00019454956054600002,6.4849853515625e-05,0.0,0.0,0.000281333923339,7.62939453125e-05,8.296966552734376e-05,8.296966552734376e-05,0.5036512345679011,0.5036523919753081,1.157407407407407e-06
847037689460,84703768946,0,0,21218149,1.0,"""[0",0.0,0.0,0.0,0.0,0.0,0.0,0.0,0.0,0.0," 0]""",0.0015869140625,0.00026416778564400005,0.0,0.0,0.000281333923339,8.296966552734376e-05,9.059906005859376e-05,9.059906005859376e-05,0.504253858024691,0.5042561728395061,2.314814814814814e-06
847037689460,84703768946,0,0,2059474546,1.0,"""[0",0.0,0.0,0.0,0.0,0.0,0.0,0.0,0.0,0.0," 0]""",0.0,0.0,0.0,0.0,0.000281333923339,0.0,9.5367431640625e-07,9.5367431640625e-07,0.505522762345679,0.505523533950617,7.716049382716048e-07
847037689460,84703768946,0,0,22806947,1.0,"""[0",0.0,0.0,0.0,0.0,0.0,0.0,0.0,0.0,0.0," 0]""",0.0,0.0,0.0,0.0,0.000281333923339,0.0,9.5367431640625e-07,9.5367431640625e-07,0.505298225308642,0.505299382716049,1.157407407407407e-06
847037689460,84703768946,0,0,21393415,1.0,"""[0",0.0,0.0,0.0,0.0,7.62939453125e-05,0.000152587890625,0.000152587890625,0.000152587890625,0.000152587890625," 0.000152587890625]""",0.000226020812988,0.00010585784912100001,0.0,0.0,0.000281333923339,7.62939453125e-05,8.20159912109375e-05,8.20159912109375e-05,0.5059610339506171,0.505961805555555,7.716049382716048e-07
847037689460,84703768946,0,0,198556190123,1.0,"""[0",0.0,0.0,0.0,0.0,0.0,0.0,0.0,0.0,0.0," 0]""",0.0,0.0,0.0,0.0,0.000281333923339,0.0,9.5367431640625e-07,9.5367431640625e-07,0.507405478395061,0.507406635802469,1.157407407407407e-06
847037689460,84703768946,0,0,21218149,1.0,"""[0",0.0,0.0,0.0,0.0,0.0,0.0,0.0,0.0,0.0,"0]""",0.0,0.0,0.0,0.0,0.000281333923339,0.0,9.5367431640625e-07,9.5367431640625e-07,0.5042561728395061,0.504256558641975,3.858024691358024e-07
847037689460,84703768946,0,0,21365709,1.0,"""[1.1444091796875002e-05",1.1444091796875002e-05,3.147125244140625e-05,9.727478027343751e-05,0.000114440917968,0.000440597534179,0.0007839202880850001,0.001567840576171,0.0016021728515620002,0.00247573852539," 0.00247573852539]""",0.0024986267089840003,0.0009346008300780001,0.0,0.0,0.000281333923339,5.149841308593751e-05,0.00014209747314400002,7.62939453125e-05,0.500529706790123,0.500532407407407,2.7006172839506168e-06
847037689460,84703768946,0,0,198556190123,1.0,"""[0",0.0,0.0,0.0,0.0,0.0,0.0,0.0,0.0,0.0,"0]""",0.0,0.0,0.0,0.0,0.0,0.0,0.0,0.0,0.507406635802469,0.5074074074074071,7.716049382716048e-07
847037689460,84703768946,0,0,1713489854,1.0,"""[2.6702880859375003e-05",2.6702880859375003e-05,9.727478027343751e-05,0.000123023986816,0.00023746490478500002,0.000792503356933,0.001346588134765,0.003177642822265,0.0032043457031250004,0.0035705566406250004," 0.0035705566406250004]""",0.0035705566406250004,0.001367568969726,0.0,0.0,0.000281333923339,5.340576171875001e-05,0.00013160705566400002,0.00010013580322200001,0.501505401234567,0.501507716049382,2.314814814814814e-06
847037689460,84703768946,0,0,12748959968,1.0,"""[4.00543212890625e-05",4.00543212890625e-05,0.0007028579711910001,0.0013866424560540001,0.0014095306396480001,0.001430511474609,0.0015182495117180002,0.00160789489746,0.0018310546875,0.002033233642578," 0.002033233642578]""",0.002033233642578,0.001028060913085,0.0,0.0,0.000281333923339,6.008148193359376e-05,0.00013637542724600002,5.435943603515626e-05,0.506680555555555,0.506682484567901,1.929012345679012e-06
847037689460,84703768946,0,0,2059474546,1.0,"""[1.1444091796875002e-05",1.1444091796875002e-05,3.147125244140625e-05,0.00010585784912100001,0.00018501281738200003,0.000506401062011,0.0008277893066400001,0.001346588134765,0.001382827758789,0.003982543945312," 0.003982543945312]""",0.003982543945312,0.000925064086914,0.0,0.0,0.000281333923339,6.198883056640625e-05,0.000129699707031,9.727478027343751e-05,0.502368441358024,0.5023711419753081,2.7006172839506168e-06
847037689460,84703768946,0,0,198556190123,1.0,"""[0",0.0,0.0,0.0,0.0,0.0,0.0,0.0,0.0,0.0," 0]""",0.0,0.0,0.0,0.0,0.000281333923339,0.0,9.5367431640625e-07,9.5367431640625e-07,0.50015586419753,0.500156635802469,7.716049382716048e-07
847037689460,84703768946,0,0,21393415,1.0,"""[0",0.0,0.0,0.0,0.0,0.0,0.0,0.0,0.0,0.0," 0]""",0.0,0.0,0.0,0.0,0.000281333923339,0.0,9.5367431640625e-07,9.5367431640625e-07,0.505961805555555,0.505962191358024,3.858024691358024e-07
847037689460,84703768946,0,0,1578989065,1.0,"""[1.9073486328125e-06",1.9073486328125e-06,1.9073486328125e-06,1.9073486328125e-06,1.9073486328125e-06,1.9073486328125e-06,1.9073486328125e-06,1.9073486328125e-06,1.9073486328125e-06,1.9073486328125e-06," 1.9073486328125e-06]""",0.0,0.0,0.0,0.0,0.000281333923339,7.43865966796875e-05,7.82012939453125e-05,7.82012939453125e-05,0.5036010802469131,0.503601466049382,3.858024691358024e-07
847037689460,84703768946,0,0,1713489854,1.0,"""[0",0.0,0.0,0.0,0.0,0.0,0.0,0.0,0.0,0.0," 0]""",0.000247001647949,8.20159912109375e-05,0.0,0.0,0.000281333923339,7.43865966796875e-05,8.20159912109375e-05,8.20159912109375e-05,0.501507716049382,0.5015088734567901,1.157407407407407e-06
847037689460,84703768946,0,0,198556190123,1.0,"""[8.58306884765625e-06",8.58306884765625e-06,8.58306884765625e-06,8.58306884765625e-06,8.58306884765625e-06,8.58306884765625e-06,8.58306884765625e-06,8.58306884765625e-06,8.58306884765625e-06,8.58306884765625e-06," 8.58306884765625e-06]""",0.0,0.0,0.0,0.0,0.000281333923339,0.0,9.5367431640625e-07,9.5367431640625e-07,0.504030092592592,0.504030478395061,3.858024691358024e-07
847037689460,84703768946,0,0,2059474546,1.0,"""[9.5367431640625e-07",9.5367431640625e-07,9.5367431640625e-07,9.5367431640625e-07,9.5367431640625e-07,9.5367431640625e-07,9.5367431640625e-07,9.5367431640625e-07,9.5367431640625e-07,9.5367431640625e-07," 9.5367431640625e-07]""",0.0,0.0,0.0,0.0,0.000281333923339,7.724761962890625e-05,8.296966552734376e-05,8.296966552734376e-05,0.502372299382716,0.5023726851851851,3.858024691358024e-07
847037689460,84703768946,0,0,22806947,1.0,"""[1.2397766113281252e-05",1.2397766113281252e-05,1.2397766113281252e-05,1.2397766113281252e-05,1.2397766113281252e-05,1.2397766113281252e-05,1.2397766113281252e-05,1.2397766113281252e-05,1.2397766113281252e-05,1.2397766113281252e-05," 1.2397766113281252e-05]""",0.0,0.0,0.0,0.0,0.000281333923339,0.0,9.5367431640625e-07,9.5367431640625e-07,0.5052939814814811,0.50529436728395,3.858024691358024e-07
847037689460,84703768946,0,0,1580323926,1.0,"""[0",0.0,0.0,0.0,0.0,0.0,0.0,0.0,0.0,0.0,"0]""",0.0,0.0,0.0,0.0,0.000281333923339,7.534027099609375e-05,8.0108642578125e-05,8.0108642578125e-05,0.503542824074074,0.503543209876543,3.858024691358024e-07
847037689460,84703768946,0,0,1580323926,1.0,"""[0",0.0,0.0,0.0,0.0,0.0,0.0,0.0,0.0,0.0," 0]""",0.000260353088378,4.291534423828126e-05,0.0,0.0,0.000281333923339,7.534027099609375e-05,8.20159912109375e-05,8.106231689453125e-05,0.5035405092592591,0.503542824074074,2.314814814814814e-06
847037689460,84703768946,0,0,21393415,1.0,"""[9.5367431640625e-07",9.5367431640625e-07,9.5367431640625e-07,9.5367431640625e-07,9.5367431640625e-07,9.5367431640625e-07,9.5367431640625e-07,9.5367431640625e-07,9.5367431640625e-07,9.5367431640625e-07," 9.5367431640625e-07]""",0.0,0.0,0.0,0.0,0.000281333923339,7.62939453125e-05,8.20159912109375e-05,8.20159912109375e-05,0.505961805555555,0.505962191358024,3.858024691358024e-07
847037689460,84703768946,0,0,383868866699,1.0,"""[0",0.0,0.0,0.0,8.58306884765625e-06,2.1934509277343753e-05,3.528594970703125e-05,0.0001802444458,0.0001802444458,0.0001802444458," 0.0001802444458]""",0.00018882751464800002,9.155273437500001e-05,0.0,0.0,0.000281333923339,7.915496826171875e-05,8.678436279296876e-05,8.678436279296876e-05,0.504197916666666,0.504199074074074,1.157407407407407e-06
847037689460,84703768946,0,0,198556190123,1.0,"""[1.9073486328125e-05",1.9073486328125e-05,0.00012016296386700001,0.00024223327636700001,0.000440597534179,0.0006380081176750001,0.001033782958984,0.001430511474609,0.00244140625,0.0034332275390620004," 0.0034332275390620004]""",0.0025749206542960003,0.000523567199707,0.0,0.0,0.000281333923339,4.959106445312501e-05,0.000125885009765,8.20159912109375e-05,0.500153935185185,0.500155478395061,1.5432098765432092e-06
847037689460,84703768946,0,0,1578989065,1.0,"""[0",0.0,0.0,0.0,0.0,0.0,0.0,0.0,0.0,0.0," 0]""",0.0,0.0,0.0,0.0,0.000281333923339,0.0,9.5367431640625e-07,9.5367431640625e-07,0.503598765432098,0.5036010802469131,2.314814814814814e-06
847037689460,84703768946,0,0,39175913234,1.0,"""[0",0.0,0.0,4.76837158203125e-06,1.3351440429687502e-05,2.1934509277343753e-05,3.0517578125e-05,4.00543212890625e-05,0.00017642974853500002,0.00017642974853500002," 0.00017642974853500002]""",0.00019931793212800002,6.67572021484375e-05,0.0,0.0,0.000281333923339,7.534027099609375e-05,8.20159912109375e-05,8.20159912109375e-05,0.506461419753086,0.506462577160493,1.157407407407407e-06
847037689460,84703768946,0,0,1713257708,1.0,"""[7.62939453125e-06",7.62939453125e-06,7.62939453125e-06,7.62939453125e-06,7.62939453125e-06,7.62939453125e-06,7.62939453125e-06,7.62939453125e-06,7.62939453125e-06,7.62939453125e-06," 7.62939453125e-06]""",0.0,0.0,0.0,0.0,0.000281333923339,0.0,9.5367431640625e-07,9.5367431640625e-07,0.501934799382716,0.501935185185185,3.858024691358024e-07
847037689460,84703768946,0,0,1713301981,1.0,"""[3.147125244140625e-05",3.147125244140625e-05,3.147125244140625e-05,3.147125244140625e-05,5.245208740234376e-05,6.580352783203125e-05,7.915496826171875e-05,0.005218505859375,0.005218505859375,0.005218505859375," 0.005218505859375]""",0.005180358886718001,0.0017395019531250002,0.0,0.0,0.000281333923339,0.0,5.149841308593751e-05,3.4332275390625e-05,0.503868055555555,0.503869212962962,1.157407407407407e-06
847037689460,84703768946,0,0,12748959968,1.0,"""[0",0.0,0.0,0.0,0.0,0.0,0.0,0.0,0.0,0.0," 0]""",0.0,0.0,0.0,0.0,0.000281333923339,0.0,9.5367431640625e-07,9.5367431640625e-07,0.506684027777777,0.5066844135802471,3.858024691358024e-07
847037689460,84703768946,0,0,1713489854,1.0,"""[9.5367431640625e-06",9.5367431640625e-06,9.5367431640625e-06,9.5367431640625e-06,9.5367431640625e-06,9.5367431640625e-06,9.5367431640625e-06,9.5367431640625e-06,9.5367431640625e-06,9.5367431640625e-06," 9.5367431640625e-06]""",0.0,0.0,0.0,0.0,0.000281333923339,0.0,9.5367431640625e-07,9.5367431640625e-07,0.501505015432098,0.501505401234567,3.858024691358024e-07
847037689460,84703768946,0,0,12748959968,1.0,"""[0",0.0,0.0,0.0,1.9073486328125e-06,3.814697265625e-06,6.67572021484375e-06,8.58306884765625e-06,8.58306884765625e-06,8.58306884765625e-06," 8.58306884765625e-06]""",0.0,0.0,0.0,0.0,0.000281333923339,0.0,9.5367431640625e-07,9.5367431640625e-07,0.506683256172839,0.506684027777777,7.716049382716048e-07
847037689460,84703768946,0,0,383868866699,1.0,"""[0",0.0,0.0,0.0,0.0,3.814697265625e-06,7.62939453125e-06,7.62939453125e-06,7.62939453125e-06,7.62939453125e-06," 7.62939453125e-06]""",0.0,0.0,0.0,0.0,0.000281333923339,0.0,9.5367431640625e-07,9.5367431640625e-07,0.5041986882716051,0.504199074074074,3.858024691358024e-07
847037689460,84703768946,0,0,198556190123,1.0,"""[3.528594970703125e-05",3.528594970703125e-05,4.00543212890625e-05,6.580352783203125e-05,0.000109672546386,0.000154495239257,0.0008363723754880001,0.0015182495117180002,0.00223159790039,0.002922058105468," 0.002922058105468]""",0.003944396972656,0.000913619995117,0.0,0.0,0.000281333923339,4.959106445312501e-05,0.000130653381347,8.773803710937501e-05,0.5074031635802471,0.507405092592592,1.929012345679012e-06
847037689460,84703768946,0,0,198556190123,1.0,"""[0",0.0,0.0,0.0,0.0,0.0,0.0,0.0,0.0,0.0," 0]""",0.000226974487304,7.43865966796875e-05,0.0,0.0,0.000281333923339,7.43865966796875e-05,8.106231689453125e-05,8.106231689453125e-05,0.500155478395061,0.500156635802469,1.157407407407407e-06
847037689460,84703768946,0,0,198556190123,1.0,"""[0",0.0,0.0,0.0,0.0,0.0,0.0,0.0,0.0,0.0," 0]""",0.00017642974853500002,8.773803710937501e-05,0.0,0.0,0.000281333923339,7.62939453125e-05,8.296966552734376e-05,8.296966552734376e-05,0.5040335648148141,0.504034336419753,7.716049382716048e-07
847037689460,84703768946,0,0,1713141410,1.0,"""[0",0.0,4.863739013671876e-05,6.198883056640625e-05,7.43865966796875e-05,0.00013160705566400002,0.00020217895507800002,0.001991271972656,0.002017974853515,0.004684448242187," 0.004684448242187]""",0.004631042480468001,0.0011272430419920001,0.0,0.0,0.000281333923339,5.722045898437501e-05,0.000126838684082,8.20159912109375e-05,0.503648919753086,0.5036512345679011,2.314814814814814e-06
847037689460,84703768946,0,0,1578989065,1.0,"""[1.9073486328125e-05",1.9073486328125e-05,6.198883056640625e-05,9.250640869140626e-05,0.000123023986816,0.00019836425781200002,0.0015945434570310002,0.0016250610351560002,0.002403259277343,0.004188537597656," 0.004188537597656]""",0.0037841796875,0.001161575317382,0.0,0.0,0.000281333923339,6.103515625e-05,0.000139236450195,0.00010395050048800001,0.5035952932098761,0.5035979938271601,2.7006172839506168e-06
847037689460,84703768946,0,0,2059474546,1.0,"""[0",0.0,1.71661376953125e-05,9.250640869140626e-05,0.000123023986816,0.00019836425781200002,0.0008010864257810001,0.0008325576782220001,0.0016555786132810002,0.004547119140625," 0.004547119140625]""",0.004425048828125,0.001003265380859,0.0,0.0,0.000281333923339,6.198883056640625e-05,0.000128746032714,9.632110595703126e-05,0.5055196759259261,0.5055223765432091,2.7006172839506168e-06
847037689460,84703768946,0,0,1580323926,1.0,"""[0",0.0,0.0,0.0,0.0,0.0,0.0,0.0,0.0,0.0," 0]""",0.0,0.0,0.0,0.0,0.000281333923339,0.0,1.9073486328125e-06,1.9073486328125e-06,0.503541280864197,0.503543209876543,1.929012345679012e-06
847037689460,84703768946,0,0,1580323926,1.0,"""[0",0.0,1.71661376953125e-05,0.00022411346435500002,0.000255584716796,0.000506401062011,0.0010662078857420001,0.0010967254638670001,0.001787185668945,0.004379272460937," 0.004379272460937]""",0.004371643066406,0.0012950897216790001,0.0,0.0,0.000281333923339,5.531311035156251e-05,0.000127792358398,7.915496826171875e-05,0.503538194444444,0.5035405092592591,2.314814814814814e-06
847037689460,84703768946,0,0,1713257708,1.0,"""[0",0.0,0.0,0.0,0.0,0.0,0.0,0.0,0.0,0.0," 0]""",0.0,0.0,0.0,0.0,0.000281333923339,0.0,9.5367431640625e-07,9.5367431640625e-07,0.501937885802469,0.5019386574074071,7.716049382716048e-07
847037689460,84703768946,0,0,1578989065,1.0,"""[0",0.0,0.0,0.0,0.0,0.0,0.0,0.0,0.0,0.0," 0]""",0.0,0.0,0.0,0.0,0.000281333923339,0.0,0.0,0.0,0.5036010802469131,0.503601466049382,3.858024691358024e-07
847037689460,84703768946,0,0,1713257708,1.0,"""[2.8610229492187503e-05",2.8610229492187503e-05,9.727478027343751e-05,0.000123023986816,0.00019359588623000002,0.0008583068847650001,0.0015239715576170001,0.0018138885498040001,0.001840591430664,0.004051208496093001," 0.004051208496093001]""",0.004051208496093001,0.0012340545654290001,0.0,0.0,0.000281333923339,6.008148193359376e-05,0.000127792358398,9.250640869140626e-05,0.501935185185185,0.5019374999999999,2.314814814814814e-06
847037689460,84703768946,0,0,383868866699,1.0,"""[0.0011825561523430002",0.0011825561523430002,0.0011825561523430002,0.0011825561523430002,0.0011825561523430002,0.0011825561523430002,0.0011825561523430002,0.0011825561523430002,0.0011825561523430002,0.0011825561523430002," 0.0011825561523430002]""",0.0,0.0,0.0,0.0,0.000281333923339,0.0,9.5367431640625e-07,9.5367431640625e-07,0.5041956018518511,0.50419598765432,3.858024691358024e-07
847037689460,84703768946,0,0,1580323926,1.0,"""[7.62939453125e-06",7.62939453125e-06,7.62939453125e-06,7.62939453125e-06,7.62939453125e-06,7.62939453125e-06,7.62939453125e-06,7.62939453125e-06,7.62939453125e-06,7.62939453125e-06," 7.62939453125e-06]""",0.0,0.0,0.0,0.0,0.000281333923339,0.0,9.5367431640625e-07,9.5367431640625e-07,0.5035378086419751,0.503538194444444,3.858024691358024e-07
847037689460,84703768946,0,0,1713257708,1.0,"""[0",0.0,0.0,0.0,0.0,0.0,0.0,0.0,0.0,0.0,"0]""",0.0,0.0,0.0,0.0,0.000281333923339,7.534027099609375e-05,8.20159912109375e-05,8.20159912109375e-05,0.5019382716049381,0.5019386574074071,3.858024691358024e-07
847037689460,84703768946,0,0,39175913234,1.0,"""[0",0.0,0.0,0.0,0.0,0.0,0.0,0.0,0.0,0.0," 0]""",0.0,0.0,0.0,0.0,0.000281333923339,0.0,9.5367431640625e-07,9.5367431640625e-07,0.5064621913580241,0.506462577160493,3.858024691358024e-07
847037689460,84703768946,0,0,1578989065,1.0,"""[5.7220458984375e-06",5.7220458984375e-06,5.7220458984375e-06,5.7220458984375e-06,5.7220458984375e-06,5.7220458984375e-06,5.7220458984375e-06,5.7220458984375e-06,5.7220458984375e-06,5.7220458984375e-06," 5.7220458984375e-06]""",0.0,0.0,0.0,0.0,0.000281333923339,0.0,9.5367431640625e-07,9.5367431640625e-07,0.5035949074074071,0.5035952932098761,3.858024691358024e-07
847037689460,84703768946,0,0,1578989065,1.0,"""[0",0.0,4.76837158203125e-06,1.0490417480468752e-05,1.621246337890625e-05,2.1934509277343753e-05,2.7656555175781253e-05,3.337860107421875e-05,4.00543212890625e-05,0.000110626220703," 0.000110626220703]""",0.00011825561523400002,2.0980834960937503e-05,0.0,0.0,0.000281333923339,7.43865966796875e-05,8.106231689453125e-05,8.0108642578125e-05,0.5035979938271601,0.5036010802469131,3.0864197530864187e-06
847037689460,84703768946,0,0,39175913234,1.0,"""[0",0.0,0.0,0.0,0.0,0.0,0.0,0.0,0.0,0.0,"0]""",0.0,0.0,0.0,0.0,0.000281333923339,0.0,9.5367431640625e-07,9.5367431640625e-07,0.506462577160493,0.506462962962963,3.858024691358024e-07
847037689460,84703768946,0,0,198556190123,1.0,"""[0",0.0,0.0,0.0,0.0,0.0,0.0,0.0,0.0,0.0," 0]""",0.0,0.0,0.0,0.0,0.000281333923339,7.62939453125e-05,8.20159912109375e-05,8.20159912109375e-05,0.504034336419753,0.504034722222222,3.858024691358024e-07
847037689460,84703768946,0,0,198556190123,1.0,"""[0",0.0,0.0,0.0,0.0,0.0,0.0,0.0,0.0,0.0," 0]""",0.0,0.0,0.0,0.0,0.000281333923339,0.0,9.5367431640625e-07,9.5367431640625e-07,0.5040339506172841,0.504034336419753,3.858024691358024e-07
847037689460,84703768946,0,0,21218149,1.0,"""[7.62939453125e-06",7.62939453125e-06,2.9563903808593753e-05,0.000149726867675,0.0009765625,0.001033782958984,0.0010910034179680002,0.0014343261718750002,0.001779556274414,0.0018482208251950002," 0.0018482208251950002]""",0.001857757568359,0.0008268356323240001,0.0,0.0,0.000281333923339,4.100799560546875e-05,0.00014591217041000002,9.727478027343751e-05,0.504251157407407,0.504253858024691,2.7006172839506168e-06
847037689460,84703768946,0,0,21365709,1.0,"""[0",0.0,0.0,0.0,0.0,0.0,0.0,0.0,0.0,0.0," 0]""",0.000123023986816,2.7656555175781253e-05,0.0,0.0,0.000281333923339,8.106231689453125e-05,8.773803710937501e-05,8.773803710937501e-05,0.500532407407407,0.500533950617283,1.5432098765432092e-06
847037689460,84703768946,0,0,198556190123,1.0,"""[0",0.0,0.0,0.0,0.0,0.0,0.0,0.0,0.0,0.0,"0]""",0.0,0.0,0.0,0.0,0.0,0.0,0.0,0.0,0.507406635802469,0.5074074074074071,7.716049382716048e-07
