UniqJobId,collection_id,instance_index,priority,machine_id,sample_rate,cpu_usage_distribution1,cpu_usage_distribution2,cpu_usage_distribution3,cpu_usage_distribution4,cpu_usage_distribution5,cpu_usage_distribution6,cpu_usage_distribution7,cpu_usage_distribution8,cpu_usage_distribution9,cpu_usage_distribution10,cpu_usage_distribution11,max_cpu,avg_cpu,cycles_per_instruction,memory_accesses_per_instruction,assigned_memory,page_cache_memory,max_memory,avg_memory,start_time,end_time,time_window
847005358971,84700535897,1,0,21218149,1.0,"""[0",0.0,0.0,0.0,0.0,0.0,0.0,0.0,0.0,0.0," 0]""",0.00032234191894500003,3.337860107421875e-05,0.0,0.0,0.00019264221191400002,9.5367431640625e-07,7.62939453125e-06,7.62939453125e-06,0.5087449845679011,0.5087476851851851,2.7006172839506168e-06
847005358971,84700535897,1,0,1715004957,1.0,"""[0",0.0,0.0,0.0,0.0,0.0,0.0,0.0,0.0,0.0," 0]""",0.0,0.0,0.0,0.0,0.000258445739746,0.0,9.5367431640625e-07,9.5367431640625e-07,0.50172299382716,0.5017237654320981,7.716049382716048e-07
847005358971,84700535897,1,0,1715004957,1.0,"""[2.2888183593750003e-05",2.2888183593750003e-05,5.531311035156251e-05,0.000109672546386,0.000440597534179,0.0007705688476560001,0.001079559326171,0.0013866424560540001,0.0029869079589840003,0.004562377929687," 0.004562377929687]""",0.003803253173828,0.000995635986328,0.0,0.0,0.000258445739746,5.722045898437501e-05,0.000127792358398,8.20159912109375e-05,0.501720293209876,0.501722608024691,2.314814814814814e-06
847005358971,84700535897,1,0,1713257708,1.0,"""[0",0.0,0.0,9.5367431640625e-07,2.86102294921875e-06,3.814697265625e-06,5.7220458984375e-06,7.62939453125e-06,8.58306884765625e-06,8.58306884765625e-06," 8.58306884765625e-06]""",0.0,0.0,0.0,0.0,0.00019264221191400002,0.0,9.5367431640625e-07,9.5367431640625e-07,0.50891936728395,0.5089205246913581,1.157407407407407e-06
847005358971,84700535897,1,0,40486423651,1.0,"""[0",0.0,0.0,0.0,0.0,0.0,0.0,0.0,0.0,0.0," 0]""",0.00020217895507800002,0.00010108947753900001,0.0,0.0,0.000258445739746,7.43865966796875e-05,8.106231689453125e-05,8.106231689453125e-05,0.501004629629629,0.501005401234567,7.716049382716048e-07
847005358971,84700535897,1,0,21218149,1.0,"""[0",0.0,0.0,0.0,0.0,0.0,0.0,0.0,0.0,0.0,"0]""",0.0,0.0,0.0,0.0,0.00019264221191400002,9.5367431640625e-07,6.67572021484375e-06,6.67572021484375e-06,0.5087476851851851,0.5087480709876541,3.858024691358024e-07
847005358971,84700535897,1,0,40486423651,1.0,"""[2.8610229492187503e-05",2.8610229492187503e-05,3.814697265625e-05,0.00010585784912100001,0.00014114379882800002,0.00017642974853500002,0.00021171569824200001,0.0014343261718750002,0.002174377441406,0.002197265625," 0.002197265625]""",0.0021934509277340003,0.000767707824707,0.0,0.0,0.000258445739746,7.05718994140625e-05,0.00013160705566400002,9.536743164062501e-05,0.501001543209876,0.501004629629629,3.0864197530864187e-06
847005358971,84700535897,1,0,1712866415,1.0,"""[0",0.0,0.0,0.0,3.814697265625e-06,8.58306884765625e-06,1.4305114746093752e-05,1.71661376953125e-05,1.71661376953125e-05,1.71661376953125e-05," 1.71661376953125e-05]""",0.0,0.0,0.0,0.0,0.000258445739746,0.0,9.5367431640625e-07,9.5367431640625e-07,0.5012256944444441,0.501226466049382,7.716049382716048e-07
847005358971,84700535897,1,0,1580323926,1.0,"""[0",0.0,0.00022888183593700002,0.000255584716796,0.000678062438964,0.0009899139404290001,0.0012893676757810002,0.00130271911621,0.00131607055664,0.0031433105468750004," 0.0031433105468750004]""",0.0031433105468750004,0.001068115234375,0.0,0.0,0.000258445739746,7.05718994140625e-05,0.000127792358398,8.296966552734376e-05,0.5030505401234561,0.503052854938271,2.314814814814814e-06
847005358971,84700535897,1,0,21218149,1.0,"""[0",0.0,0.0,0.0,0.0,0.0,0.0,0.0,0.0,0.0,"0]""",0.0,0.0,0.0,0.0,0.00019264221191400002,0.0,9.5367431640625e-07,9.5367431640625e-07,0.5087476851851851,0.5087480709876541,3.858024691358024e-07
847005358971,84700535897,1,0,21218149,1.0,"""[0",0.0,0.0,0.0,0.0,0.0,0.0,0.0,0.0,0.0," 0]""",0.0,0.0,0.0,0.0,0.00019264221191400002,0.0,9.5367431640625e-07,9.5367431640625e-07,0.50874537037037,0.5087476851851851,2.314814814814814e-06
847005358971,84700535897,1,0,1712866415,1.0,"""[6.389617919921875e-05",6.389617919921875e-05,9.822845458984376e-05,0.000154495239257,0.000506401062011,0.0008583068847650001,0.001232147216796,0.00160789489746,0.002723693847656,0.003822326660156," 0.003822326660156]""",0.0038566589355460003,0.0012664794921870002,0.0,0.0,0.000258445739746,6.961822509765625e-05,0.000126838684082,7.82012939453125e-05,0.501223379629629,0.501225308641975,1.929012345679012e-06
847005358971,84700535897,1,0,21218149,1.0,"""[1.811981201171875e-05",1.811981201171875e-05,1.811981201171875e-05,1.811981201171875e-05,0.00022888183593700002,0.00024223327636700001,0.000255584716796,0.0016403198242180002,0.0016403198242180002,0.0016403198242180002," 0.0016403198242180002]""",0.004234313964843001,0.0005521774291990001,0.0,0.0,0.00019264221191400002,9.5367431640625e-07,5.912780761718751e-05,3.910064697265625e-05,0.508743827160493,0.5087449845679011,1.157407407407407e-06
847005358971,84700535897,1,0,2059626229,1.0,"""[0",0.0,0.0,0.0,0.0,6.67572021484375e-06,1.3351440429687502e-05,1.3351440429687502e-05,1.3351440429687502e-05,1.3351440429687502e-05," 1.3351440429687502e-05]""",0.0,0.0,0.0,0.0,0.00019264221191400002,0.0,9.5367431640625e-07,9.5367431640625e-07,0.50674074074074,0.506741126543209,3.858024691358024e-07
847005358971,84700535897,1,0,20143068970,1.0,"""[0",0.0,0.0,0.0,0.0,0.0,0.0,0.0,0.0,0.0," 0]""",0.0,0.0,0.0,0.0,0.00019264221191400002,0.0,9.5367431640625e-07,9.5367431640625e-07,0.509028163580246,0.509028549382716,3.858024691358024e-07
847005358971,84700535897,1,0,40486423651,1.0,"""[9.5367431640625e-07",9.5367431640625e-07,9.5367431640625e-07,9.5367431640625e-07,9.5367431640625e-07,9.5367431640625e-07,9.5367431640625e-07,9.5367431640625e-07,9.5367431640625e-07,9.5367431640625e-07," 9.5367431640625e-07]""",0.0,0.0,0.0,0.0,0.000258445739746,7.43865966796875e-05,8.106231689453125e-05,8.106231689453125e-05,0.501005401234567,0.501005787037037,3.858024691358024e-07
847005358971,84700535897,1,0,20143068970,1.0,"""[0",0.0,0.0,0.0,0.0,0.0,0.0,0.0,0.0,0.0," 0]""",0.00021171569824200001,0.00010585784912100001,0.0,0.0,0.00019264221191400002,7.534027099609375e-05,8.20159912109375e-05,8.20159912109375e-05,0.5090277777777771,0.509028549382716,7.716049382716048e-07
847005358971,84700535897,1,0,1580323926,1.0,"""[0",0.0,0.0,0.0,0.0,0.0,0.0,0.0,0.0,0.0," 0]""",0.0,0.0,0.0,0.0,0.000258445739746,0.0,9.5367431640625e-07,9.5367431640625e-07,0.5030532407407401,0.503054012345679,7.716049382716048e-07
847005358971,84700535897,1,0,40486423651,1.0,"""[0",0.0,0.0,0.0,0.0,0.0,0.0,0.0,0.0,0.0," 0]""",0.0,0.0,0.0,0.0,0.000258445739746,0.0,9.5367431640625e-07,9.5367431640625e-07,0.501005401234567,0.501005787037037,3.858024691358024e-07
847005358971,84700535897,1,0,2059626229,1.0,"""[0",0.0,0.0,0.0,0.0,0.0,0.0,0.0,0.0,0.0,"0]""",0.0,0.0,0.0,0.0,0.00019264221191400002,0.0,9.5367431640625e-07,9.5367431640625e-07,0.50673649691358,0.506736882716049,3.858024691358024e-07
847005358971,84700535897,1,0,21218149,1.0,"""[0",0.0,0.0,0.0,2.86102294921875e-06,6.67572021484375e-06,1.1444091796875002e-05,1.4305114746093752e-05,1.4305114746093752e-05,1.4305114746093752e-05," 1.4305114746093752e-05]""",0.0,0.0,0.0,0.0,0.000258445739746,0.0,9.5367431640625e-07,9.5367431640625e-07,0.502765046296296,0.5027658179012341,7.716049382716048e-07
847005358971,84700535897,1,0,2059474546,1.0,"""[0",0.0,0.0,0.0,0.0,0.0,0.0,0.0,0.0,0.0," 0]""",0.0,0.0,0.0,0.0,0.000258445739746,0.0,9.5367431640625e-07,9.5367431640625e-07,0.503876929012345,0.503877700617284,7.716049382716048e-07
847005358971,84700535897,1,0,2059474546,1.0,"""[0",0.0,0.0,0.0,0.0,0.0,0.0,0.0,0.0,0.0,"0]""",0.0,0.0,0.0,0.0,0.000258445739746,2.2888183593750003e-05,2.9563903808593753e-05,2.9563903808593753e-05,0.503877700617284,0.5038780864197531,3.858024691358024e-07
847005358971,84700535897,1,0,1713257708,1.0,"""[0",0.0,0.0,0.0,0.0,0.0,0.0,0.0,0.0,0.0," 0]""",0.0,0.0,0.0,0.0,0.000258445739746,0.0,9.5367431640625e-07,9.5367431640625e-07,0.505703703703703,0.5057040895061721,3.858024691358024e-07
847005358971,84700535897,1,0,2059474546,1.0,"""[8.58306884765625e-06",8.58306884765625e-06,2.9563903808593753e-05,0.00010585784912100001,0.00022888183593700002,0.000880241394042,0.0015316009521480001,0.001787185668945,0.002044677734375,0.0023956298828120004," 0.0023956298828120004]""",0.002155303955078,0.0009489059448240001,0.0,0.0,0.000258445739746,4.291534423828126e-05,0.000149726867675,7.82012939453125e-05,0.5038734567901231,0.5038765432098761,3.0864197530864187e-06
847005358971,84700535897,1,0,40486423651,1.0,"""[0",0.0,0.0,0.0,0.0,0.0,0.0,0.0,0.0,0.0," 0]""",0.0,0.0,0.0,0.0,0.000258445739746,0.0,9.5367431640625e-07,9.5367431640625e-07,0.5010050154320981,0.501005401234567,3.858024691358024e-07
847005358971,84700535897,1,0,2059474546,1.0,"""[0",0.0,0.0,0.0,0.0,0.0,0.0,0.0,0.0,0.0," 0]""",0.00023746490478500002,7.915496826171875e-05,0.0,0.0,0.000258445739746,2.2888183593750003e-05,3.0517578125e-05,2.9563903808593753e-05,0.5038765432098761,0.503877700617284,1.157407407407407e-06
847005358971,84700535897,1,0,2059626229,1.0,"""[0",0.0,0.0,0.0,0.0,0.0,0.0,0.0,0.0,0.0,"0]""",0.0,0.0,0.0,0.0,0.00019264221191400002,7.43865966796875e-05,8.106231689453125e-05,8.106231689453125e-05,0.506741126543209,0.506741512345679,3.858024691358024e-07
847005358971,84700535897,1,0,2059626229,1.0,"""[0",0.0,0.0,0.0,0.0,0.0,0.0,0.0,0.0,0.0,"0]""",0.0,0.0,0.0,0.0,0.00019264221191400002,0.0,9.5367431640625e-07,9.5367431640625e-07,0.506741126543209,0.506741512345679,3.858024691358024e-07
847005358971,84700535897,1,0,1578052391,1.0,"""[0",0.0,0.0,0.0,0.0,0.0,0.0,0.0,0.0,0.0," 0]""",0.0,0.0,0.0,0.0,0.00019264221191400002,6.771087646484375e-05,7.62939453125e-05,7.62939453125e-05,0.5092592592592591,0.509260030864197,7.716049382716048e-07
847005358971,84700535897,1,0,1578052391,1.0,"""[0",0.0,0.0,0.0,0.0,0.0,0.0,0.0,0.0,0.0," 0]""",0.0,0.0,0.0,0.0,0.00019264221191400002,0.0,9.5367431640625e-07,9.5367431640625e-07,0.5092592592592591,0.509260030864197,7.716049382716048e-07
847005358971,84700535897,1,0,1578052391,1.0,"""[2.6702880859375003e-05",2.6702880859375003e-05,5.245208740234376e-05,7.915496826171875e-05,0.000678062438964,0.00125503540039,0.0018310546875,0.002079010009765,0.002105712890625,0.002708435058593," 0.002708435058593]""",0.0027008056640620004,0.001089096069335,0.0,0.0,0.00019264221191400002,5.722045898437501e-05,0.0001220703125,7.724761962890625e-05,0.509256558641975,0.50925887345679,2.314814814814814e-06
847005358971,84700535897,1,0,21218149,1.0,"""[2.5749206542968753e-05",2.5749206542968753e-05,0.00014114379882800002,0.00016689300537100002,0.0008983612060540001,0.0011444091796870002,0.00139045715332,0.001901626586914,0.0019283294677730001,0.002063751220703," 0.002063751220703]""",0.002063751220703,0.001049041748046,0.0,0.0,0.000258445739746,6.389617919921875e-05,0.000144004821777,9.059906005859376e-05,0.502762345679012,0.5027646604938271,2.314814814814814e-06
847005358971,84700535897,1,0,20143068970,1.0,"""[2.5749206542968753e-05",2.5749206542968753e-05,3.337860107421875e-05,4.863739013671876e-05,7.915496826171875e-05,0.00019836425781200002,0.00027275085449200004,0.00030422210693300004,0.0031089782714840003,0.004409790039062," 0.004409790039062]""",0.004364013671875,0.001129150390625,0.0,0.0,0.00019264221191400002,6.198883056640625e-05,0.00013160705566400002,9.441375732421876e-05,0.5090250771604931,0.5090277777777771,2.7006172839506168e-06
847005358971,84700535897,1,0,1713257708,1.0,"""[3.147125244140625e-05",3.147125244140625e-05,9.727478027343751e-05,0.000123023986816,0.0016021728515620002,0.0018482208251950002,0.002094268798828,0.002120971679687,0.0021476745605460003,0.0025749206542960003," 0.0025749206542960003]""",0.002571105957031,0.0013713836669920001,0.0,0.0,0.000258445739746,5.626678466796876e-05,0.00013160705566400002,7.343292236328125e-05,0.50570061728395,0.5057025462962961,1.929012345679012e-06
847005358971,84700535897,1,0,1713257708,1.0,"""[9.5367431640625e-07",9.5367431640625e-07,9.5367431640625e-07,9.5367431640625e-07,9.5367431640625e-07,9.5367431640625e-07,9.5367431640625e-07,9.5367431640625e-07,9.5367431640625e-07,9.5367431640625e-07," 9.5367431640625e-07]""",0.0,0.0,0.0,0.0,0.000258445739746,7.915496826171875e-05,8.583068847656251e-05,8.583068847656251e-05,0.505703703703703,0.5057040895061721,3.858024691358024e-07
847005358971,84700535897,1,0,2059474546,1.0,"""[0",0.0,0.0,0.0,0.0,0.0,0.0,0.0,0.0,0.0,"0]""",0.0,0.0,0.0,0.0,0.000258445739746,0.0,9.5367431640625e-07,9.5367431640625e-07,0.503877700617284,0.5038780864197531,3.858024691358024e-07
847005358971,84700535897,1,0,1713141410,1.0,"""[0.00010013580322200001",0.00010013580322200001,0.00022888183593700002,0.000255584716796,0.000678062438964,0.0011882781982420001,0.0016860961914060002,0.001699447631835,0.001712799072265,0.003395080566406," 0.003395080566406]""",0.0033874511718750004,0.001150131225585,0.0,0.0,0.00019264221191400002,5.626678466796876e-05,0.000134468078613,0.00010013580322200001,0.50684375,0.5068460648148141,2.314814814814814e-06
847005358971,84700535897,1,0,1713257708,1.0,"""[0",0.0,0.0,0.0,0.0,0.0,0.0,0.0,0.0,0.0," 0]""",0.0,0.0,0.0,0.0,0.000258445739746,0.0,9.5367431640625e-07,9.5367431640625e-07,0.505703317901234,0.505703703703703,3.858024691358024e-07
847005358971,84700535897,1,0,1713257708,1.0,"""[7.62939453125e-06",7.62939453125e-06,2.1934509277343753e-05,3.814697265625e-05,7.05718994140625e-05,0.000154495239257,0.00019359588623000002,0.0011138916015620002,0.00177001953125,0.0029144287109370004," 0.0029144287109370004]""",0.0029258728027340003,0.0007705688476560001,0.0,0.0,0.00019264221191400002,6.198883056640625e-05,0.000126838684082,8.0108642578125e-05,0.508915509259259,0.508918595679012,3.0864197530864187e-06
847005358971,84700535897,1,0,1715004957,1.0,"""[0",0.0,0.0,4.76837158203125e-06,1.3351440429687502e-05,2.1934509277343753e-05,3.0517578125e-05,4.00543212890625e-05,0.00016975402832,0.00016975402832," 0.00016975402832]""",0.000274658203125,9.155273437500001e-05,0.0,0.0,0.000258445739746,7.534027099609375e-05,8.20159912109375e-05,8.20159912109375e-05,0.501722608024691,0.5017237654320981,1.157407407407407e-06
847005358971,84700535897,1,0,1712866415,1.0,"""[0",0.0,0.0,0.0,0.0,0.0,0.0,0.0,0.0,0.0," 0]""",0.0,0.0,0.0,0.0,0.000258445739746,0.0,9.5367431640625e-07,9.5367431640625e-07,0.501226466049382,0.5012272376543211,7.716049382716048e-07
847005358971,84700535897,1,0,21218149,1.0,"""[0",0.0,0.0,4.76837158203125e-06,1.3351440429687502e-05,2.1934509277343753e-05,3.0517578125e-05,4.00543212890625e-05,0.00013637542724600002,0.00013637542724600002," 0.00013637542724600002]""",0.00019264221191400002,0.00010204315185500001,0.0,0.0,0.000258445739746,8.487701416015626e-05,9.250640869140626e-05,9.155273437500001e-05,0.5027646604938271,0.5027658179012341,1.157407407407407e-06
847005358971,84700535897,1,0,1713257708,1.0,"""[0",0.0,0.0,0.0,0.0,0.0,0.0,0.0,0.0,0.0," 0]""",0.00019264221191400002,3.814697265625e-05,0.0,0.0,0.00019264221191400002,7.43865966796875e-05,8.106231689453125e-05,8.106231689453125e-05,0.508918595679012,0.5089205246913581,1.929012345679012e-06
847005358971,84700535897,1,0,1575664044,1.0,"""[0",0.0,0.0,0.0,0.0,7.43865966796875e-05,0.000148773193359,0.000148773193359,0.000148773193359,0.000148773193359," 0.000148773193359]""",0.000155448913574,0.000129699707031,0.0,0.0,0.000258445739746,7.534027099609375e-05,8.296966552734376e-05,8.20159912109375e-05,0.5055378086419751,0.505538580246913,7.716049382716048e-07
847005358971,84700535897,1,0,1580323926,1.0,"""[0",0.0,0.0,0.0,0.0,0.0,0.0,0.0,0.0,0.0," 0]""",0.00025272369384700004,8.392333984375001e-05,0.0,0.0,0.000258445739746,7.534027099609375e-05,8.20159912109375e-05,8.20159912109375e-05,0.503052854938271,0.503054012345679,1.157407407407407e-06
847005358971,84700535897,1,0,1578052391,1.0,"""[0",0.0,0.0,0.0,0.0,0.0,0.0,0.0,0.0,0.0," 0]""",0.000745773315429,0.000745773315429,0.0,0.0,0.00019264221191400002,6.771087646484375e-05,7.62939453125e-05,7.62939453125e-05,0.50925887345679,0.5092592592592591,3.858024691358024e-07
