UniqJobId,collection_id,instance_index,priority,machine_id,sample_rate,cpu_usage_distribution1,cpu_usage_distribution2,cpu_usage_distribution3,cpu_usage_distribution4,cpu_usage_distribution5,cpu_usage_distribution6,cpu_usage_distribution7,cpu_usage_distribution8,cpu_usage_distribution9,cpu_usage_distribution10,cpu_usage_distribution11,max_cpu,avg_cpu,cycles_per_instruction,memory_accesses_per_instruction,assigned_memory,page_cache_memory,max_memory,avg_memory,start_time,end_time,time_window
847037689491,84703768949,1,0,12748959968,1.0,"""[0",0.0,0.0,0.0,0.0,0.0,0.0,0.0,0.0,0.0," 0]""",0.0,0.0,0.0,0.0,0.00020980834960900003,0.0,1.9073486328125e-06,1.9073486328125e-06,0.5094891975308641,0.509489583333333,3.858024691358024e-07
847037689491,84703768949,1,0,1579787186,1.0,"""[1.3351440429687502e-05",1.3351440429687502e-05,1.3351440429687502e-05,1.3351440429687502e-05,1.3351440429687502e-05,1.3351440429687502e-05,1.3351440429687502e-05,1.3351440429687502e-05,1.3351440429687502e-05,1.3351440429687502e-05," 1.3351440429687502e-05]""",0.0,0.0,0.0,0.0,0.00020980834960900003,0.0,9.5367431640625e-07,9.5367431640625e-07,0.504965277777777,0.5049656635802461,3.858024691358024e-07
847037689491,84703768949,1,0,1579787186,1.0,"""[0",0.0,8.58306884765625e-06,3.528594970703125e-05,0.00023746490478500002,0.00037384033203100004,0.0005111694335930001,0.0019454956054680002,0.001972198486328,0.0038757324218750004," 0.0038757324218750004]""",0.0038757324218750004,0.001056671142578,0.0,0.0,0.00020980834960900003,5.722045898437501e-05,0.00013256072998000002,8.583068847656251e-05,0.5049656635802461,0.504967978395061,2.314814814814814e-06
847037689491,84703768949,1,0,1713489854,1.0,"""[0",0.0,0.0,0.0,0.0,0.0,0.0,0.0,0.0,0.0," 0]""",0.0,0.0,0.0,0.0,0.00020980834960900003,0.0,9.5367431640625e-07,9.5367431640625e-07,0.505025077160493,0.505025462962962,3.858024691358024e-07
847037689491,84703768949,1,0,1713257708,1.0,"""[1.9073486328125e-06",1.9073486328125e-06,1.9073486328125e-06,1.9073486328125e-06,1.9073486328125e-06,1.9073486328125e-06,1.9073486328125e-06,1.9073486328125e-06,1.9073486328125e-06,1.9073486328125e-06," 1.9073486328125e-06]""",0.0,0.0,0.0,0.0,0.00020980834960900003,8.392333984375001e-05,9.155273437500001e-05,9.155273437500001e-05,0.502698688271604,0.502699074074074,3.858024691358024e-07
847037689491,84703768949,1,0,198556190123,1.0,"""[0",0.0,0.0,0.0,0.0,0.0,0.0,0.0,0.0,0.0," 0]""",0.000170707702636,4.291534423828126e-05,0.0,0.0,0.00029373168945300005,1.1444091796875002e-05,1.71661376953125e-05,1.71661376953125e-05,0.500170524691358,0.500172067901234,1.5432098765432092e-06
847037689491,84703768949,1,0,1578052391,1.0,"""[0",0.0,0.0,0.0,0.0,0.0,0.0,0.0,0.0,0.0," 0]""",0.000200271606445,5.054473876953126e-05,0.0,0.0,0.00020980834960900003,8.0108642578125e-05,8.678436279296876e-05,8.678436279296876e-05,0.508280092592592,0.508281635802469,1.5432098765432092e-06
847037689491,84703768949,1,0,12748959968,1.0,"""[2.2888183593750003e-05",2.2888183593750003e-05,9.727478027343751e-05,0.000123023986816,0.000149726867675,0.000462532043457,0.000775337219238,0.001857757568359,0.0018844604492180002,0.0024986267089840003," 0.0024986267089840003]""",0.00250244140625,0.00086498260498,0.0,0.0,0.00020980834960900003,6.008148193359376e-05,0.00013160705566400002,8.678436279296876e-05,0.5094864969135801,0.509488811728395,2.314814814814814e-06
847037689491,84703768949,1,0,1713141410,1.0,"""[0",0.0,0.0,0.0,0.0,0.0,0.0,0.0,0.0,0.0," 0]""",0.000267028808593,6.771087646484375e-05,0.0,0.0,0.00020980834960900003,7.62939453125e-05,8.296966552734376e-05,8.296966552734376e-05,0.509106095679012,0.509107253086419,1.157407407407407e-06
847037689491,84703768949,1,0,198556190123,1.0,"""[0",0.0,0.0,0.0,0.0,0.0,0.0,0.0,0.0,0.0," 0]""",0.0,0.0,0.0,0.0,0.00020980834960900003,7.62939453125e-05,8.20159912109375e-05,8.20159912109375e-05,0.504087577160493,0.504087962962963,3.858024691358024e-07
847037689491,84703768949,1,0,1713141410,1.0,"""[0",0.0,1.71661376953125e-05,4.863739013671876e-05,7.915496826171875e-05,0.00019836425781200002,0.0015945434570310002,0.0016250610351560002,0.001699447631835,0.00262451171875," 0.00262451171875]""",0.00262451171875,0.0009994506835930002,0.0,0.0,0.00020980834960900003,5.626678466796876e-05,0.000127792358398,7.05718994140625e-05,0.505910879629629,0.505913194444444,2.314814814814814e-06
847037689491,84703768949,1,0,1713489854,1.0,"""[0",0.0,0.0,0.0,0.0,0.0,0.0,0.0,0.0,0.0," 0]""",0.00017642974853500002,4.386901855468751e-05,0.0,0.0,0.00020980834960900003,7.43865966796875e-05,8.20159912109375e-05,8.106231689453125e-05,0.505023533950617,0.505025077160493,1.5432098765432092e-06
847037689491,84703768949,1,0,1578052391,1.0,"""[0",0.0,0.0,0.0,0.0,0.0,0.0,0.0,0.0,0.0," 0]""",0.0,0.0,0.0,0.0,0.00020980834960900003,0.0,9.5367431640625e-07,9.5367431640625e-07,0.50828086419753,0.508281635802469,7.716049382716048e-07
847037689491,84703768949,1,0,12748959968,1.0,"""[0",0.0,0.0,0.0,0.0,0.0,0.0,0.0,0.0,0.0,"0]""",0.0,0.0,0.0,0.0,0.0,0.0,0.0,0.0,0.509489969135802,0.5094907407407401,7.716049382716048e-07
847037689491,84703768949,1,0,12748959968,1.0,"""[0",0.0,0.0,0.0,0.0,0.0,0.0,0.0,0.0,0.0," 0]""",0.000250816345214,0.000125885009765,0.0,0.0,0.00020980834960900003,7.82012939453125e-05,8.583068847656251e-05,8.583068847656251e-05,0.509488811728395,0.509489583333333,7.716049382716048e-07
847037689491,84703768949,1,0,1713257708,1.0,"""[0",0.0,0.0,0.0,0.0,0.0,0.0,0.0,0.0,0.0," 0]""",0.0,0.0,0.0,0.0,0.00020980834960900003,0.0,9.5367431640625e-07,9.5367431640625e-07,0.502698688271604,0.502699074074074,3.858024691358024e-07
847037689491,84703768949,1,0,12748959968,1.0,"""[0",0.0,0.0,0.0,0.0,0.0,0.0,0.0,0.0,0.0,"0]""",0.0,0.0,0.0,0.0,0.0,0.0,0.0,0.0,0.509489969135802,0.5094907407407401,7.716049382716048e-07
847037689491,84703768949,1,0,1713489854,1.0,"""[7.62939453125e-06",7.62939453125e-06,2.1934509277343753e-05,3.814697265625e-05,0.000114440917968,0.000154495239257,0.00023746490478500002,0.0007171630859370001,0.002826690673828,0.0034446716308590003," 0.0034446716308590003]""",0.0034484863281250004,0.000920295715332,0.0,0.0,0.00020980834960900003,6.198883056640625e-05,0.00013351440429600002,8.773803710937501e-05,0.5050204475308641,0.505023533950617,3.0864197530864187e-06
847037689491,84703768949,1,0,1713489854,1.0,"""[0",0.0,0.0,0.0,0.0,0.0,0.0,0.0,0.0,0.0," 0]""",0.0,0.0,0.0,0.0,0.00020980834960900003,0.0,9.5367431640625e-07,9.5367431640625e-07,0.505024305555555,0.505025077160493,7.716049382716048e-07
847037689491,84703768949,1,0,1713489854,1.0,"""[1.9073486328125e-06",1.9073486328125e-06,1.9073486328125e-06,1.9073486328125e-06,1.9073486328125e-06,1.9073486328125e-06,1.9073486328125e-06,1.9073486328125e-06,1.9073486328125e-06,1.9073486328125e-06," 1.9073486328125e-06]""",0.0,0.0,0.0,0.0,0.00020980834960900003,7.43865966796875e-05,8.106231689453125e-05,8.106231689453125e-05,0.505025077160493,0.505025462962962,3.858024691358024e-07
847037689491,84703768949,1,0,1713141410,1.0,"""[9.5367431640625e-07",9.5367431640625e-07,9.5367431640625e-07,9.5367431640625e-07,9.5367431640625e-07,9.5367431640625e-07,9.5367431640625e-07,9.5367431640625e-07,9.5367431640625e-07,9.5367431640625e-07," 9.5367431640625e-07]""",0.0,0.0,0.0,0.0,0.00020980834960900003,7.534027099609375e-05,8.106231689453125e-05,8.106231689453125e-05,0.505915509259259,0.5059158950617281,3.858024691358024e-07
847037689491,84703768949,1,0,1713301981,1.0,"""[1.621246337890625e-05",1.621246337890625e-05,1.621246337890625e-05,1.621246337890625e-05,1.621246337890625e-05,1.621246337890625e-05,1.621246337890625e-05,1.621246337890625e-05,1.621246337890625e-05,1.621246337890625e-05," 1.621246337890625e-05]""",0.0,0.0,0.0,0.0,0.00020980834960900003,0.0,9.5367431640625e-07,9.5367431640625e-07,0.503866898148148,0.5038672839506171,3.858024691358024e-07
847037689491,84703768949,1,0,1713141410,1.0,"""[8.296966552734376e-05",8.296966552734376e-05,0.000129699707031,0.00019836425781200002,0.000792503356933,0.0013866424560540001,0.00169563293457,0.002002716064453,0.0027923583984370004,0.003559112548828," 0.003559112548828]""",0.003547668457031,0.001171112060546,0.0,0.0,0.00020980834960900003,5.435943603515626e-05,0.00013256072998000002,9.536743164062501e-05,0.509103780864197,0.509106095679012,2.314814814814814e-06
847037689491,84703768949,1,0,1713141410,1.0,"""[0",0.0,0.0,0.0,0.0,0.0,0.0,0.0,0.0,0.0,"0]""",0.0,0.0,0.0,0.0,0.00020980834960900003,0.0,9.5367431640625e-07,9.5367431640625e-07,0.509107253086419,0.509107638888888,3.858024691358024e-07
847037689491,84703768949,1,0,1578052391,1.0,"""[0",0.0,2.1934509277343753e-05,6.580352783203125e-05,0.000154495239257,0.00022029876708900002,0.000550270080566,0.001211166381835,0.0018482208251950002,0.002307891845703," 0.002460479736328]""",0.0021476745605460003,0.000749588012695,0.0,0.0,0.00020980834960900003,5.817413330078126e-05,0.00013256072998000002,8.678436279296876e-05,0.50827662037037,0.508280092592592,3.4722222222222215e-06
847037689491,84703768949,1,0,1713257708,1.0,"""[0",0.0,0.0,0.0,8.58306884765625e-06,2.1934509277343753e-05,3.528594970703125e-05,0.00016212463378900002,0.00016212463378900002,0.00016212463378900002," 0.00016212463378900002]""",0.00019454956054600002,8.487701416015626e-05,0.0,0.0,0.00020980834960900003,8.392333984375001e-05,9.155273437500001e-05,9.155273437500001e-05,0.502697530864197,0.502698688271604,1.157407407407407e-06
847037689491,84703768949,1,0,198556190123,1.0,"""[0.00010395050048800001",0.00010395050048800001,0.00013637542724600002,0.000149726867675,0.00016307830810500002,0.001100540161132,0.002052307128906,0.002342224121093,0.002368927001953,0.003173828125," 0.003173828125]""",0.003177642822265,0.001262664794921,0.0,0.0,0.00020980834960900003,5.722045898437501e-05,0.00013256072998000002,8.392333984375001e-05,0.504083333333333,0.504085648148148,2.314814814814814e-06
847037689491,84703768949,1,0,198556190123,1.0,"""[0",0.0,0.0,0.0,0.0,0.0,0.0,0.0,0.0,0.0," 0]""",0.0,0.0,0.0,0.0,0.00020980834960900003,0.0,9.5367431640625e-07,9.5367431640625e-07,0.504087577160493,0.504087962962963,3.858024691358024e-07
847037689491,84703768949,1,0,383868866699,1.0,"""[0",0.0,0.0,0.0,0.0,0.0,0.0,0.0,0.0,0.0," 0]""",0.000321388244628,4.386901855468751e-05,0.0,0.0,0.00020980834960900003,7.724761962890625e-05,8.487701416015626e-05,8.487701416015626e-05,0.5042472993827161,0.504249228395061,1.929012345679012e-06
847037689491,84703768949,1,0,72034114980,1.0,"""[0",0.0,0.0,0.0,0.0,0.0,0.0,0.0,0.0,0.0," 0]""",0.00025177001953100004,6.29425048828125e-05,0.0,0.0,0.00020980834960900003,7.43865966796875e-05,8.392333984375001e-05,8.392333984375001e-05,0.508610725308641,0.508612268518518,1.5432098765432092e-06
847037689491,84703768949,1,0,72034114980,1.0,"""[2.002716064453125e-05",2.002716064453125e-05,5.245208740234376e-05,7.915496826171875e-05,0.000149726867675,0.000462532043457,0.000775337219238,0.00168228149414,0.001708984375,0.0023460388183590003," 0.0023460388183590003]""",0.0023460388183590003,0.000804901123046,0.0,0.0,0.00020980834960900003,6.580352783203125e-05,0.000135421752929,0.00010395050048800001,0.508608410493827,0.508610725308641,2.314814814814814e-06
847037689491,84703768949,1,0,72034114980,1.0,"""[0",0.0,0.0,0.0,0.0,0.0,0.0,0.0,0.0,0.0," 0]""",0.0,0.0,0.0,0.0,0.00020980834960900003,0.0,9.5367431640625e-07,9.5367431640625e-07,0.508612268518518,0.5086130401234561,7.716049382716048e-07
847037689491,84703768949,1,0,1579787186,1.0,"""[0",0.0,0.0,0.0,0.0,0.0,0.0,0.0,0.0,0.0," 0]""",0.0,0.0,0.0,0.0,0.00020980834960900003,0.0,9.5367431640625e-07,9.5367431640625e-07,0.50496836419753,0.504969135802469,7.716049382716048e-07
847037689491,84703768949,1,0,12748959968,1.0,"""[0",0.0,0.0,0.0,0.0,0.0,0.0,0.0,0.0,0.0,"0]""",0.0,0.0,0.0,0.0,0.00020980834960900003,7.82012939453125e-05,8.583068847656251e-05,8.583068847656251e-05,0.509489583333333,0.509489969135802,3.858024691358024e-07
847037689491,84703768949,1,0,1713141410,1.0,"""[0",0.0,0.0,0.0,0.0,0.0,0.0,0.0,0.0,0.0,"0]""",0.0,0.0,0.0,0.0,0.00020980834960900003,7.62939453125e-05,8.20159912109375e-05,8.20159912109375e-05,0.509107253086419,0.509107638888888,3.858024691358024e-07
847037689491,84703768949,1,0,383868866699,1.0,"""[7.43865966796875e-05",7.43865966796875e-05,0.000190734863281,0.000329971313476,0.000550270080566,0.0007705688476560001,0.0011444091796870002,0.0015182495117180002,0.002723693847656,0.0039024353027340003," 0.0039024353027340003]""",0.0038871765136710003,0.0012493133544920001,0.0,0.0,0.00020980834960900003,5.626678466796876e-05,0.000128746032714,7.534027099609375e-05,0.5042453703703701,0.5042472993827161,1.929012345679012e-06
847037689491,84703768949,1,0,1713257708,1.0,"""[0",0.0,0.0,0.0,0.0,0.0,0.0,0.0,0.0,0.0," 0]""",0.0,0.0,0.0,0.0,0.00020980834960900003,0.0,9.5367431640625e-07,9.5367431640625e-07,0.502698302469135,0.502698688271604,3.858024691358024e-07
847037689491,84703768949,1,0,383868866699,1.0,"""[0",0.0,0.0,1.9073486328125e-06,5.7220458984375e-06,8.58306884765625e-06,1.2397766113281252e-05,1.621246337890625e-05,1.811981201171875e-05,1.811981201171875e-05," 1.811981201171875e-05]""",0.0,0.0,0.0,0.0,0.00020980834960900003,0.0,9.5367431640625e-07,9.5367431640625e-07,0.504248070987654,0.504249228395061,1.157407407407407e-06
847037689491,84703768949,1,0,72034114980,1.0,"""[0",0.0,0.0,0.0,0.0,0.0,0.0,0.0,0.0,0.0," 0]""",0.0,0.0,0.0,0.0,0.00020980834960900003,0.0,9.5367431640625e-07,9.5367431640625e-07,0.508611111111111,0.508612268518518,1.157407407407407e-06
847037689491,84703768949,1,0,198556190123,1.0,"""[0",0.0,0.0,0.0,0.0,0.0,0.0,0.0,0.0,0.0," 0]""",0.0,0.0,0.0,0.0,0.00029373168945300005,0.0,9.5367431640625e-07,9.5367431640625e-07,0.500170910493827,0.500172067901234,1.157407407407407e-06
847037689491,84703768949,1,0,198556190123,1.0,"""[2.3841857910156253e-05",2.3841857910156253e-05,5.626678466796876e-05,0.000109672546386,0.00013160705566400002,0.000154495239257,0.00017642974853500002,0.00019836425781200002,0.0008687973022460001,0.001516342163085," 0.001516342163085]""",0.005279541015625,0.000369071960449,0.0,0.0,0.00029373168945300005,1.1444091796875002e-05,6.389617919921875e-05,5.054473876953126e-05,0.5001685956790121,0.500170524691358,1.929012345679012e-06
847037689491,84703768949,1,0,1713141410,1.0,"""[0",0.0,0.0,0.0,1.9073486328125e-06,4.76837158203125e-06,7.62939453125e-06,9.5367431640625e-06,9.5367431640625e-06,9.5367431640625e-06," 9.5367431640625e-06]""",0.0,0.0,0.0,0.0,0.00020980834960900003,0.0,9.5367431640625e-07,9.5367431640625e-07,0.5091064814814811,0.509107253086419,7.716049382716048e-07
847037689491,84703768949,1,0,1713141410,1.0,"""[0",0.0,0.0,0.0,0.0,0.0,0.0,0.0,0.0,0.0," 0]""",0.00019931793212800002,3.337860107421875e-05,0.0,0.0,0.00020980834960900003,7.534027099609375e-05,8.296966552734376e-05,8.296966552734376e-05,0.505913194444444,0.505915509259259,2.314814814814814e-06
