UniqJobId,collection_id,instance_index,priority,machine_id,sample_rate,cpu_usage_distribution1,cpu_usage_distribution2,cpu_usage_distribution3,cpu_usage_distribution4,cpu_usage_distribution5,cpu_usage_distribution6,cpu_usage_distribution7,cpu_usage_distribution8,cpu_usage_distribution9,cpu_usage_distribution10,cpu_usage_distribution11,max_cpu,avg_cpu,cycles_per_instruction,memory_accesses_per_instruction,assigned_memory,page_cache_memory,max_memory,avg_memory,start_time,end_time,time_window
847005358970,84700535897,0,0,1713489854,1.0,"""[0",0.0,0.0,0.0,0.0,0.0,0.0,0.0,0.0,0.0," 0]""",0.0,0.0,0.0,0.0,0.000258445739746,0.0,9.5367431640625e-07,9.5367431640625e-07,0.505075231481481,0.5050763888888881,1.157407407407407e-06
847005358970,84700535897,0,0,198556190123,1.0,"""[0",0.0,0.0,0.0,0.0,1.9073486328125e-06,3.814697265625e-06,3.814697265625e-06,3.814697265625e-06,3.814697265625e-06," 3.814697265625e-06]""",0.0,0.0,0.0,0.0,0.00019264221191400002,0.0,9.5367431640625e-07,9.5367431640625e-07,0.5073302469135801,0.5073306327160491,3.858024691358024e-07
847005358970,84700535897,0,0,383868866699,1.0,"""[0",0.0,0.0,0.0,0.0,3.814697265625e-06,7.62939453125e-06,7.62939453125e-06,7.62939453125e-06,7.62939453125e-06," 7.62939453125e-06]""",0.0,0.0,0.0,0.0,0.000258445739746,0.0,9.5367431640625e-07,9.5367431640625e-07,0.500819444444444,0.500819830246913,3.858024691358024e-07
847005358970,84700535897,0,0,12748959968,1.0,"""[0",0.0,0.0,0.0,0.0,0.0,0.0,0.0,0.0,0.0,"0]""",0.0,0.0,0.0,0.0,0.00019264221191400002,0.0,9.5367431640625e-07,9.5367431640625e-07,0.508998456790123,0.5089988425925921,3.858024691358024e-07
847005358970,84700535897,0,0,1713141410,1.0,"""[2.2888183593750003e-05",2.2888183593750003e-05,7.05718994140625e-05,0.00010585784912100001,0.00014114379882800002,0.00019836425781200002,0.000255584716796,0.000642776489257,0.0014266967773430002,0.0038909912109370004," 0.0038909912109370004]""",0.0038909912109370004,0.000788688659667,0.0,0.0,0.000258445739746,6.67572021484375e-06,0.000107765197753,5.245208740234376e-05,0.502734567901234,0.502737654320987,3.0864197530864187e-06
847005358970,84700535897,0,0,1713257708,1.0,"""[5.149841308593751e-05",5.149841308593751e-05,0.00015830993652300002,0.00019359588623000002,0.00031661987304600005,0.00037384033203100004,0.000431060791015,0.001918792724609,0.003406524658203,0.004859924316406," 0.004859924316406]""",0.004737854003906,0.001373291015625,0.0,0.0,0.000258445739746,6.198883056640625e-05,0.000127792358398,8.487701416015626e-05,0.502297839506172,0.502300925925925,3.0864197530864187e-06
847005358970,84700535897,0,0,12748959968,1.0,"""[1.621246337890625e-05",1.621246337890625e-05,1.621246337890625e-05,1.621246337890625e-05,1.621246337890625e-05,1.621246337890625e-05,1.621246337890625e-05,1.621246337890625e-05,1.621246337890625e-05,1.621246337890625e-05," 1.621246337890625e-05]""",0.0,0.0,0.0,0.0,0.00019264221191400002,0.0,9.5367431640625e-07,9.5367431640625e-07,0.508994984567901,0.50899537037037,3.858024691358024e-07
847005358970,84700535897,0,0,12748959968,1.0,"""[0",0.0,0.0,0.0,0.0,0.0,0.0,0.0,0.0,0.0," 0]""",0.000258445739746,8.583068847656251e-05,0.0,0.0,0.00019264221191400002,7.43865966796875e-05,8.296966552734376e-05,8.296966552734376e-05,0.508997299382716,0.508998456790123,1.157407407407407e-06
847005358970,84700535897,0,0,12748959968,1.0,"""[0",0.0,0.0,0.0,0.0,0.0,0.0,0.0,0.0,0.0," 0]""",0.0,0.0,0.0,0.0,0.00019264221191400002,0.0,9.5367431640625e-07,9.5367431640625e-07,0.508998070987654,0.508998456790123,3.858024691358024e-07
847005358970,84700535897,0,0,198556190123,1.0,"""[4.76837158203125e-06",4.76837158203125e-06,4.76837158203125e-06,4.76837158203125e-06,4.76837158203125e-06,4.76837158203125e-06,4.76837158203125e-06,4.76837158203125e-06,4.76837158203125e-06,4.76837158203125e-06," 4.76837158203125e-06]""",0.0,0.0,0.0,0.0,0.000258445739746,0.0,9.5367431640625e-07,9.5367431640625e-07,0.503545910493827,0.503546296296296,3.858024691358024e-07
847005358970,84700535897,0,0,198556190123,1.0,"""[2.5749206542968753e-05",2.5749206542968753e-05,0.00010108947753900001,0.00019836425781200002,0.000550270080566,0.00090217590332,0.001276016235351,0.001651763916015,0.0028648376464840003,0.004051208496093001," 0.004051208496093001]""",0.004058837890625,0.0013351440429680002,0.0,0.0,0.000258445739746,6.866455078125e-05,0.000127792358398,7.343292236328125e-05,0.5035435956790121,0.503545524691358,1.929012345679012e-06
847005358970,84700535897,0,0,198556190123,1.0,"""[0",0.0,0.0,0.0,0.0,0.0,0.0,0.0,0.0,0.0," 0]""",0.00020217895507800002,4.577636718750001e-05,0.0,0.0,0.000258445739746,7.43865966796875e-05,8.106231689453125e-05,8.106231689453125e-05,0.5003603395061721,0.50036149691358,1.157407407407407e-06
847005358970,84700535897,0,0,1713141410,1.0,"""[0",0.0,0.0,0.0,0.0,0.0,0.0,0.0,0.0,0.0," 0]""",0.0,0.0,0.0,0.0,0.000258445739746,0.0,9.5367431640625e-07,9.5367431640625e-07,0.502739197530864,0.502739583333333,3.858024691358024e-07
847005358970,84700535897,0,0,2059474546,1.0,"""[0",0.0,0.0,0.0,0.0,0.0,0.0,0.0,0.0,0.0," 0]""",0.000179290771484,4.482269287109376e-05,0.0,0.0,0.00019264221191400002,7.534027099609375e-05,8.20159912109375e-05,8.20159912109375e-05,0.507769675925925,0.507771219135802,1.5432098765432092e-06
847005358970,84700535897,0,0,1713489854,1.0,"""[0",0.0,0.0,0.0,0.0,0.0,0.0,0.0,0.0,0.0,"0]""",0.0,0.0,0.0,0.0,0.000258445739746,0.0,9.5367431640625e-07,9.5367431640625e-07,0.5050763888888881,0.505076774691358,3.858024691358024e-07
847005358970,84700535897,0,0,1713301981,1.0,"""[2.0980834960937503e-05",2.0980834960937503e-05,0.00010585784912100001,0.00017833709716700002,0.00019359588623000002,0.00020885467529200002,0.001504898071289,0.001537322998046,0.0016117095947260002,0.004188537597656," 0.004188537597656]""",0.0037956237792960003,0.001031875610351,0.0,0.0,0.000258445739746,6.4849853515625e-05,0.000130653381347,0.00010395050048800001,0.503873842592592,0.5038765432098761,2.7006172839506168e-06
847005358970,84700535897,0,0,1713257708,1.0,"""[0",0.0,0.0,0.0,0.0,0.0,0.0,0.0,0.0,0.0," 0]""",0.0,0.0,0.0,0.0,0.000258445739746,0.0,9.5367431640625e-07,9.5367431640625e-07,0.502302083333333,0.502302469135802,3.858024691358024e-07
847005358970,84700535897,0,0,198556190123,1.0,"""[0",0.0,0.0,0.0,0.0,0.0,0.0,0.0,0.0,0.0," 0]""",0.0,0.0,0.0,0.0,0.000258445739746,0.0,9.5367431640625e-07,9.5367431640625e-07,0.500361111111111,0.50036149691358,3.858024691358024e-07
847005358970,84700535897,0,0,1715004957,1.0,"""[0",0.0,0.0,0.0,0.0,0.0,0.0,0.0,0.0,0.0," 0]""",0.0,0.0,0.0,0.0,0.00019264221191400002,0.0,9.5367431640625e-07,9.5367431640625e-07,0.506675925925925,0.5066770833333331,1.157407407407407e-06
847005358970,84700535897,0,0,20143068970,1.0,"""[0",0.0,2.6702880859375003e-05,6.198883056640625e-05,9.727478027343751e-05,0.000154495239257,0.00021171569824200001,0.0023612976074210003,0.002967834472656,0.004837036132812," 0.004837036132812]""",0.0038490295410150005,0.0013275146484370002,0.0,0.0,0.000258445739746,5.435943603515626e-05,0.000129699707031,9.918212890625001e-05,0.500470293209876,0.50047299382716,2.7006172839506168e-06
847005358970,84700535897,0,0,1713141410,1.0,"""[0",0.0,0.0,0.0,0.0,0.0,0.0,0.0,0.0,0.0," 0]""",0.000190734863281,4.768371582031251e-05,0.0,0.0,0.000258445739746,9.5367431640625e-07,7.62939453125e-06,7.62939453125e-06,0.502737654320987,0.502739197530864,1.5432098765432092e-06
847005358970,84700535897,0,0,1713489854,1.0,"""[0",0.0,0.0,7.62939453125e-06,1.4305114746093752e-05,2.1934509277343753e-05,2.9563903808593753e-05,3.62396240234375e-05,0.000106811523437,0.00016975402832," 0.00016975402832]""",0.000255584716796,6.389617919921875e-05,0.0,0.0,0.000258445739746,7.43865966796875e-05,8.20159912109375e-05,8.20159912109375e-05,0.5050748456790121,0.5050763888888881,1.5432098765432092e-06
847005358970,84700535897,0,0,198556190123,1.0,"""[1.9073486328125e-06",1.9073486328125e-06,1.9073486328125e-06,1.9073486328125e-06,1.9073486328125e-06,1.9073486328125e-06,1.9073486328125e-06,1.9073486328125e-06,1.9073486328125e-06,1.9073486328125e-06," 1.9073486328125e-06]""",0.0,0.0,0.0,0.0,0.00019264221191400002,7.43865966796875e-05,8.106231689453125e-05,8.106231689453125e-05,0.5073306327160491,0.507331018518518,3.858024691358024e-07
847005358970,84700535897,0,0,1713489854,1.0,"""[3.24249267578125e-05",3.24249267578125e-05,3.814697265625e-05,6.580352783203125e-05,0.0007486343383780001,0.001430511474609,0.00160789489746,0.0017833709716790001,0.002094268798828,0.002384185791015," 0.002384185791015]""",0.002384185791015,0.001125335693359,0.0,0.0,0.000258445739746,6.67572021484375e-05,0.00013351440429600002,0.00010013580322200001,0.5050729166666661,0.5050748456790121,1.929012345679012e-06
847005358970,84700535897,0,0,1713257708,1.0,"""[0",0.0,0.0,0.0,0.0,0.0,0.0,0.0,0.0,0.0," 0]""",0.00020217895507800002,6.771087646484375e-05,0.0,0.0,0.000258445739746,7.534027099609375e-05,0.000127792358398,9.632110595703126e-05,0.502300925925925,0.502302083333333,1.157407407407407e-06
847005358970,84700535897,0,0,1713141410,1.0,"""[9.5367431640625e-07",9.5367431640625e-07,9.5367431640625e-07,9.5367431640625e-07,9.5367431640625e-07,9.5367431640625e-07,9.5367431640625e-07,9.5367431640625e-07,9.5367431640625e-07,9.5367431640625e-07," 9.5367431640625e-07]""",0.0,0.0,0.0,0.0,0.000258445739746,9.5367431640625e-07,7.62939453125e-06,7.62939453125e-06,0.502739197530864,0.502739583333333,3.858024691358024e-07
847005358970,84700535897,0,0,383868866699,1.0,"""[0",0.0,0.0,0.0,0.0,0.0,0.0,0.0,0.0,0.0," 0]""",0.00024127960205000003,8.0108642578125e-05,0.0,0.0,0.000258445739746,7.534027099609375e-05,8.296966552734376e-05,8.296966552734376e-05,0.500818672839506,0.500819830246913,1.157407407407407e-06
847005358970,84700535897,0,0,383868866699,1.0,"""[1.9073486328125e-05",1.9073486328125e-05,0.00022411346435500002,0.00023746490478500002,0.000250816345214,0.0007486343383780001,0.0012588500976560002,0.0019454956054680002,0.001972198486328,0.002979278564453," 0.002979278564453]""",0.002979278564453,0.0010814666748040001,0.0,0.0,0.000258445739746,4.482269287109376e-05,0.000130653381347,6.771087646484375e-05,0.500816358024691,0.500818672839506,2.314814814814814e-06
847005358970,84700535897,0,0,1713301981,1.0,"""[0",0.0,0.0,0.0,0.0,0.0,0.0,0.0,0.0,0.0," 0]""",0.0,0.0,0.0,0.0,0.000258445739746,0.0,9.5367431640625e-07,9.5367431640625e-07,0.503876929012345,0.5038780864197531,1.157407407407407e-06
847005358970,84700535897,0,0,198556190123,1.0,"""[0",0.0,0.0,0.0,0.0,0.0,0.0,0.0,0.0,0.0,"0]""",0.0,0.0,0.0,0.0,0.000258445739746,7.43865966796875e-05,8.0108642578125e-05,8.0108642578125e-05,0.50036149691358,0.5003618827160491,3.858024691358024e-07
847005358970,84700535897,0,0,1715004957,1.0,"""[2.9563903808593753e-05",2.9563903808593753e-05,9.727478027343751e-05,0.000123023986816,0.00019359588623000002,0.0007486343383780001,0.00130271911621,0.0029144287109370004,0.0029411315917960003,0.003364562988281," 0.003364562988281]""",0.0033073425292960003,0.0015106201171870002,0.0,0.0,0.00019264221191400002,6.866455078125e-05,0.000130653381347,7.724761962890625e-05,0.5066736111111111,0.5066755401234561,1.929012345679012e-06
847005358970,84700535897,0,0,21400972,1.0,"""[0",0.0,0.0,0.0,0.0,0.0,0.0,0.0,0.0,0.0,"0]""",0.0,0.0,0.0,0.0,0.00019264221191400002,9.632110595703126e-05,0.00010395050048800001,0.00010395050048800001,0.509462962962963,0.5094633487654321,3.858024691358024e-07
847005358970,84700535897,0,0,1715004957,1.0,"""[0",0.0,0.0,0.0,0.0,0.0,0.0,0.0,0.0,0.0," 0]""",0.000288963317871,7.2479248046875e-05,0.0,0.0,0.00019264221191400002,7.43865966796875e-05,8.20159912109375e-05,8.20159912109375e-05,0.5066755401234561,0.5066770833333331,1.5432098765432092e-06
847005358970,84700535897,0,0,1713257708,1.0,"""[0",0.0,0.0,0.0,0.0,0.0,0.0,0.0,0.0,0.0," 0]""",0.0,0.0,0.0,0.0,0.000258445739746,0.0,9.5367431640625e-07,9.5367431640625e-07,0.5023016975308641,0.502302083333333,3.858024691358024e-07
847005358970,84700535897,0,0,2059474546,1.0,"""[0",0.0,0.0,0.0,0.0,0.0,0.0,0.0,0.0,0.0," 0]""",0.0,0.0,0.0,0.0,0.00019264221191400002,0.0,9.5367431640625e-07,9.5367431640625e-07,0.5077704475308641,0.507771219135802,7.716049382716048e-07
847005358970,84700535897,0,0,21400972,1.0,"""[0",0.0,0.0,0.0,0.0,0.0,0.0,0.0,0.0,0.0," 0]""",0.00026226043701100003,8.773803710937501e-05,0.0,0.0,0.00019264221191400002,9.632110595703126e-05,0.00010395050048800001,0.00010395050048800001,0.5094618055555551,0.509462962962963,1.157407407407407e-06
847005358970,84700535897,0,0,12748959968,1.0,"""[0",0.0,4.76837158203125e-06,1.71661376953125e-05,3.0517578125e-05,0.00013160705566400002,0.000247001647949,0.0015945434570310002,0.0016193389892570002,0.0038261413574210003," 0.0038261413574210003]""",0.0038261413574210003,0.001178741455078,0.0,0.0,0.00019264221191400002,6.008148193359376e-05,0.000128746032714,9.536743164062501e-05,0.50899537037037,0.508997299382716,1.929012345679012e-06
847005358970,84700535897,0,0,21400972,1.0,"""[0",0.0,0.0,0.0,0.0,0.0,0.0,0.0,0.0,0.0," 0]""",0.0,0.0,0.0,0.0,0.00019264221191400002,0.0,9.5367431640625e-07,9.5367431640625e-07,0.509462577160493,0.509462962962963,3.858024691358024e-07
847005358970,84700535897,0,0,2059626229,1.0,"""[0",0.0,0.0,0.0,0.0,0.0,0.0,0.0,0.0,0.0," 0]""",0.0,0.0,0.0,0.0,0.000258445739746,0.0,9.5367431640625e-07,9.5367431640625e-07,0.50245949074074,0.5024602623456791,7.716049382716048e-07
847005358970,84700535897,0,0,2059474546,1.0,"""[0",0.0,0.0,0.0,0.0,0.0,0.0,0.0,0.0,0.0," 0]""",0.0,0.0,0.0,0.0,0.00019264221191400002,0.0,9.5367431640625e-07,9.5367431640625e-07,0.507771219135802,0.507771604938271,3.858024691358024e-07
847005358970,84700535897,0,0,2059474546,1.0,"""[2.6702880859375003e-05",2.6702880859375003e-05,0.00010585784912100001,0.0001802444458,0.00021171569824200001,0.000329971313476,0.000933647155761,0.000964164733886,0.001699447631835,0.004814147949218001," 0.004814147949218001]""",0.004806518554687,0.0012664794921870002,0.0,0.0,0.00019264221191400002,4.482269287109376e-05,0.000127792358398,9.822845458984376e-05,0.5077673611111111,0.507769675925925,2.314814814814814e-06
847005358970,84700535897,0,0,2059626229,1.0,"""[0",0.0,0.0,0.0,0.0,0.0,0.0,0.0,0.0,0.0," 0]""",0.00021266937255800001,7.05718994140625e-05,0.0,0.0,0.000258445739746,7.43865966796875e-05,8.20159912109375e-05,8.20159912109375e-05,0.5024591049382711,0.5024602623456791,1.157407407407407e-06
847005358970,84700535897,0,0,198556190123,1.0,"""[0",0.0,0.0,0.0,0.0,0.0,0.0,0.0,0.0,0.0," 0]""",0.0010128021240230001,0.00033760070800700005,0.0,0.0,0.00019264221191400002,7.43865966796875e-05,8.106231689453125e-05,8.106231689453125e-05,0.507329475308642,0.5073306327160491,1.157407407407407e-06
847005358970,84700535897,0,0,1713489854,1.0,"""[0",0.0,0.0,0.0,0.0,0.0,0.0,0.0,0.0,0.0,"0]""",0.0,0.0,0.0,0.0,0.000258445739746,7.43865966796875e-05,8.0108642578125e-05,8.0108642578125e-05,0.5050763888888881,0.505076774691358,3.858024691358024e-07
847005358970,84700535897,0,0,1713257708,1.0,"""[1.9073486328125e-06",1.9073486328125e-06,1.9073486328125e-06,1.9073486328125e-06,1.9073486328125e-06,1.9073486328125e-06,1.9073486328125e-06,1.9073486328125e-06,1.9073486328125e-06,1.9073486328125e-06," 1.9073486328125e-06]""",0.0,0.0,0.0,0.0,0.000258445739746,7.534027099609375e-05,8.106231689453125e-05,8.106231689453125e-05,0.502302083333333,0.502302469135802,3.858024691358024e-07
847005358970,84700535897,0,0,383868866699,1.0,"""[0",0.0,0.0,0.0,0.0,0.0,0.0,0.0,0.0,0.0," 0]""",0.0,0.0,0.0,0.0,0.000258445739746,0.0,9.5367431640625e-07,9.5367431640625e-07,0.500819830246913,0.5008202160493821,3.858024691358024e-07
847005358970,84700535897,0,0,1713301981,1.0,"""[0",0.0,0.0,0.0,0.0,0.0,0.0,0.0,0.0,0.0," 0]""",0.00017642974853500002,4.386901855468751e-05,0.0,0.0,0.000258445739746,7.43865966796875e-05,8.106231689453125e-05,8.106231689453125e-05,0.5038765432098761,0.5038780864197531,1.5432098765432092e-06
847005358970,84700535897,0,0,1713141410,1.0,"""[0",0.0,0.0,0.0,0.0,0.0,0.0,0.0,0.0,0.0," 0]""",0.0,0.0,0.0,0.0,0.000258445739746,0.0,9.5367431640625e-07,9.5367431640625e-07,0.502738040123456,0.502739197530864,1.157407407407407e-06
847005358970,84700535897,0,0,198556190123,1.0,"""[0",0.0,0.0,0.0,0.0,0.0,0.0,0.0,0.0,0.0,"0]""",0.0,0.0,0.0,0.0,0.000258445739746,0.0,9.5367431640625e-07,9.5367431640625e-07,0.50036149691358,0.5003618827160491,3.858024691358024e-07
