UniqJobId,collection_id,instance_index,priority,machine_id,sample_rate,cpu_usage_distribution1,cpu_usage_distribution2,cpu_usage_distribution3,cpu_usage_distribution4,cpu_usage_distribution5,cpu_usage_distribution6,cpu_usage_distribution7,cpu_usage_distribution8,cpu_usage_distribution9,cpu_usage_distribution10,cpu_usage_distribution11,max_cpu,avg_cpu,cycles_per_instruction,memory_accesses_per_instruction,assigned_memory,page_cache_memory,max_memory,avg_memory,start_time,end_time,time_window
848479856511,84847985651,1,0,1713257708,1.0,"""[9.5367431640625e-07",9.5367431640625e-07,9.5367431640625e-07,9.5367431640625e-07,9.5367431640625e-07,9.5367431640625e-07,9.5367431640625e-07,9.5367431640625e-07,9.5367431640625e-07,9.5367431640625e-07," 9.5367431640625e-07]""",0.0,0.0,0.0,0.0,0.00021839141845700002,7.724761962890625e-05,8.392333984375001e-05,8.392333984375001e-05,0.5027067901234561,0.5027071759259261,3.858024691358024e-07
848479856511,84847985651,1,0,20143068970,1.0,"""[0",0.0,0.0,0.0,0.0,0.0,0.0,0.0,0.0,0.0,"0]""",0.0,0.0,0.0,0.0,0.00021839141845700002,0.0,9.5367431640625e-07,9.5367431640625e-07,0.501540895061728,0.501541280864197,3.858024691358024e-07
848479856511,84847985651,1,0,1712866415,1.0,"""[0",0.0,0.0,0.0,0.0,0.0,0.0,0.0,0.0,0.0," 0]""",0.0,0.0,0.0,0.0,0.00021839141845700002,0.0,9.5367431640625e-07,9.5367431640625e-07,0.5009189814814811,0.5009201388888881,1.157407407407407e-06
848479856511,84847985651,1,0,1713257708,1.0,"""[0",0.0,0.0,0.0,0.0,0.0,0.0,0.0,0.0,0.0," 0]""",0.000279426574707,0.000140190124511,0.0,0.0,0.00021839141845700002,7.43865966796875e-05,8.20159912109375e-05,8.20159912109375e-05,0.507648919753086,0.5076496913580241,7.716049382716048e-07
848479856511,84847985651,1,0,1712866415,1.0,"""[0",0.0,0.0,0.0,0.0,0.0,0.0,0.0,0.0,0.0,"0]""",0.0,0.0,0.0,0.0,0.00021839141845700002,7.43865966796875e-05,8.106231689453125e-05,8.106231689453125e-05,0.5009201388888881,0.5009205246913581,3.858024691358024e-07
848479856511,84847985651,1,0,1713141410,1.0,"""[9.5367431640625e-07",9.5367431640625e-07,9.5367431640625e-07,9.5367431640625e-07,9.5367431640625e-07,9.5367431640625e-07,9.5367431640625e-07,9.5367431640625e-07,9.5367431640625e-07,9.5367431640625e-07," 9.5367431640625e-07]""",0.0,0.0,0.0,0.0,0.00021839141845700002,1.71661376953125e-05,2.3841857910156253e-05,2.3841857910156253e-05,0.507594135802469,0.507594521604938,3.858024691358024e-07
848479856511,84847985651,1,0,1713141410,1.0,"""[0",0.0,0.0,0.0,0.0,0.0,0.0,0.0,0.0,0.0," 0]""",0.000195503234863,3.910064697265625e-05,0.0,0.0,0.00021839141845700002,1.71661376953125e-05,2.4795532226562503e-05,2.4795532226562503e-05,0.5075922067901231,0.507594135802469,1.929012345679012e-06
848479856511,84847985651,1,0,1712866415,1.0,"""[1.52587890625e-05",1.52587890625e-05,1.52587890625e-05,1.52587890625e-05,1.52587890625e-05,1.52587890625e-05,1.52587890625e-05,1.52587890625e-05,1.52587890625e-05,1.52587890625e-05," 1.52587890625e-05]""",0.0,0.0,0.0,0.0,0.00021839141845700002,0.0,9.5367431640625e-07,9.5367431640625e-07,0.50091512345679,0.500915509259259,3.858024691358024e-07
848479856511,84847985651,1,0,2059474546,1.0,"""[2.7656555175781253e-05",2.7656555175781253e-05,5.245208740234376e-05,7.915496826171875e-05,0.00019359588623000002,0.0009241104125970001,0.0016422271728510002,0.0016555786132810002,0.00166893005371,0.003089904785156," 0.003089904785156]""",0.0030937194824210003,0.0012798309326170001,0.0,0.0,0.00021839141845700002,1.0490417480468752e-05,0.00010204315185500001,5.149841308593751e-05,0.508927469135802,0.5089293981481481,1.929012345679012e-06
848479856511,84847985651,1,0,1713301981,1.0,"""[2.2888183593750003e-05",2.2888183593750003e-05,0.00010585784912100001,0.00013637542724600002,0.00016689300537100002,0.000682830810546,0.001110076904296,0.001140594482421,0.001918792724609,0.0019950866699210003," 0.0019950866699210003]""",0.00198745727539,0.0009603500366210001,0.0,0.0,0.00021839141845700002,6.103515625e-05,0.000128746032714,9.250640869140626e-05,0.50242824074074,0.502430555555555,2.314814814814814e-06
848479856511,84847985651,1,0,1713141410,1.0,"""[7.62939453125e-06",7.62939453125e-06,7.62939453125e-06,7.62939453125e-06,7.62939453125e-06,7.62939453125e-06,7.62939453125e-06,7.62939453125e-06,7.62939453125e-06,7.62939453125e-06," 7.62939453125e-06]""",0.0,0.0,0.0,0.0,0.00021839141845700002,0.0,9.5367431640625e-07,9.5367431640625e-07,0.504034722222222,0.5040351080246911,3.858024691358024e-07
848479856511,84847985651,1,0,1713141410,1.0,"""[0.000195503234863",0.000195503234863,0.000713348388671,0.0007400512695310001,0.000986099243164,0.0011444091796870002,0.00130271911621,0.0019454956054680002,0.001972198486328,0.0029563903808590003," 0.0029563903808590003]""",0.0029563903808590003,0.0013198852539060002,0.0,0.0,0.00021839141845700002,5.722045898437501e-05,0.00013256072998000002,8.583068847656251e-05,0.5040351080246911,0.504037422839506,2.314814814814814e-06
848479856511,84847985651,1,0,2059474546,1.0,"""[0",0.0,0.0,0.0,0.0,0.0,0.0,0.0,0.0,0.0," 0]""",0.000439643859863,3.62396240234375e-05,0.0,0.0,0.00021839141845700002,9.5367431640625e-07,5.245208740234376e-05,1.3351440429687502e-05,0.5089293981481481,0.508932098765432,2.7006172839506168e-06
848479856511,84847985651,1,0,2059474546,1.0,"""[1.0490417480468752e-05",1.0490417480468752e-05,1.0490417480468752e-05,1.0490417480468752e-05,1.0490417480468752e-05,1.0490417480468752e-05,1.0490417480468752e-05,1.0490417480468752e-05,1.0490417480468752e-05,1.0490417480468752e-05," 1.0490417480468752e-05]""",0.0,0.0,0.0,0.0,0.00021839141845700002,0.0,9.5367431640625e-07,9.5367431640625e-07,0.508927083333333,0.508927469135802,3.858024691358024e-07
848479856511,84847985651,1,0,1713301981,1.0,"""[0",0.0,0.0,0.0,0.0,0.0,0.0,0.0,0.0,0.0," 0]""",0.00026512145996000004,4.386901855468751e-05,0.0,0.0,0.00021839141845700002,7.43865966796875e-05,8.20159912109375e-05,8.20159912109375e-05,0.502430555555555,0.50243287037037,2.314814814814814e-06
848479856511,84847985651,1,0,1713301981,1.0,"""[0",0.0,0.0,0.0,0.0,0.0,0.0,0.0,0.0,0.0," 0]""",0.00032615661621000004,6.4849853515625e-05,0.0,0.0,0.00021839141845700002,7.915496826171875e-05,8.678436279296876e-05,8.583068847656251e-05,0.5060790895061721,0.506081018518518,1.929012345679012e-06
848479856511,84847985651,1,0,1713257708,1.0,"""[2.7656555175781253e-05",2.7656555175781253e-05,5.245208740234376e-05,7.915496826171875e-05,0.00019359588623000002,0.0007047653198240001,0.001214981079101,0.00124168395996,0.00126838684082,0.003974914550781," 0.003974914550781]""",0.003974914550781,0.0010814666748040001,0.0,0.0,0.00021839141845700002,5.912780761718751e-05,0.000126838684082,9.059906005859376e-05,0.5076466049382711,0.507648919753086,2.314814814814814e-06
848479856511,84847985651,1,0,1713257708,1.0,"""[3.147125244140625e-05",3.147125244140625e-05,0.00010585784912100001,0.0001802444458,0.00021171569824200001,0.000550270080566,0.0008449554443350001,0.0008764266967770001,0.0015239715576170001,0.003929138183593001," 0.003929138183593001]""",0.003921508789062,0.00099754333496,0.0,0.0,0.00021839141845700002,4.768371582031251e-05,0.000129699707031,0.00010108947753900001,0.502703317901234,0.502706018518518,2.7006172839506168e-06
848479856511,84847985651,1,0,1713301981,1.0,"""[0",0.0,0.0,0.0,0.0,0.0,0.0,0.0,0.0,0.0," 0]""",0.0,0.0,0.0,0.0,0.00021839141845700002,0.0,9.5367431640625e-07,9.5367431640625e-07,0.5060794753086421,0.506081018518518,1.5432098765432092e-06
848479856511,84847985651,1,0,1713141410,1.0,"""[0",0.0,0.0,0.0,0.0,0.0,0.0,0.0,0.0,0.0," 0]""",0.0,0.0,0.0,0.0,0.00021839141845700002,0.0,9.5367431640625e-07,9.5367431640625e-07,0.507592978395061,0.507594135802469,1.157407407407407e-06
848479856511,84847985651,1,0,1713301981,1.0,"""[0",0.0,0.0,0.0,0.0,0.0,0.0,0.0,0.0,0.0,"0]""",0.0,0.0,0.0,0.0,0.00021839141845700002,7.915496826171875e-05,8.487701416015626e-05,8.487701416015626e-05,0.506081018518518,0.506081404320987,3.858024691358024e-07
848479856511,84847985651,1,0,21218149,1.0,"""[0",0.0,0.0,0.0,0.0,0.0,0.0,0.0,0.0,0.0,"0]""",0.0,0.0,0.0,0.0,0.00021839141845700002,0.0,9.5367431640625e-07,9.5367431640625e-07,0.5043695987654321,0.504369984567901,3.858024691358024e-07
848479856511,84847985651,1,0,2059474546,1.0,"""[0",0.0,0.0,0.0,0.0,0.0,0.0,0.0,0.0,0.0," 0]""",0.0,0.0,0.0,0.0,0.00021839141845700002,0.0,9.5367431640625e-07,9.5367431640625e-07,0.508932098765432,0.5089324845679011,3.858024691358024e-07
848479856511,84847985651,1,0,1713141410,1.0,"""[0",0.0,0.0,0.0,0.0,0.0,0.0,0.0,0.0,0.0," 0]""",0.0,0.0,0.0,0.0,0.00021839141845700002,0.0,9.5367431640625e-07,9.5367431640625e-07,0.507594135802469,0.507594521604938,3.858024691358024e-07
848479856511,84847985651,1,0,1713257708,1.0,"""[0",0.0,0.0,0.0,0.0,0.0,0.0,0.0,0.0,0.0," 0]""",0.0,0.0,0.0,0.0,0.00021839141845700002,0.0,9.5367431640625e-07,9.5367431640625e-07,0.507649305555555,0.5076496913580241,3.858024691358024e-07
848479856511,84847985651,1,0,1713301981,1.0,"""[0",0.0,0.0,0.0,0.0,0.0,0.0,0.0,0.0,0.0,"0]""",0.0,0.0,0.0,0.0,0.00021839141845700002,0.0,9.5367431640625e-07,9.5367431640625e-07,0.506081018518518,0.506081404320987,3.858024691358024e-07
848479856511,84847985651,1,0,1713301981,1.0,"""[0",0.0,0.0,0.0,0.0,0.0,0.0,0.0,0.0,0.0," 0]""",0.0,0.0,0.0,0.0,0.00021839141845700002,0.0,9.5367431640625e-07,9.5367431640625e-07,0.502430941358024,0.50243287037037,1.929012345679012e-06
848479856511,84847985651,1,0,20143068970,1.0,"""[1.52587890625e-05",1.52587890625e-05,7.05718994140625e-05,0.00010585784912100001,0.00014114379882800002,0.00019836425781200002,0.000255584716796,0.000555038452148,0.0015583038330070002,0.004280090332031," 0.004280090332031]""",0.004280090332031,0.0009603500366210001,0.0,0.0,0.00021839141845700002,5.340576171875001e-05,0.000135421752929,0.00010299682617100001,0.5052986111111111,0.505301311728395,2.7006172839506168e-06
848479856511,84847985651,1,0,1713257708,1.0,"""[0",0.0,0.0,0.0,0.0,0.0,0.0,0.0,0.0,0.0," 0]""",0.00017738342285100002,8.869171142578126e-05,0.0,0.0,0.00021839141845700002,7.724761962890625e-05,8.392333984375001e-05,8.392333984375001e-05,0.502706018518518,0.5027067901234561,7.716049382716048e-07
848479856511,84847985651,1,0,21218149,1.0,"""[0",0.0,0.0,0.0,0.0,0.0,0.0,0.0,0.0,0.0,"0]""",0.0,0.0,0.0,0.0,0.00021839141845700002,7.724761962890625e-05,8.296966552734376e-05,8.296966552734376e-05,0.5043695987654321,0.504369984567901,3.858024691358024e-07
848479856511,84847985651,1,0,1715004957,1.0,"""[0",0.0,0.0,0.0,0.0,0.0,0.0,0.0,0.0,0.0," 0]""",0.0,0.0,0.0,0.0,0.00021839141845700002,0.0,9.5367431640625e-07,9.5367431640625e-07,0.501913966049382,0.501914737654321,7.716049382716048e-07
848479856511,84847985651,1,0,2059474546,1.0,"""[0",0.0,0.0,0.0,0.0,0.0,0.0,0.0,0.0,0.0,"0]""",0.0,0.0,0.0,0.0,0.00021839141845700002,0.0,9.5367431640625e-07,9.5367431640625e-07,0.5042608024691351,0.504261188271604,3.858024691358024e-07
848479856511,84847985651,1,0,2059474546,1.0,"""[0",0.0,4.386901855468751e-05,6.580352783203125e-05,8.773803710937501e-05,0.00017642974853500002,0.00028610229492100005,0.001276016235351,0.0027732849121090003,0.004707336425781," 0.006072998046875001]""",0.004890441894531,0.001220703125,0.0,0.0,0.00021839141845700002,5.722045898437501e-05,0.000127792358398,0.00010395050048800001,0.504255015432098,0.504258487654321,3.4722222222222215e-06
848479856511,84847985651,1,0,2059474546,1.0,"""[0",0.0,0.0,0.0,0.0,0.0,0.0,0.0,0.0,0.0," 0]""",0.000221252441406,3.719329833984375e-05,0.0,0.0,0.00021839141845700002,7.534027099609375e-05,8.20159912109375e-05,8.20159912109375e-05,0.504258487654321,0.5042608024691351,2.314814814814814e-06
848479856511,84847985651,1,0,1712866415,1.0,"""[0",0.0,0.0,0.0,0.0,0.0,0.0,0.0,0.0,0.0,"0]""",0.0,0.0,0.0,0.0,0.00021839141845700002,0.0,9.5367431640625e-07,9.5367431640625e-07,0.5009201388888881,0.5009205246913581,3.858024691358024e-07
848479856511,84847985651,1,0,21218149,1.0,"""[0",0.0,0.0,9.5367431640625e-07,2.86102294921875e-06,3.814697265625e-06,5.7220458984375e-06,7.62939453125e-06,8.58306884765625e-06,8.58306884765625e-06," 8.58306884765625e-06]""",0.0,0.0,0.0,0.0,0.00021839141845700002,0.0,9.5367431640625e-07,9.5367431640625e-07,0.5043684413580241,0.5043695987654321,1.157407407407407e-06
848479856511,84847985651,1,0,21372228,1.0,"""[1.2397766113281252e-05",1.2397766113281252e-05,7.05718994140625e-05,0.00019359588623000002,0.0006256103515620001,0.0008363723754880001,0.001047134399414,0.002479553222656,0.002494812011718,0.00296401977539," 0.00296401977539]""",0.002494812011718,0.001115798950195,0.0,0.0,0.00021839141845700002,6.103515625e-05,0.000154495239257,0.00010299682617100001,0.502152777777777,0.50215586419753,3.0864197530864187e-06
848479856511,84847985651,1,0,1712866415,1.0,"""[0",0.0,2.6702880859375003e-05,0.00010585784912100001,0.00014114379882800002,0.0005941390991210001,0.001047134399414,0.0023612976074210003,0.0034942626953120004,0.004669189453125," 0.004669189453125]""",0.004707336425781,0.0016555786132810002,0.0,0.0,0.00021839141845700002,5.054473876953126e-05,0.00013256072998000002,9.727478027343751e-05,0.500915509259259,0.500918209876543,2.7006172839506168e-06
848479856511,84847985651,1,0,1712866415,1.0,"""[0",0.0,0.0,0.0,0.0,0.0,0.0,0.0,0.0,0.0," 0]""",0.000288963317871,5.817413330078126e-05,0.0,0.0,0.00021839141845700002,7.43865966796875e-05,8.20159912109375e-05,8.20159912109375e-05,0.500918209876543,0.5009201388888881,1.929012345679012e-06
848479856511,84847985651,1,0,2059474546,1.0,"""[0",0.0,0.0,0.0,0.0,0.0,0.0,0.0,0.0,0.0," 0]""",0.0,0.0,0.0,0.0,0.00021839141845700002,0.0,9.5367431640625e-07,9.5367431640625e-07,0.508930169753086,0.508932098765432,1.929012345679012e-06
848479856511,84847985651,1,0,1713257708,1.0,"""[9.5367431640625e-06",9.5367431640625e-06,9.5367431640625e-06,9.5367431640625e-06,9.5367431640625e-06,9.5367431640625e-06,9.5367431640625e-06,9.5367431640625e-06,9.5367431640625e-06,9.5367431640625e-06," 9.5367431640625e-06]""",0.0,0.0,0.0,0.0,0.00021839141845700002,0.0,9.5367431640625e-07,9.5367431640625e-07,0.502702932098765,0.502703317901234,3.858024691358024e-07
848479856511,84847985651,1,0,20143068970,1.0,"""[0",0.0,0.0,0.0,0.0,0.0,0.0,0.0,0.0,0.0," 0]""",0.00021076202392500003,3.528594970703125e-05,0.0,0.0,0.00021839141845700002,7.534027099609375e-05,8.20159912109375e-05,8.0108642578125e-05,0.505301311728395,0.505303626543209,2.314814814814814e-06
848479856511,84847985651,1,0,1715004957,1.0,"""[1.1444091796875002e-05",1.1444091796875002e-05,2.4795532226562503e-05,4.863739013671876e-05,7.915496826171875e-05,0.00019836425781200002,0.00124168395996,0.001272201538085,0.00130271911621,0.005386352539062," 0.005386352539062]""",0.004341125488281,0.001150131225585,0.0,0.0,0.00021839141845700002,5.722045898437501e-05,0.000126838684082,8.869171142578126e-05,0.5019112654320981,0.501913580246913,2.314814814814814e-06
848479856511,84847985651,1,0,198556190123,1.0,"""[0",0.0,0.0,0.0,0.0,0.0,0.0,0.0,0.0,0.0," 0]""",0.0018482208251950002,0.000616073608398,0.0,0.0,0.00021839141845700002,7.534027099609375e-05,8.106231689453125e-05,8.106231689453125e-05,0.5001442901234561,0.500145447530864,1.157407407407407e-06
848479856511,84847985651,1,0,20143068970,1.0,"""[0",0.0,0.0,0.0,0.0,0.0,0.0,0.0,0.0,0.0," 0]""",0.000288963317871,9.632110595703126e-05,0.0,0.0,0.00021839141845700002,7.534027099609375e-05,8.20159912109375e-05,8.20159912109375e-05,0.501539737654321,0.501540895061728,1.157407407407407e-06
848479856511,84847985651,1,0,20143068970,1.0,"""[0",0.0,0.0,0.0,0.0,0.0,0.0,0.0,0.0,0.0," 0]""",0.0,0.0,0.0,0.0,0.00021839141845700002,0.0,9.5367431640625e-07,9.5367431640625e-07,0.5053016975308641,0.505303626543209,1.929012345679012e-06
848479856511,84847985651,1,0,20143068970,1.0,"""[8.392333984375001e-05",8.392333984375001e-05,0.00018501281738200003,0.00021171569824200001,0.000501632690429,0.001298904418945,0.002094268798828,0.0030021667480460003,0.003028869628906,0.003242492675781," 0.003242492675781]""",0.003242492675781,0.001474380493164,0.0,0.0,0.00021839141845700002,6.771087646484375e-05,0.00013160705566400002,0.00010013580322200001,0.5015374228395061,0.501539737654321,2.314814814814814e-06
848479856511,84847985651,1,0,21372228,1.0,"""[0",0.0,0.0,0.0,0.0,0.0,0.0,0.0,0.0,0.0," 0]""",0.000201225280761,6.67572021484375e-05,0.0,0.0,0.00021839141845700002,9.727478027343751e-05,0.00010395050048800001,0.00010395050048800001,0.50215586419753,0.502157021604938,1.157407407407407e-06
848479856511,84847985651,1,0,1713141410,1.0,"""[0",0.0,0.0,0.0,0.0,0.0,0.0,0.0,0.0,0.0," 0]""",0.00039672851562500005,3.910064697265625e-05,0.0,0.0,0.00021839141845700002,7.534027099609375e-05,8.296966552734376e-05,8.296966552734376e-05,0.504037422839506,0.504039351851851,1.929012345679012e-06
848479856511,84847985651,1,0,1713257708,1.0,"""[0",0.0,0.0,0.0,0.0,0.0,0.0,0.0,0.0,0.0," 0]""",0.0,0.0,0.0,0.0,0.00021839141845700002,0.0,9.5367431640625e-07,9.5367431640625e-07,0.502706404320987,0.5027067901234561,3.858024691358024e-07
848479856511,84847985651,1,0,198556190123,1.0,"""[0",0.0,0.0,0.0,0.0,0.0,0.0,0.0,0.0,0.0," 0]""",0.0,0.0,0.0,0.0,0.00021839141845700002,0.0,9.5367431640625e-07,9.5367431640625e-07,0.500144675925925,0.500145447530864,7.716049382716048e-07
848479856511,84847985651,1,0,1713301981,1.0,"""[9.5367431640625e-06",9.5367431640625e-06,3.0517578125e-05,0.000149726867675,0.00018501281738200003,0.000506401062011,0.0008277893066400001,0.00139045715332,0.002307891845703,0.0031089782714840003," 0.0031089782714840003]""",0.00311279296875,0.001092910766601,0.0,0.0,0.00021839141845700002,5.149841308593751e-05,0.000135421752929,6.580352783203125e-05,0.5060763888888881,0.5060790895061721,2.7006172839506168e-06
