UniqJobId,collection_id,instance_index,priority,machine_id,sample_rate,cpu_usage_distribution1,cpu_usage_distribution2,cpu_usage_distribution3,cpu_usage_distribution4,cpu_usage_distribution5,cpu_usage_distribution6,cpu_usage_distribution7,cpu_usage_distribution8,cpu_usage_distribution9,cpu_usage_distribution10,cpu_usage_distribution11,max_cpu,avg_cpu,cycles_per_instruction,memory_accesses_per_instruction,assigned_memory,page_cache_memory,max_memory,avg_memory,start_time,end_time,time_window
862613391890,86261339189,0,0,1713489854,1.0,"""[0",0.0,0.0,0.0,0.0,0.0,0.0,0.0,0.0,0.0," 0]""",0.0,0.0,0.0,0.0,0.0016937255859370002,0.0,9.5367431640625e-07,9.5367431640625e-07,0.501403549382716,0.5014043209876541,7.716049382716048e-07
862613391890,86261339189,0,0,1712866415,1.0,"""[4.673004150390626e-05",0.00047779083251900005,0.000678062438964,0.0009727478027340001,0.00126838684082,0.0030174255371090003,0.005035400390625,0.005889892578125001,0.006278991699218001,0.006484985351562," 0.00726318359375]""",0.00726318359375,0.0032806396484370004,0.0,0.0,0.0016937255859370002,0.00041961669921800006,0.0013427734375,0.0007820129394530001,0.503106095679012,0.503116512345679,1.0416666666666661e-05
862613391890,86261339189,0,0,27331866,1.0,"""[1.3351440429687502e-05",1.3351440429687502e-05,1.3351440429687502e-05,1.3351440429687502e-05,1.3351440429687502e-05,1.3351440429687502e-05,1.3351440429687502e-05,1.3351440429687502e-05,1.3351440429687502e-05,1.3351440429687502e-05," 1.3351440429687502e-05]""",0.0,0.0,0.0,0.0,0.0016937255859370002,0.0,9.5367431640625e-07,9.5367431640625e-07,0.505090277777777,0.505090663580246,3.858024691358024e-07
862613391890,86261339189,0,0,20143010143,1.0,"""[0",0.0,0.0,0.0,0.0,0.0,0.0,0.0,0.0,0.0," 0]""",0.00035285949707000003,0.00017642974853500002,0.0,0.0,0.0016937255859370002,0.0006685256958000001,0.00068187713623,0.00068187713623,0.5003047839506171,0.500305555555555,7.716049382716048e-07
862613391890,86261339189,0,0,104790432119,1.0,"""[0",0.0,0.0,0.0,0.0,0.0,0.0,0.0,0.0,0.0," 0]""",0.0,0.0,0.0,0.0,0.0016937255859370002,0.0,1.9073486328125e-06,1.9073486328125e-06,0.501920910493827,0.501921296296296,3.858024691358024e-07
862613391890,86261339189,0,0,21365709,1.0,"""[0",0.00044441223144500003,0.000678062438964,0.0007171630859370001,0.0012950897216790001,0.00169563293457,0.0030632019042960003,0.0035514831542960003,0.005088806152343001,0.007514953613281," 0.008926391601562]""",0.008956909179687,0.002342224121093,0.0,0.0,0.0016937255859370002,0.00037765502929600005,0.0014362335205070002,0.000802993774414,0.5094830246913581,0.5094907407407401,7.71604938271605e-06
862613391890,86261339189,0,0,104790432119,1.0,"""[0",0.0,0.0,0.0,0.0,0.0,0.0,0.0,0.0,0.0," 0]""",0.0,0.0,0.0,0.0,0.0016937255859370002,0.0,1.9073486328125e-06,1.9073486328125e-06,0.5019201388888881,0.501920910493827,7.716049382716048e-07
862613391890,86261339189,0,0,104790432119,1.0,"""[0",0.0,0.0,0.0,0.0,0.0,0.0,0.0,0.0,0.0," 0]""",0.000306129455566,7.62939453125e-05,0.0,0.0,0.0016937255859370002,0.0006675720214840001,0.000684738159179,0.000684738159179,0.50191936728395,0.501920910493827,1.5432098765432092e-06
862613391890,86261339189,0,0,383868866699,1.0,"""[4.76837158203125e-06",4.76837158203125e-06,4.76837158203125e-06,4.76837158203125e-06,4.76837158203125e-06,4.76837158203125e-06,4.76837158203125e-06,4.76837158203125e-06,4.76837158203125e-06,4.76837158203125e-06," 4.76837158203125e-06]""",0.0,0.0,0.0,0.0,0.0016937255859370002,0.0,9.5367431640625e-07,9.5367431640625e-07,0.5004861111111111,0.50048649691358,3.858024691358024e-07
862613391890,86261339189,0,0,21250647,1.0,"""[0",0.0,0.0,0.0,0.0,0.0,0.0,0.0,0.0,0.0," 0]""",0.0,0.0,0.0,0.0,0.0016937255859370002,0.0,9.5367431640625e-07,9.5367431640625e-07,0.506600308641975,0.506600694444444,3.858024691358024e-07
862613391890,86261339189,0,0,21250647,1.0,"""[0",0.0,0.0,0.0,0.0,0.0,0.0,0.0,0.0,0.0," 0]""",0.000281333923339,7.05718994140625e-05,0.0,0.0,0.0016937255859370002,0.0006685256958000001,0.000682830810546,0.000682830810546,0.5065995370370371,0.506600694444444,1.157407407407407e-06
862613391890,86261339189,0,0,250623081695,1.0,"""[0",0.0,0.0,4.76837158203125e-06,1.3351440429687502e-05,2.1934509277343753e-05,3.0517578125e-05,4.00543212890625e-05,0.00035285949707000003,0.00035285949707000003," 0.00035285949707000003]""",0.00041961669921800006,0.00010490417480400001,0.0,0.0,0.0016937255859370002,0.00067138671875,0.0006933212280270001,0.0006933212280270001,0.504048225308642,0.504049768518518,1.5432098765432092e-06
862613391890,86261339189,0,0,21205043,1.0,"""[9.536743164062501e-05",9.536743164062501e-05,9.536743164062501e-05,9.536743164062501e-05,0.00689697265625,0.006935119628906,0.006973266601562,0.007316589355468001,0.007316589355468001,0.007316589355468001," 0.007316589355468001]""",0.007316589355468001,0.006843566894531,0.0,0.0,0.0016937255859370002,1.9073486328125e-06,0.0006904602050780001,0.0004968643188470001,0.506262731481481,0.5062638888888881,1.157407407407407e-06
862613391890,86261339189,0,0,373578599195,1.0,"""[0",0.0,0.0,0.0,0.0,0.0,0.0,0.0,0.0,0.0," 0]""",0.0,0.0,0.0,0.0,0.0016937255859370002,0.0,9.5367431640625e-07,9.5367431640625e-07,0.505457175925925,0.505458333333333,1.157407407407407e-06
862613391890,86261339189,0,0,250623081695,1.0,"""[6.198883056640625e-05",0.000536918640136,0.0006027221679680001,0.000730514526367,0.001184463500976,0.0013656616210930002,0.001638412475585,0.0054931640625,0.005867004394531,0.006706237792968001," 0.008285522460937]""",0.02325439453125,0.003173828125,0.0,0.0,0.0016937255859370002,0.00045680999755800004,0.0014400482177730001,0.000798225402832,0.504037422839506,0.504048225308642,1.080246913580246e-05
862613391890,86261339189,0,0,27331866,1.0,"""[0",0.0,0.0,0.0,9.5367431640625e-07,2.86102294921875e-06,4.76837158203125e-06,6.67572021484375e-06,6.67572021484375e-06,6.67572021484375e-06," 6.67572021484375e-06]""",0.0,0.0,0.0,0.0,0.0016937255859370002,0.0,9.5367431640625e-07,9.5367431640625e-07,0.50510223765432,0.505103009259259,7.716049382716048e-07
862613391890,86261339189,0,0,21394550,1.0,"""[4.386901855468751e-05",0.000550270080566,0.0007705688476560001,0.001298904418945,0.0013866424560540001,0.0015182495117180002,0.00235366821289,0.0036315917968750004,0.007659912109375001,0.007888793945312," 0.00836181640625]""",0.00836181640625,0.003105163574218,0.0,0.0,0.0016937255859370002,0.000399589538574,0.001367568969726,0.0006875991821280001,0.5088464506172841,0.508856095679012,9.645061728395062e-06
862613391890,86261339189,0,0,1578989065,1.0,"""[0",0.0,0.0,0.0,0.0,0.0,0.0,0.0,0.0,0.0," 0]""",0.0,0.0,0.0,0.0,0.0016937255859370002,0.0,9.5367431640625e-07,9.5367431640625e-07,0.5033348765432091,0.503335648148148,7.716049382716048e-07
862613391890,86261339189,0,0,383868866699,1.0,"""[0",0.0,0.0,0.0,0.0,0.0,0.0,0.0,0.0,0.0,"0]""",0.0,0.0,0.0,0.0,0.0016937255859370002,0.0006685256958000001,0.0006799697875970001,0.0006799697875970001,0.5004969135802471,0.500497299382716,3.858024691358024e-07
862613391890,86261339189,0,0,68787887719,1.0,"""[0",0.0,0.0,0.0033111572265620004,0.00333023071289,0.004180908203125,0.005050659179687,0.005088806152343001,0.005142211914062,0.005142211914062," 0.005142211914062]""",0.01019287109375,0.005081176757812,0.0,0.0,0.0016937255859370002,5.626678466796876e-05,0.000497817993164,0.000431060791015,0.5019023919753081,0.5019039351851851,1.5432098765432092e-06
862613391890,86261339189,0,0,250619362561,1.0,"""[0",0.0,0.0,0.0,0.0,0.0,0.0,0.0,0.0,0.0,"0]""",0.0,0.0,0.0,0.0,0.0016937255859370002,0.0,1.9073486328125e-06,1.9073486328125e-06,0.5091400462962961,0.509140432098765,3.858024691358024e-07
862613391890,86261339189,0,0,22761125,1.0,"""[0",0.0,0.0,0.0,0.0,0.0,0.0,0.0,0.0,0.0," 0]""",0.0,0.0,0.0,0.0,0.0016937255859370002,0.0,9.5367431640625e-07,9.5367431640625e-07,0.5072322530864191,0.507232638888888,3.858024691358024e-07
862613391890,86261339189,0,0,23336370,1.0,"""[4.959106445312501e-05",0.00019836425781200002,0.000550270080566,0.0009469985961910001,0.00125503540039,0.002090454101562,0.0037193298339840003,0.004798889160156,0.006935119628906,0.007560729980468001," 0.007774353027343001]""",0.007766723632812,0.003284454345703,0.0,0.0,0.0016937255859370002,0.000472068786621,0.00137710571289,0.0008554458618160001,0.5090277777777771,0.509037422839506,9.645061728395062e-06
862613391890,86261339189,0,0,19882909429,1.0,"""[3.147125244140625e-05",0.00010585784912100001,0.00023746490478500002,0.001991271972656,0.0038108825683590003,0.005744934082031,0.007316589355468001,0.007499694824218001,0.007606506347656,0.007736206054687," 0.007804870605468001]""",0.007789611816406,0.004966735839843001,0.0,0.0,0.0016937255859370002,0.000665664672851,0.0013484954833980001,0.001131057739257,0.5053240740740741,0.505329861111111,5.787037037037036e-06
862613391890,86261339189,0,0,21247078,1.0,"""[3.24249267578125e-05",0.00033473968505800004,0.000669479370117,0.0009593963623040001,0.001209259033203,0.0015411376953120002,0.001918792724609,0.006179809570312,0.007102966308593001,0.0076904296875," 0.007858276367187]""",0.00787353515625,0.003135681152343,0.0,0.0,0.0016937255859370002,0.000452041625976,0.001373291015625,0.0008077621459960001,0.5019432870370371,0.501953317901234,1.003086419753086e-05
862613391890,86261339189,0,0,22761125,1.0,"""[0",0.0,0.0,0.0,8.58306884765625e-06,2.1934509277343753e-05,3.528594970703125e-05,0.00018882751464800002,0.00018882751464800002,0.00018882751464800002," 0.00018882751464800002]""",0.000358581542968,0.00014591217041000002,0.0,0.0,0.0016937255859370002,0.000666618347167,0.00068187713623,0.00068187713623,0.5000366512345671,0.500037422839506,7.716049382716048e-07
862613391890,86261339189,0,0,250623081695,1.0,"""[0",0.0,0.0,0.0,0.0,0.0,0.0,0.0,0.0,0.0," 0]""",0.0,0.0,0.0,0.0,0.0016937255859370002,0.0,9.5367431640625e-07,9.5367431640625e-07,0.504049768518518,0.504050154320987,3.858024691358024e-07
862613391890,86261339189,0,0,21305997,1.0,"""[0",0.0,0.0,0.0,0.0,0.0,0.0,0.0,0.0,0.0," 0]""",0.000216484069824,5.435943603515626e-05,0.0,0.0,0.0016937255859370002,0.000665664672851,0.000677108764648,0.000676155090332,0.5055057870370371,0.5055073302469131,1.5432098765432092e-06
862613391890,86261339189,0,0,1575664044,1.0,"""[7.62939453125e-06",7.915496826171875e-05,0.0005989074707030001,0.0008096694946280001,0.001285552978515,0.001474380493164,0.0021934509277340003,0.00363540649414,0.006660461425781,0.007675170898437," 0.007888793945312]""",0.007888793945312,0.0029144287109370004,0.0,0.0,0.0016937255859370002,0.00042533874511700004,0.0014343261718750002,0.000788688659667,0.5056346450617281,0.505645447530864,1.080246913580246e-05
862613391890,86261339189,0,0,19875845169,1.0,"""[0",0.0,0.0,0.0,9.5367431640625e-07,9.5367431640625e-07,9.5367431640625e-07,9.5367431640625e-07,1.9073486328125e-06,1.9073486328125e-06," 1.9073486328125e-06]""",0.0019645690917960003,0.00020408630371000002,0.0,0.0,0.0016937255859370002,6.771087646484375e-05,8.0108642578125e-05,7.915496826171875e-05,0.504701388888888,0.504703703703703,2.314814814814814e-06
862613391890,86261339189,0,0,92038133274,1.0,"""[0",0.0,0.0,0.0,0.0,0.0,0.0,0.0,0.0,0.0," 0]""",0.000266075134277,5.340576171875001e-05,0.0,0.0,0.0016937255859370002,0.000669479370117,0.000688552856445,0.000688552856445,0.50301774691358,0.503019675925925,1.929012345679012e-06
862613391890,86261339189,0,0,68787887719,1.0,"""[3.4332275390625e-05",7.62939453125e-05,0.00021171569824200001,0.0005874633789060001,0.000950813293457,0.001089096069335,0.0015583038330070002,0.002479553222656,0.005035400390625,0.006210327148437," 0.007423400878906]""",0.007415771484375001,0.002128601074218,0.0,0.0,0.0016937255859370002,0.000473976135253,0.001359939575195,0.0008773803710930001,0.501885030864197,0.501900077160493,1.504629629629629e-05
862613391890,86261339189,0,0,75825628,1.0,"""[0",0.0,0.0,0.0,0.0,0.0,0.0,0.0,0.0,0.0," 0]""",0.00036716461181600005,6.771087646484375e-05,0.0,0.0,0.0016937255859370002,0.000665664672851,0.0006790161132810001,0.0006790161132810001,0.508125385802469,0.508126929012345,1.5432098765432092e-06
862613391890,86261339189,0,0,21243998,1.0,"""[0",0.0,0.0,0.0,0.0,0.0,0.0,0.0,0.0,0.0," 0]""",0.0,0.0,0.0,0.0,0.0016937255859370002,0.0,9.5367431640625e-07,9.5367431640625e-07,0.5047993827160491,0.504799768518518,3.858024691358024e-07
862613391890,86261339189,0,0,21394550,1.0,"""[8.58306884765625e-06",8.58306884765625e-06,8.58306884765625e-06,8.58306884765625e-06,8.58306884765625e-06,8.58306884765625e-06,8.58306884765625e-06,8.58306884765625e-06,8.58306884765625e-06,8.58306884765625e-06," 8.58306884765625e-06]""",0.0,0.0,0.0,0.0,0.0016937255859370002,0.0,1.9073486328125e-06,1.9073486328125e-06,0.508856481481481,0.5088568672839501,3.858024691358024e-07
862613391890,86261339189,0,0,21394550,1.0,"""[0",0.0,0.0,0.0,0.0,0.0,0.0,0.0,0.0,0.0,"0]""",0.000148773193359,0.000148773193359,0.0,0.0,0.0016937255859370002,0.000666618347167,0.0006790161132810001,0.0006790161132810001,0.508856481481481,0.5088568672839501,3.858024691358024e-07
862613391890,86261339189,0,0,21247078,1.0,"""[0",0.0,0.0,0.0,0.0,0.0,0.0,0.0,0.0,0.0,"0]""",0.0,0.0,0.0,0.0,0.0016937255859370002,0.0,9.5367431640625e-07,9.5367431640625e-07,0.5019429012345671,0.5019432870370371,3.858024691358024e-07
862613391890,86261339189,0,0,289092237157,1.0,"""[0",0.0,0.0,0.0,0.0,0.0,0.0,0.0,0.0,0.0,"0]""",0.0,0.0,0.0,0.0,0.0016937255859370002,0.0,9.5367431640625e-07,9.5367431640625e-07,0.507162037037037,0.5071624228395061,3.858024691358024e-07
862613391890,86261339189,0,0,1713257708,1.0,"""[0.001544952392578",0.001544952392578,0.001544952392578,0.001544952392578,0.004859924316406,0.004890441894531,0.004913330078125,0.005523681640625,0.005523681640625,0.005523681640625," 0.005523681640625]""",0.00154685974121,0.000773429870605,0.0,0.0,0.0016937255859370002,1.9073486328125e-06,1.52587890625e-05,8.58306884765625e-06,0.500653549382716,0.5006543209876541,7.716049382716048e-07
862613391890,86261339189,0,0,1712866415,1.0,"""[0",0.0,0.0,0.0,2.86102294921875e-06,6.67572021484375e-06,1.0490417480468752e-05,1.3351440429687502e-05,1.3351440429687502e-05,1.3351440429687502e-05," 1.3351440429687502e-05]""",0.0,0.0,0.0,0.0,0.0016937255859370002,0.0,9.5367431640625e-07,9.5367431640625e-07,0.5031168981481481,0.503117669753086,7.716049382716048e-07
862613391890,86261339189,0,0,104792005923,1.0,"""[5.626678466796876e-05",0.00010585784912100001,0.00038719177246000004,0.000664710998535,0.001039505004882,0.00125503540039,0.002616882324218,0.0032920837402340003,0.006095886230468001,0.008697509765625," 0.009170532226562]""",0.009170532226562,0.00308609008789,0.0,0.0,0.0016937255859370002,0.000452041625976,0.0013866424560540001,0.0006980895996090001,0.5023016975308641,0.5023105709876541,8.873456790123455e-06
862613391890,86261339189,0,0,7235052964,1.0,"""[0",0.0,0.0,0.0,0.0,0.0,0.0,0.0,0.0,0.0,"0]""",0.0,0.0,0.0,0.0,0.0016937255859370002,0.0,9.5367431640625e-07,9.5367431640625e-07,0.507076774691358,0.507077160493827,3.858024691358024e-07
862613391890,86261339189,0,0,383868866699,1.0,"""[7.62939453125e-05",0.000144958496093,0.000422477722167,0.000568389892578,0.0011043548583980001,0.0015621185302730001,0.0025901794433590003,0.003833770751953,0.007553100585937,0.00775146484375," 0.008132934570312]""",0.00811767578125,0.002765655517578,0.0,0.0,0.0016937255859370002,0.000440597534179,0.001367568969726,0.00074291229248,0.50048649691358,0.500495756172839,9.259259259259259e-06
862613391890,86261339189,0,0,21394550,1.0,"""[1.9073486328125e-06",1.9073486328125e-06,1.9073486328125e-06,1.9073486328125e-06,1.9073486328125e-06,1.9073486328125e-06,1.9073486328125e-06,1.9073486328125e-06,1.9073486328125e-06,1.9073486328125e-06," 1.9073486328125e-06]""",1.9073486328125e-06,1.9073486328125e-06,0.0,0.0,0.0016937255859370002,0.000666618347167,0.000676155090332,0.000676155090332,0.501351851851851,0.501352237654321,3.858024691358024e-07
862613391890,86261339189,0,0,1713257708,1.0,"""[9.5367431640625e-07",9.5367431640625e-07,9.5367431640625e-07,9.5367431640625e-07,9.5367431640625e-07,9.5367431640625e-07,9.5367431640625e-07,9.5367431640625e-07,9.5367431640625e-07,9.5367431640625e-07," 9.5367431640625e-07]""",0.0,0.0,0.0,0.0,0.0016937255859370002,0.0006856918334960001,0.000699996948242,0.000699996948242,0.500653549382716,0.5006539351851851,3.858024691358024e-07
862613391890,86261339189,0,0,1713489854,1.0,"""[0.00014591217041000002",0.00034332275390600004,0.00069522857666,0.0008983612060540001,0.001413345336914,0.001651763916015,0.0028076171875,0.004981994628906,0.007049560546875001,0.007347106933593001," 0.008377075195312]""",0.00836181640625,0.0030174255371090003,0.0,0.0,0.0016937255859370002,0.00043678283691400005,0.00139045715332,0.0007705688476560001,0.501391975308642,0.5014031635802471,1.118827160493827e-05
862613391890,86261339189,0,0,1713489854,1.0,"""[2.86102294921875e-06",2.86102294921875e-06,2.86102294921875e-06,2.86102294921875e-06,2.86102294921875e-06,2.86102294921875e-06,2.86102294921875e-06,2.86102294921875e-06,2.86102294921875e-06,2.86102294921875e-06," 2.86102294921875e-06]""",2.86102294921875e-06,2.86102294921875e-06,0.0,0.0,0.0016937255859370002,0.000666618347167,0.00068187713623,0.00068187713623,0.5014043209876541,0.5014047067901231,3.858024691358024e-07
862613391890,86261339189,0,0,3121287064,1.0,"""[0.00039386749267500003",0.00039386749267500003,0.00039386749267500003,0.0033111572265620004,0.00333023071289,0.003456115722656,0.0035820007324210003,0.00360107421875,0.003944396972656,0.003944396972656," 0.003944396972656]""",0.004730224609375,0.002998352050781,0.0,0.0,0.0016937255859370002,5.340576171875001e-05,0.00045108795166,0.00033378601074200004,0.5019945987654321,0.5019961419753081,1.5432098765432092e-06
862613391890,86261339189,0,0,21205043,1.0,"""[3.814697265625e-05",0.00021171569824200001,0.000642776489257,0.001117706298828,0.00130271911621,0.0019149780273430002,0.003776550292968,0.005508422851562,0.006446838378906,0.006629943847656," 0.007461547851562]""",0.007469177246093001,0.003166198730468,0.0,0.0,0.0016937255859370002,0.00045585632324200004,0.001375198364257,0.0008459091186520001,0.5062500000000001,0.5062608024691351,1.080246913580246e-05
862613391890,86261339189,0,0,27331866,1.0,"""[2.9563903808593753e-05",0.000580787658691,0.0009422302246090001,0.001346588134765,0.001796722412109,0.003608703613281,0.004592895507812,0.005584716796875001,0.005867004394531,0.006416320800781," 0.007209777832031]""",0.007217407226562,0.0033226013183590003,0.0,0.0,0.0016937255859370002,0.0005226135253900001,0.0013580322265620002,0.0009593963623040001,0.5050925925925921,0.505101466049382,8.873456790123455e-06
862613391890,86261339189,0,0,104791355579,1.0,"""[0",0.0,0.0,0.0,0.0,0.0,0.0,0.0,0.0,0.0," 0]""",0.0,0.0,0.0,0.0,0.0016937255859370002,0.0,9.5367431640625e-07,9.5367431640625e-07,0.50796836419753,0.507970679012345,2.314814814814814e-06
862613391890,86261339189,0,0,104792005923,1.0,"""[0",0.0,0.0,0.0,0.0,0.0,0.0,0.0,0.0,0.0," 0]""",0.00033473968505800004,4.768371582031251e-05,0.0,0.0,0.0016937255859370002,0.0006685256958000001,0.0006866455078120001,0.0006856918334960001,0.5023105709876541,0.502313271604938,2.7006172839506168e-06
862613391890,86261339189,0,0,21205043,1.0,"""[0",0.0,0.0,0.0,0.0,0.0,0.0,0.0,0.0,0.0," 0]""",0.0,0.0,0.0,0.0,0.0016937255859370002,0.0,9.5367431640625e-07,9.5367431640625e-07,0.506261574074074,0.506261959876543,3.858024691358024e-07
862613391890,86261339189,0,0,21205043,1.0,"""[0",0.0,0.0,0.0,0.0,0.0,0.0,0.0,0.0,0.0," 0]""",0.0,0.0,0.0,0.0,0.0016937255859370002,0.0,9.5367431640625e-07,9.5367431640625e-07,0.506261188271604,0.506261574074074,3.858024691358024e-07
862613391890,86261339189,0,0,27331866,1.0,"""[2.86102294921875e-06",2.86102294921875e-06,2.86102294921875e-06,2.86102294921875e-06,2.86102294921875e-06,2.86102294921875e-06,2.86102294921875e-06,2.86102294921875e-06,2.86102294921875e-06,2.86102294921875e-06," 2.86102294921875e-06]""",0.0,0.0,0.0,0.0,0.0016937255859370002,0.000666618347167,0.0006799697875970001,0.0006799697875970001,0.505103009259259,0.5051033950617281,3.858024691358024e-07
862613391890,86261339189,0,0,22761125,1.0,"""[0",0.0,0.0,0.0,0.0,0.0,0.0,0.0,0.0,0.0," 0]""",0.000259399414062,0.000129699707031,0.0,0.0,0.0016937255859370002,0.0006685256958000001,0.0006866455078120001,0.0006866455078120001,0.5072318672839501,0.507232638888888,7.716049382716048e-07
862613391890,86261339189,0,0,22761125,1.0,"""[0",0.0,0.0,0.0,0.0,0.0,0.0,0.0,0.0,0.0,"0]""",0.0,0.0,0.0,0.0,0.0016937255859370002,0.0,9.5367431640625e-07,9.5367431640625e-07,0.500037422839506,0.500037808641975,3.858024691358024e-07
862613391890,86261339189,0,0,21389249,1.0,"""[0.0023918151855460003",0.0023918151855460003,0.0023918151855460003,0.0023918151855460003,0.0023918151855460003,0.005195617675781,0.00799560546875,0.00799560546875,0.00799560546875,0.00799560546875," 0.00799560546875]""",0.0023918151855460003,0.0007972717285150001,0.0,0.0,0.0016937255859370002,0.0,3.24249267578125e-05,2.1934509277343753e-05,0.507791280864197,0.507792438271604,1.157407407407407e-06
862613391890,86261339189,0,0,23336370,1.0,"""[0",0.0,0.0,0.0,0.0,0.0,0.0,0.0,0.0,0.0," 0]""",0.0,0.0,0.0,0.0,0.0016937255859370002,0.0,9.5367431640625e-07,9.5367431640625e-07,0.5090381944444441,0.5090385802469131,3.858024691358024e-07
862613391890,86261339189,0,0,21205043,1.0,"""[0",0.0,0.0,0.0,0.0,0.0,0.0,0.0,0.0,0.0," 0]""",0.000310897827148,6.198883056640625e-05,0.0,0.0,0.0016937255859370002,0.0006065368652340001,0.0006866455078120001,0.0006866455078120001,0.5062608024691351,0.506262731481481,1.929012345679012e-06
862613391890,86261339189,0,0,32973545973,1.0,"""[0",0.0,0.0,0.0,0.0,0.0,0.0,0.0,0.0,0.0,"0]""",0.0,0.0,0.0,0.0,0.0016937255859370002,0.0,9.5367431640625e-07,9.5367431640625e-07,0.50420524691358,0.504205632716049,3.858024691358024e-07
862613391890,86261339189,0,0,21243998,1.0,"""[0",0.0,0.0,0.0,0.0,0.0,0.0,0.0,0.0,0.0," 0]""",0.00022983551025300002,0.000115394592285,0.0,0.0,0.0016937255859370002,0.000678062438964,0.0007514953613280001,0.0007228851318350001,0.504798611111111,0.5047993827160491,7.716049382716048e-07
862613391890,86261339189,0,0,19875845169,1.0,"""[0.001222610473632",0.001222610473632,0.001222610473632,0.001222610473632,0.002166748046875,0.0021781921386710003,0.0021934509277340003,0.004707336425781,0.004707336425781,0.004707336425781," 0.004707336425781]""",0.004707336425781,0.0033378601074210003,0.0,0.0,0.0016937255859370002,4.673004150390626e-05,0.000683784484863,0.00047016143798800006,0.504700231481481,0.504701388888888,1.157407407407407e-06
862613391890,86261339189,0,0,1713141410,1.0,"""[0",0.0,0.0,0.0,0.0,0.0,0.0,0.0,0.0,0.0," 0]""",0.00020885467529200002,0.00010490417480400001,0.0,0.0,0.0016937255859370002,0.0006685256958000001,0.000683784484863,0.000683784484863,0.503302469135802,0.5033032407407401,7.716049382716048e-07
862613391890,86261339189,0,0,373578599195,1.0,"""[0",0.0,0.0,0.0,0.0,0.0,0.0,0.0,0.0,0.0,"0]""",0.0,0.0,0.0,0.0,0.0016937255859370002,0.0006685256958000001,0.0006856918334960001,0.0006856918334960001,0.505457947530864,0.505458333333333,3.858024691358024e-07
862613391890,86261339189,0,0,22761125,1.0,"""[9.5367431640625e-07",9.5367431640625e-07,9.5367431640625e-07,9.5367431640625e-07,9.5367431640625e-07,9.5367431640625e-07,9.5367431640625e-07,9.5367431640625e-07,9.5367431640625e-07,9.5367431640625e-07," 9.5367431640625e-07]""",0.0,0.0,0.0,0.0,0.0016937255859370002,0.0006685256958000001,0.0006856918334960001,0.0006856918334960001,0.507232638888888,0.507233024691358,3.858024691358024e-07
862613391890,86261339189,0,0,383868866699,1.0,"""[0",0.0,0.0,0.0,0.0,0.0,0.0,0.0,0.0,0.0," 0]""",0.000281333923339,9.346008300781251e-05,0.0,0.0,0.0016937255859370002,0.0006685256958000001,0.00068187713623,0.000680923461914,0.500495756172839,0.5004969135802471,1.157407407407407e-06
862613391890,86261339189,0,0,21389249,1.0,"""[0",0.0,0.0,0.0,0.0,5.7220458984375e-06,1.1444091796875002e-05,1.1444091796875002e-05,1.1444091796875002e-05,1.1444091796875002e-05," 1.1444091796875002e-05]""",0.0,0.0,0.0,0.0,0.0016937255859370002,0.0,9.5367431640625e-07,9.5367431640625e-07,0.507790895061728,0.507791280864197,3.858024691358024e-07
862613391890,86261339189,0,0,1713489854,1.0,"""[0",0.0,0.0,0.0,0.0,0.0,0.0,0.0,0.0,0.0," 0]""",0.0,0.0,0.0,0.0,0.0016937255859370002,0.0,9.5367431640625e-07,9.5367431640625e-07,0.5014043209876541,0.5014047067901231,3.858024691358024e-07
862613391890,86261339189,0,0,3121287064,1.0,"""[0",0.0,0.0,0.0,0.0,0.0,0.0,0.0,0.0,0.0," 0]""",0.00044727325439400005,0.000148773193359,0.0,0.0,0.0016937255859370002,0.000665664672851,0.000678062438964,0.000678062438964,0.501992669753086,0.501993827160493,1.157407407407407e-06
862613391890,86261339189,0,0,21365709,1.0,"""[0",0.0,0.0,7.62939453125e-06,1.4305114746093752e-05,2.1934509277343753e-05,2.9563903808593753e-05,3.62396240234375e-05,0.00010013580322200001,0.000155448913574," 0.000155448913574]""",0.00036525726318300004,7.343292236328125e-05,0.0,0.0,0.0016937255859370002,0.0006675720214840001,0.000683784484863,0.000682830810546,0.509493055555555,0.509494984567901,1.929012345679012e-06
862613391890,86261339189,0,0,1713489854,1.0,"""[0",0.0,0.0,0.0,0.0,7.62939453125e-06,1.52587890625e-05,1.52587890625e-05,1.52587890625e-05,1.52587890625e-05," 1.52587890625e-05]""",0.0,0.0,0.0,0.0,0.0016937255859370002,0.0,9.5367431640625e-07,9.5367431640625e-07,0.501391589506172,0.501391975308642,3.858024691358024e-07
862613391890,86261339189,0,0,21365709,1.0,"""[0",0.0,0.0,0.0,0.0,0.0,0.0,0.0,0.0,0.0," 0]""",0.0,0.0,0.0,0.0,0.0016937255859370002,0.0,1.9073486328125e-06,1.9073486328125e-06,0.509493441358024,0.509494984567901,1.5432098765432092e-06
862613391890,86261339189,0,0,198556190123,1.0,"""[0.0017032623291010002",0.0017032623291010002,0.0017032623291010002,0.0017032623291010002,0.0017032623291010002,0.0017032623291010002,0.0017032623291010002,0.0017032623291010002,0.0017032623291010002,0.0017032623291010002," 0.0017032623291010002]""",0.0,0.0,0.0,0.0,0.0016937255859370002,0.0,9.5367431640625e-07,9.5367431640625e-07,0.503356481481481,0.50335686728395,3.858024691358024e-07
862613391890,86261339189,0,0,68787887719,1.0,"""[7.62939453125e-06",7.62939453125e-06,7.62939453125e-06,7.62939453125e-06,7.62939453125e-06,7.62939453125e-06,7.62939453125e-06,7.62939453125e-06,7.62939453125e-06,7.62939453125e-06," 7.62939453125e-06]""",0.0,0.0,0.0,0.0,0.0016937255859370002,0.0,9.5367431640625e-07,9.5367431640625e-07,0.501884645061728,0.501885030864197,3.858024691358024e-07
862613391890,86261339189,0,0,1575664044,1.0,"""[0",0.0,0.0,4.76837158203125e-06,1.3351440429687502e-05,2.1934509277343753e-05,3.0517578125e-05,4.00543212890625e-05,0.00020694732666000002,0.00020694732666000002," 0.00020694732666000002]""",0.000269889831542,9.059906005859376e-05,0.0,0.0,0.0016937255859370002,0.000666618347167,0.0006866455078120001,0.0006866455078120001,0.505645447530864,0.5056466049382711,1.157407407407407e-06
862613391890,86261339189,0,0,21389249,1.0,"""[0",0.0,0.0,0.005477905273437,0.005508422851562,0.00567626953125,0.005844116210937,0.005882263183593001,0.006561279296875001,0.006561279296875001," 0.006561279296875001]""",0.011322021484375002,0.0076904296875,0.0,0.0,0.0016937255859370002,3.814697265625e-06,0.000672340393066,0.00036525726318300004,0.507792824074074,0.507793981481481,1.157407407407407e-06
862613391890,86261339189,0,0,40486423651,1.0,"""[0",0.0,0.0,0.0,0.0,0.0,0.0,0.0,0.0,0.0," 0]""",0.0,0.0,0.0,0.0,0.0016937255859370002,0.0,9.5367431640625e-07,9.5367431640625e-07,0.5082484567901231,0.5082488425925921,3.858024691358024e-07
862613391890,86261339189,0,0,19882521359,1.0,"""[0",0.0,0.0,0.0,0.0,0.0,0.0,0.0,0.0,0.0," 0]""",0.00039672851562500005,9.536743164062501e-05,0.0,0.0,0.0016937255859370002,0.0006685256958000001,0.000682830810546,0.000682830810546,0.501164737654321,0.501165895061728,1.157407407407407e-06
862613391890,86261339189,0,0,373217088339,1.0,"""[0",0.0,4.76837158203125e-06,1.0490417480468752e-05,1.621246337890625e-05,2.1934509277343753e-05,2.7656555175781253e-05,3.337860107421875e-05,4.00543212890625e-05,0.00022983551025300002," 0.00022983551025300002]""",0.001237869262695,4.291534423828126e-05,0.0,0.0,0.0016937255859370002,0.0006675720214840001,0.0007524490356440001,0.000696182250976,0.508721836419753,0.508724922839506,3.0864197530864187e-06
862613391890,86261339189,0,0,250623081695,1.0,"""[0",0.0,0.0,0.0,0.0,0.0,0.0,0.0,0.0,0.0," 0]""",0.0,0.0,0.0,0.0,0.0016937255859370002,0.0,9.5367431640625e-07,9.5367431640625e-07,0.5040489969135801,0.504049768518518,7.716049382716048e-07
862613391890,86261339189,0,0,21205043,1.0,"""[1.4305114746093752e-05",1.4305114746093752e-05,1.4305114746093752e-05,1.4305114746093752e-05,1.4305114746093752e-05,1.4305114746093752e-05,1.4305114746093752e-05,1.4305114746093752e-05,1.4305114746093752e-05,1.4305114746093752e-05," 1.4305114746093752e-05]""",0.0,0.0,0.0,0.0,0.0016937255859370002,0.0,9.5367431640625e-07,9.5367431640625e-07,0.5062488425925921,0.506249228395061,3.858024691358024e-07
862613391890,86261339189,0,0,359810944959,1.0,"""[0",0.0,0.0,0.0,0.0,0.0,0.0,0.0,0.0,0.0," 0]""",0.0,0.0,0.0,0.0,0.0016937255859370002,0.0,9.5367431640625e-07,9.5367431640625e-07,0.5085844907407401,0.508586419753086,1.929012345679012e-06
862613391890,86261339189,0,0,32973545973,1.0,"""[8.58306884765625e-06",8.58306884765625e-06,8.58306884765625e-06,8.58306884765625e-06,8.58306884765625e-06,8.58306884765625e-06,8.58306884765625e-06,8.58306884765625e-06,8.58306884765625e-06,8.58306884765625e-06," 8.58306884765625e-06]""",0.0,0.0,0.0,0.0,0.0016937255859370002,0.0,9.5367431640625e-07,9.5367431640625e-07,0.504193672839506,0.5041940586419751,3.858024691358024e-07
862613391890,86261339189,0,0,21250647,1.0,"""[0",0.0,0.0,0.0,0.0,0.0,0.0,0.0,0.0,0.0,"0]""",0.0,0.0,0.0,0.0,0.0016937255859370002,0.0,9.5367431640625e-07,9.5367431640625e-07,0.5065891203703701,0.506589506172839,3.858024691358024e-07
862613391890,86261339189,0,0,32973545973,1.0,"""[0",0.0,0.0,0.0,0.0,0.0,0.0,0.0,0.0,0.0,"0]""",0.0,0.0,0.0,0.0,0.0016937255859370002,0.000680923461914,0.0006923675537100001,0.0006923675537100001,0.50420524691358,0.504205632716049,3.858024691358024e-07
862613391890,86261339189,0,0,1578989065,1.0,"""[0",0.0,0.0,0.0,0.0,3.719329833984375e-05,7.43865966796875e-05,7.43865966796875e-05,7.43865966796875e-05,7.43865966796875e-05," 7.43865966796875e-05]""",0.006202697753906,9.441375732421876e-05,0.0,0.0,0.0016937255859370002,0.0006685256958000001,0.000678062438964,0.000678062438964,0.50333449074074,0.503335648148148,1.157407407407407e-06
862613391890,86261339189,0,0,7235052964,1.0,"""[0",0.0,0.0,2.1934509277343753e-05,0.00013160705566400002,0.00024223327636700001,0.00037384033203100004,0.000506401062011,0.001976013183593,0.003425598144531," 0.003425598144531]""",0.003421783447265,0.001049041748046,0.0,0.0,0.0016937255859370002,0.0,6.580352783203125e-05,5.531311035156251e-05,0.507078317901234,0.507079861111111,1.5432098765432092e-06
862613391890,86261339189,0,0,373578599195,1.0,"""[0",0.0,0.0,0.0,0.0,6.29425048828125e-05,0.000124931335449,0.000124931335449,0.000124931335449,0.000124931335449," 0.000124931335449]""",0.007438659667968001,0.000185966491699,0.0,0.0,0.0016937255859370002,0.0006685256958000001,0.0006866455078120001,0.0006866455078120001,0.505456790123456,0.505457947530864,1.157407407407407e-06
862613391890,86261339189,0,0,19882909429,1.0,"""[0",0.0,0.0,0.0,0.0,0.0,0.0,0.0,0.0,0.0," 0]""",0.000280380249023,0.000140190124511,0.0,0.0,0.0016937255859370002,0.000670433044433,0.000683784484863,0.000683784484863,0.505329861111111,0.505330632716049,7.716049382716048e-07
862613391890,86261339189,0,0,21243998,1.0,"""[6.008148193359376e-05",0.00023078918457,0.000528335571289,0.0009899139404290001,0.0013198852539060002,0.0015621185302730001,0.0028381347656250004,0.004890441894531,0.00726318359375,0.00799560546875," 0.008804321289062]""",0.008804321289062,0.003162384033203,0.0,0.0,0.0016937255859370002,0.000399589538574,0.001359939575195,0.0007247924804680001,0.5047889660493821,0.504798611111111,9.645061728395062e-06
862613391890,86261339189,0,0,1712866415,1.0,"""[0",0.0,0.0,0.0,0.0,0.0,0.0,0.0,0.0,0.0,"0]""",0.0,0.0,0.0,0.0,0.0016937255859370002,0.000665664672851,0.000677108764648,0.000677108764648,0.503117669753086,0.503118055555555,3.858024691358024e-07
862613391890,86261339189,0,0,21247078,1.0,"""[0",0.0,0.0,0.0,0.0,8.58306884765625e-06,1.621246337890625e-05,1.621246337890625e-05,1.621246337890625e-05,1.621246337890625e-05," 1.621246337890625e-05]""",1.621246337890625e-05,8.58306884765625e-06,0.0,0.0,0.0016937255859370002,0.0,9.5367431640625e-07,9.5367431640625e-07,0.501942129629629,0.5019429012345671,7.716049382716048e-07
862613391890,86261339189,0,0,40486423651,1.0,"""[1.9073486328125e-06",1.9073486328125e-06,1.9073486328125e-06,1.9073486328125e-06,1.9073486328125e-06,1.9073486328125e-06,1.9073486328125e-06,1.9073486328125e-06,1.9073486328125e-06,1.9073486328125e-06," 1.9073486328125e-06]""",0.0,0.0,0.0,0.0,0.0016937255859370002,0.0006675720214840001,0.00068187713623,0.00068187713623,0.5082484567901231,0.5082488425925921,3.858024691358024e-07
862613391890,86261339189,0,0,92038133274,1.0,"""[3.147125244140625e-05",0.00013637542724600002,0.000536918640136,0.001070022583007,0.0011749267578120002,0.0013866424560540001,0.002006530761718,0.004463195800781,0.007369995117187,0.00830078125," 0.0087890625]""",0.008560180664062,0.0030822753906250004,0.0,0.0,0.0016937255859370002,0.00045585632324200004,0.001407623291015,0.00074291229248,0.5030096450617281,0.50301774691358,8.10185185185185e-06
862613391890,86261339189,0,0,1713257708,1.0,"""[0",0.0,0.0,0.0,8.58306884765625e-06,2.1934509277343753e-05,3.528594970703125e-05,0.00021553039550700003,0.00021553039550700003,0.00021553039550700003," 0.00021553039550700003]""",0.000226974487304,9.059906005859376e-05,0.0,0.0,0.0016937255859370002,0.0006856918334960001,0.000700950622558,0.000699996948242,0.5006523919753081,0.500653549382716,1.157407407407407e-06
862613391890,86261339189,0,0,68787887719,1.0,"""[0",0.0,0.0,0.0,0.0,0.0,0.0,0.0,0.0,0.0," 0]""",0.0,0.0,0.0,0.0,0.0016937255859370002,0.0,9.5367431640625e-07,9.5367431640625e-07,0.5019004629629631,0.5019008487654321,3.858024691358024e-07
862613391890,86261339189,0,0,198556190123,1.0,"""[0",0.0,0.0,0.0,0.0,9.5367431640625e-07,9.5367431640625e-07,9.5367431640625e-07,9.5367431640625e-07,9.5367431640625e-07," 9.5367431640625e-07]""",0.0,0.0,0.0,0.0,0.0016937255859370002,6.198883056640625e-05,7.05718994140625e-05,6.961822509765625e-05,0.503358410493827,0.50336149691358,3.0864197530864187e-06
862613391890,86261339189,0,0,21205043,1.0,"""[0",0.0,0.0,0.0,9.5367431640625e-07,9.5367431640625e-07,9.5367431640625e-07,9.5367431640625e-07,1.9073486328125e-06,1.9073486328125e-06," 1.9073486328125e-06]""",0.00030326843261700004,5.054473876953126e-05,0.0,0.0,0.0016937255859370002,1.9073486328125e-06,1.1444091796875002e-05,1.0490417480468752e-05,0.506265046296296,0.506267361111111,2.314814814814814e-06
862613391890,86261339189,0,0,21305997,1.0,"""[9.5367431640625e-07",9.5367431640625e-07,9.5367431640625e-07,9.5367431640625e-07,9.5367431640625e-07,9.5367431640625e-07,9.5367431640625e-07,9.5367431640625e-07,9.5367431640625e-07,9.5367431640625e-07," 9.5367431640625e-07]""",0.0,0.0,0.0,0.0,0.0016937255859370002,0.000665664672851,0.0006752014160150001,0.0006752014160150001,0.5055073302469131,0.505507716049382,3.858024691358024e-07
862613391890,86261339189,0,0,21394550,1.0,"""[0",0.0,0.0,0.0,0.0,0.0,0.0,0.0,0.0,0.0," 0]""",0.000179290771484,4.482269287109376e-05,0.0,0.0,0.0016937255859370002,0.000666618347167,0.000678062438964,0.000678062438964,0.501350308641975,0.501351851851851,1.5432098765432092e-06
862613391890,86261339189,0,0,21389249,1.0,"""[5.340576171875001e-05",0.000499725341796,0.0008983612060540001,0.0013256072998040001,0.0015316009521480001,0.002445220947265,0.004104614257812,0.004608154296875,0.005157470703125,0.005264282226562," 0.005783081054687]""",0.005783081054687,0.00284194946289,0.0,0.0,0.0016937255859370002,0.00043773651123000005,0.001352310180664,0.0008745193481440001,0.507776234567901,0.5077905092592591,1.4274691358024692e-05
862613391890,86261339189,0,0,373217088339,1.0,"""[0",0.0,0.0,0.0,0.0,0.0,0.0,0.0,0.0,0.0," 0]""",0.0,0.0,0.0,0.0,0.0016937255859370002,0.0,9.5367431640625e-07,9.5367431640625e-07,0.508722608024691,0.508724922839506,2.314814814814814e-06
862613391890,86261339189,0,0,1712866415,1.0,"""[0",0.0,0.0,0.0,0.0,0.0,0.0,0.0,0.0,0.0," 0]""",0.000493049621582,0.000149726867675,0.0,0.0,0.0016937255859370002,0.000665664672851,0.0006790161132810001,0.0006790161132810001,0.503116512345679,0.503117669753086,1.157407407407407e-06
862613391890,86261339189,0,0,40486423651,1.0,"""[0",0.000290870666503,0.000713348388671,0.000871658325195,0.0012950897216790001,0.0015182495117180002,0.0023155212402340003,0.003486633300781,0.007637023925781,0.008087158203125," 0.00830078125]""",0.00830078125,0.002998352050781,0.0,0.0,0.0016937255859370002,0.000421524047851,0.001373291015625,0.0007715225219720001,0.5082380401234561,0.508248070987654,1.003086419753086e-05
862613391890,86261339189,0,0,1578989065,1.0,"""[0.00039291381835900003",0.0008058547973630001,0.00124168395996,0.001338958740234,0.001382827758789,0.001871109008789,0.0019283294677730001,0.005477905273437,0.005706787109375001,0.006378173828125001," 0.009201049804687]""",0.0286865234375,0.003173828125,0.0,0.0,0.0016937255859370002,0.00041770935058500004,0.001346588134765,0.0007104873657220001,0.5033256172839501,0.50333449074074,8.873456790123455e-06
862613391890,86261339189,0,0,75825628,1.0,"""[5.149841308593751e-05",0.00036525726318300004,0.000555038452148,0.0006141662597650001,0.001153945922851,0.001298904418945,0.00250244140625,0.005119323730468001,0.007583618164062,0.008102416992187," 0.0081787109375]""",0.0081787109375,0.0031585693359370004,0.0,0.0,0.0016937255859370002,0.00041961669921800006,0.001375198364257,0.0007295608520500001,0.508116512345679,0.508125385802469,8.873456790123455e-06
862613391890,86261339189,0,0,19875845169,1.0,"""[0",0.0,0.0,0.0,0.0,0.0,0.0,0.0,0.0,0.0,"0]""",0.0,0.0,0.0,0.0,0.0,0.0,9.5367431640625e-07,9.5367431640625e-07,0.504698302469135,0.504698688271604,3.858024691358024e-07
862613391890,86261339189,0,0,104790432119,1.0,"""[9.5367431640625e-07",9.5367431640625e-07,9.5367431640625e-07,9.5367431640625e-07,9.5367431640625e-07,9.5367431640625e-07,9.5367431640625e-07,9.5367431640625e-07,9.5367431640625e-07,9.5367431640625e-07," 9.5367431640625e-07]""",0.0,0.0,0.0,0.0,0.0016937255859370002,0.0006675720214840001,0.000684738159179,0.000684738159179,0.501920910493827,0.501921296296296,3.858024691358024e-07
862613391890,86261339189,0,0,68787887719,1.0,"""[0",0.0,0.0,0.0,0.0,0.0,0.0,0.0,0.0,0.0,"0]""",0.0,0.0,0.0,0.0,0.0016937255859370002,0.0,9.5367431640625e-07,9.5367431640625e-07,0.5019008487654321,0.501901234567901,3.858024691358024e-07
862613391890,86261339189,0,0,22761125,1.0,"""[0",0.0,0.0,0.0,0.0,6.67572021484375e-06,1.3351440429687502e-05,1.3351440429687502e-05,1.3351440429687502e-05,1.3351440429687502e-05," 1.3351440429687502e-05]""",0.0,0.0,0.0,0.0,0.0016937255859370002,0.0,1.9073486328125e-06,1.9073486328125e-06,0.5000370370370371,0.500037422839506,3.858024691358024e-07
862613391890,86261339189,0,0,104791355579,1.0,"""[2.002716064453125e-05",9.250640869140626e-05,0.000713348388671,0.0011138916015620002,0.0014266967773430002,0.002532958984375,0.004341125488281,0.004638671875,0.006149291992187,0.007118225097656," 0.010040283203125]""",0.011093139648437,0.00320816040039,0.0,0.0,0.0016937255859370002,0.000433921813964,0.0014190673828120002,0.0008020401000970001,0.507959104938271,0.507967978395061,8.873456790123455e-06
862613391890,86261339189,0,0,21389249,1.0,"""[0",0.0,0.0,7.62939453125e-06,1.4305114746093752e-05,2.1934509277343753e-05,2.9563903808593753e-05,3.62396240234375e-05,0.00014114379882800002,0.00023937225341700002," 0.00023937225341700002]""",0.00040435791015600004,7.43865966796875e-05,0.0,0.0,0.0016937255859370002,0.000669479370117,0.000684738159179,0.000683784484863,0.5077905092592591,0.5077920524691351,1.5432098765432092e-06
862613391890,86261339189,0,0,19882521359,1.0,"""[0",0.0,0.0,0.0,0.0,0.0,0.0,0.0,0.0,0.0," 0]""",0.0,0.0,0.0,0.0,0.0016937255859370002,0.0,9.5367431640625e-07,9.5367431640625e-07,0.501165895061728,0.5011666666666661,7.716049382716048e-07
862613391890,86261339189,0,0,21365709,1.0,"""[1.4305114746093752e-05",1.4305114746093752e-05,1.4305114746093752e-05,1.4305114746093752e-05,1.4305114746093752e-05,1.4305114746093752e-05,1.4305114746093752e-05,1.4305114746093752e-05,1.4305114746093752e-05,1.4305114746093752e-05," 1.4305114746093752e-05]""",0.0,0.0,0.0,0.0,0.0016937255859370002,0.0,9.5367431640625e-07,9.5367431640625e-07,0.509482638888888,0.5094830246913581,3.858024691358024e-07
862613391890,86261339189,0,0,21250647,1.0,"""[0.000106811523437",0.000530242919921,0.0006256103515620001,0.0008935928344720001,0.001285552978515,0.0013866424560540001,0.0029754638671870004,0.00390625,0.006500244140625001,0.007125854492187," 0.008193969726562]""",0.007362365722656,0.002708435058593,0.0,0.0,0.0016937255859370002,0.00036239624023400003,0.00136375427246,0.0006904602050780001,0.506589506172839,0.506597222222222,7.71604938271605e-06
862613391890,86261339189,0,0,32973545973,1.0,"""[0",0.0,0.0,0.0,0.0,0.0,0.0,0.0,0.0,0.0," 0]""",0.0,0.0,0.0,0.0,0.0016937255859370002,0.0,9.5367431640625e-07,9.5367431640625e-07,0.504204475308642,0.50420524691358,7.716049382716048e-07
862613391890,86261339189,0,0,21205043,1.0,"""[1.9073486328125e-06",1.9073486328125e-06,1.9073486328125e-06,1.9073486328125e-06,1.9073486328125e-06,1.9073486328125e-06,1.9073486328125e-06,1.9073486328125e-06,1.9073486328125e-06,1.9073486328125e-06," 1.9073486328125e-06]""",0.0,0.0,0.0,0.0,0.0016937255859370002,0.000672340393066,0.0006856918334960001,0.0006856918334960001,0.506262731481481,0.50626311728395,3.858024691358024e-07
862613391890,86261339189,0,0,20143010143,1.0,"""[8.58306884765625e-06",0.00022411346435500002,0.000422477722167,0.0005416870117180001,0.0010299682617180002,0.001298904418945,0.003238677978515,0.005165100097656,0.006462097167968001,0.007118225097656," 0.008285522460937]""",0.008270263671875,0.003070831298828,0.0,0.0,0.0016937255859370002,0.00044631958007800005,0.001361846923828,0.000792503356933,0.500293209876543,0.5003047839506171,1.157407407407407e-05
862613391890,86261339189,0,0,1713257708,1.0,"""[4.386901855468751e-05",0.000154495239257,0.00037384033203100004,0.000682830810546,0.0011882781982420001,0.0015850067138670001,0.0028839111328120004,0.006072998046875001,0.006561279296875001,0.007003784179687," 0.007827758789062]""",0.007827758789062,0.0030059814453120004,0.0,0.0,0.0016937255859370002,0.00045013427734300006,0.001384735107421,0.000781059265136,0.500640817901234,0.5006523919753081,1.157407407407407e-05
862613391890,86261339189,0,0,27331866,1.0,"""[0.000524520874023",0.000524520874023,0.0010223388671870002,0.001047134399414,0.001161575317382,0.001232147216796,0.00130271911621,0.001726150512695,0.0017528533935540001,0.0026664733886710003," 0.0026664733886710003]""",0.002662658691406,0.001461029052734,0.0,0.0,0.0016937255859370002,9.536743164062501e-05,0.00021743774414,0.000110626220703,0.505090663580246,0.5050925925925921,1.929012345679012e-06
862613391890,86261339189,0,0,92038133274,1.0,"""[4.76837158203125e-06",4.76837158203125e-06,4.76837158203125e-06,4.76837158203125e-06,4.76837158203125e-06,4.76837158203125e-06,4.76837158203125e-06,4.76837158203125e-06,4.76837158203125e-06,4.76837158203125e-06," 4.76837158203125e-06]""",1.3351440429687502e-05,4.76837158203125e-06,0.0,0.0,0.0016937255859370002,0.0,9.5367431640625e-07,9.5367431640625e-07,0.5030185185185181,0.503019675925925,1.157407407407407e-06
862613391890,86261339189,0,0,19875845169,1.0,"""[0",0.0,0.0,0.0,0.0,0.0,0.0,0.0,0.0,0.0,"0]""",0.0,0.0,0.0,0.0,0.0016937255859370002,0.0,9.5367431640625e-07,9.5367431640625e-07,0.504680941358024,0.5046813271604931,3.858024691358024e-07
862613391890,86261339189,0,0,7235052964,1.0,"""[1.0490417480468752e-05",0.00017642974853500002,0.00020694732666000002,0.000585556030273,0.0012054443359370002,0.0013866424560540001,0.0027122497558590003,0.0031394958496090003,0.00351333618164,0.003650665283203," 0.006484985351562]""",0.007713317871093001,0.001968383789062,0.0,0.0,0.0016937255859370002,0.00040626525878900005,0.0013961791992180002,0.0007963180541990001,0.507060570987654,0.5070763888888881,1.58179012345679e-05
862613391890,86261339189,0,0,21247078,1.0,"""[0",0.0,0.0,0.0,0.0,0.0,0.0,0.0,0.0,0.0," 0]""",0.000317573547363,0.00015926361083900002,0.0,0.0,0.0016937255859370002,0.0006675720214840001,0.000682830810546,0.000682830810546,0.501953317901234,0.501954089506172,7.716049382716048e-07
862613391890,86261339189,0,0,1575664044,1.0,"""[0",0.0,0.0,0.0,0.0,0.0,0.0,0.0,0.0,0.0,"0]""",0.0,0.0,0.0,0.0,0.0016937255859370002,0.0,9.5367431640625e-07,9.5367431640625e-07,0.5056466049382711,0.50564699074074,3.858024691358024e-07
862613391890,86261339189,0,0,21247078,1.0,"""[0",0.0,0.0,0.0,0.0,0.0,0.0,0.0,0.0,0.0," 0]""",0.0,0.0,0.0,0.0,0.0016937255859370002,0.0,9.5367431640625e-07,9.5367431640625e-07,0.5019537037037031,0.501954089506172,3.858024691358024e-07
862613391890,86261339189,0,0,21247078,1.0,"""[0",0.0,0.0,0.0,0.0,0.0,0.0,0.0,0.0,0.0,"0]""",0.0,0.0,0.0,0.0,0.0016937255859370002,0.0,9.5367431640625e-07,9.5367431640625e-07,0.501954089506172,0.501954475308642,3.858024691358024e-07
862613391890,86261339189,0,0,373578599195,1.0,"""[0",0.0,0.0,0.0,0.0,0.0,0.0,0.0,0.0,0.0," 0]""",0.0,0.0,0.0,0.0,0.0016937255859370002,0.0,9.5367431640625e-07,9.5367431640625e-07,0.505458333333333,0.5054587191358021,3.858024691358024e-07
862613391890,86261339189,0,0,104792005923,1.0,"""[0",0.0,0.0,0.0,0.0,0.0,0.0,0.0,0.0,0.0," 0]""",0.0,0.0,0.0,0.0,0.0016937255859370002,0.0,9.5367431640625e-07,9.5367431640625e-07,0.502313271604938,0.5023136574074071,3.858024691358024e-07
862613391890,86261339189,0,0,289092237157,1.0,"""[0",0.0,0.0,0.0,0.0,0.0,0.0,0.0,0.0,0.0,"0]""",0.0,0.0,0.0,0.0,0.0016937255859370002,0.000669479370117,0.000688552856445,0.000688552856445,0.507162037037037,0.5071624228395061,3.858024691358024e-07
862613391890,86261339189,0,0,21394550,1.0,"""[0",0.0,0.0,0.0,0.0,6.67572021484375e-05,0.000134468078613,0.000134468078613,0.000134468078613,0.000134468078613," 0.000134468078613]""",0.0008125305175780001,4.386901855468751e-05,0.0,0.0,0.0016937255859370002,0.000666618347167,0.0006799697875970001,0.0006799697875970001,0.508856095679012,0.508856481481481,3.858024691358024e-07
862613391890,86261339189,0,0,27331866,1.0,"""[0",0.0,0.0,0.0,0.0,0.0,0.0,0.0,0.0,0.0," 0]""",0.00041866302490200006,8.964538574218751e-05,0.0,0.0,0.0016937255859370002,0.000666618347167,0.000680923461914,0.0006799697875970001,0.505101466049382,0.505103009259259,1.5432098765432092e-06
862613391890,86261339189,0,0,19882909429,1.0,"""[0",0.0,0.0,0.0,0.0,0.0,0.0,0.0,0.0,0.0," 0]""",0.0,0.0,0.0,0.0,0.0016937255859370002,0.0,9.5367431640625e-07,9.5367431640625e-07,0.5053302469135801,0.505330632716049,3.858024691358024e-07
862613391890,86261339189,0,0,3121287064,1.0,"""[0.00518798828125",0.00518798828125,0.00518798828125,0.00518798828125,0.00518798828125,0.005203247070312,0.005218505859375,0.005218505859375,0.005218505859375,0.005218505859375," 0.005218505859375]""",0.005226135253906,0.005203247070312,0.0,0.0,0.0016937255859370002,0.0,8.773803710937501e-05,6.198883056640625e-05,0.501993827160493,0.5019945987654321,7.716049382716048e-07
862613391890,86261339189,0,0,32973545973,1.0,"""[0",0.000114440917968,0.000536918640136,0.0007400512695310001,0.0010738372802730001,0.0013198852539060002,0.0013580322265620002,0.002693176269531,0.004127502441406,0.007843017578125," 0.008132934570312]""",0.015777587890625,0.002506256103515,0.0,0.0,0.0016937255859370002,0.00042438507080000003,0.0013866424560540001,0.0007095336914060001,0.5041940586419751,0.504204089506172,1.003086419753086e-05
862613391890,86261339189,0,0,22761125,1.0,"""[0",0.0,0.0,0.0,0.0,0.0,0.0,0.0,0.0,0.0,"0]""",0.0,0.0,0.0,0.0,0.0016937255859370002,0.000666618347167,0.000680923461914,0.000680923461914,0.500037422839506,0.500037808641975,3.858024691358024e-07
862613391890,86261339189,0,0,198556190123,1.0,"""[0",0.0,0.0,0.0010223388671870002,0.001039505004882,0.0030822753906250004,0.005142211914062,0.005180358886718001,0.007057189941406,0.007057189941406," 0.007057189941406]""",0.007049560546875001,0.006324768066406,0.0,0.0,0.0016937255859370002,4.959106445312501e-05,0.000516891479492,0.000369071960449,0.503357253086419,0.503358410493827,1.157407407407407e-06
862613391890,86261339189,0,0,19882521359,1.0,"""[0.000222206115722",0.000222206115722,0.000536918640136,0.0005636215209960001,0.0007658004760740001,0.0009469985961910001,0.0011272430419920001,0.001461029052734,0.0014877319335930002,0.0037651062011710003," 0.0037651062011710003]""",0.003742218017578,0.0013046264648430002,0.0,0.0,0.0016937255859370002,0.000106811523437,0.00024032592773400003,0.000126838684082,0.501155478395061,0.501157407407407,1.929012345679012e-06
862613391890,86261339189,0,0,3121287064,1.0,"""[0",0.0,0.0,0.0,0.0,0.0,0.0,0.0,0.0,0.0," 0]""",0.0,0.0,0.0,0.0,0.0016937255859370002,0.0,9.5367431640625e-07,9.5367431640625e-07,0.501993441358024,0.501993827160493,3.858024691358024e-07
862613391890,86261339189,0,0,21305997,1.0,"""[0",0.0,0.0,0.0,0.0,0.0,0.0,0.0,0.0,0.0," 0]""",0.0,0.0,0.0,0.0,0.0016937255859370002,0.0,9.5367431640625e-07,9.5367431640625e-07,0.5055073302469131,0.505507716049382,3.858024691358024e-07
862613391890,86261339189,0,0,250623081695,1.0,"""[0",0.0,0.0,0.0,0.0,0.0,0.0,0.0,0.0,0.0," 0]""",0.0,0.0,0.0,0.0,0.0016937255859370002,0.00067138671875,0.0006923675537100001,0.0006923675537100001,0.504049768518518,0.504050154320987,3.858024691358024e-07
862613391890,86261339189,0,0,21205043,1.0,"""[0.0017681121826170001",0.0017681121826170001,0.0017681121826170001,0.0017681121826170001,0.0017681121826170001,0.0017681121826170001,0.0017681121826170001,0.0017681121826170001,0.0017681121826170001,0.0017681121826170001," 0.0017681121826170001]""",1.4305114746093752e-05,1.4305114746093752e-05,0.0,0.0,0.0016937255859370002,0.0,1.4305114746093752e-05,1.4305114746093752e-05,0.50624961419753,0.5062500000000001,3.858024691358024e-07
862613391890,86261339189,0,0,68787887719,1.0,"""[0",0.0,0.0,0.0,0.0,0.0,0.0,0.0,0.0,0.0," 0]""",0.00022792816162100002,7.62939453125e-05,0.0,0.0,0.0016937255859370002,0.000670433044433,0.0006856918334960001,0.0006856918334960001,0.501900077160493,0.501901234567901,1.157407407407407e-06
862613391890,86261339189,0,0,7235052964,1.0,"""[0",0.0,0.0,0.0,0.0,0.0,0.0,0.0,0.0,0.0," 0]""",0.0,0.0,0.0,0.0,0.0016937255859370002,0.0006685256958000001,0.000683784484863,0.000683784484863,0.5070775462962961,0.5070779320987651,3.858024691358024e-07
862613391890,86261339189,0,0,23336370,1.0,"""[0",0.0,0.0,0.0,0.0,0.0,0.0,0.0,0.0,0.0,"0]""",0.0,0.0,0.0,0.0,0.0016937255859370002,0.000669479370117,0.000682830810546,0.000682830810546,0.5090385802469131,0.509038966049382,3.858024691358024e-07
862613391890,86261339189,0,0,75825628,1.0,"""[0",0.0,0.0,0.0,1.9073486328125e-06,4.76837158203125e-06,7.62939453125e-06,9.5367431640625e-06,9.5367431640625e-06,9.5367431640625e-06," 9.5367431640625e-06]""",0.0,0.0,0.0,0.0,0.0016937255859370002,0.0,9.5367431640625e-07,9.5367431640625e-07,0.508125771604938,0.508126929012345,1.157407407407407e-06
862613391890,86261339189,0,0,68787887719,1.0,"""[0.00320816040039",0.00320816040039,0.00320816040039,0.00320816040039,0.00653076171875,0.006561279296875001,0.006584167480468001,0.006866455078125001,0.006866455078125001,0.006866455078125001," 0.006866455078125001]""",0.006584167480468001,0.0032653808593750004,0.0,0.0,0.0016937255859370002,0.0,8.773803710937501e-05,3.24249267578125e-05,0.501901234567901,0.5019023919753081,1.157407407407407e-06
862613391890,86261339189,0,0,22761125,1.0,"""[0",0.0,0.0,0.0,0.0,0.0,0.0,0.0,0.0,0.0," 0]""",0.0,0.0,0.0,0.0,0.0016937255859370002,0.0,9.5367431640625e-07,9.5367431640625e-07,0.507232638888888,0.507233024691358,3.858024691358024e-07
862613391890,86261339189,0,0,21365709,1.0,"""[2.9563903808593753e-05",2.9563903808593753e-05,0.00010299682617100001,0.00019836425781200002,0.0011882781982420001,0.0021781921386710003,0.004997253417968001,0.007858276367187,0.008224487304687,0.008529663085937," 0.008529663085937]""",0.008529663085937,0.005546569824218001,0.0,0.0,0.0016937255859370002,0.0006675720214840001,0.0014343261718750002,0.001089096069335,0.5094907407407401,0.509493055555555,2.314814814814814e-06
862613391890,86261339189,0,0,21250647,1.0,"""[0",0.0,0.0,0.0,0.0,9.5367431640625e-06,2.002716064453125e-05,2.002716064453125e-05,2.002716064453125e-05,2.002716064453125e-05," 2.002716064453125e-05]""",0.0,0.0,0.0,0.0,0.0016937255859370002,0.0,9.5367431640625e-07,9.5367431640625e-07,0.506588734567901,0.5065891203703701,3.858024691358024e-07
862613391890,86261339189,0,0,21394550,1.0,"""[0",0.0,0.0,0.0,0.0,0.0,0.0,0.0,0.0,0.0," 0]""",0.0,0.0,0.0,0.0,0.0016937255859370002,0.0,9.5367431640625e-07,9.5367431640625e-07,0.501351851851851,0.501352237654321,3.858024691358024e-07
862613391890,86261339189,0,0,289092237157,1.0,"""[0",0.0,0.0,0.0,0.0,0.0,0.0,0.0,0.0,0.0," 0]""",0.0005264282226560001,0.00030517578125,0.0,0.0,0.0016937255859370002,0.000669479370117,0.000688552856445,0.000688552856445,0.507161651234567,0.507162037037037,3.858024691358024e-07
862613391890,86261339189,0,0,19875845169,1.0,"""[4.386901855468751e-05",4.386901855468751e-05,4.386901855468751e-05,4.386901855468751e-05,4.386901855468751e-05,4.386901855468751e-05,4.386901855468751e-05,4.386901855468751e-05,4.386901855468751e-05,4.386901855468751e-05," 4.386901855468751e-05]""",0.0,0.0,0.0,0.0,0.0016937255859370002,0.0006742477416990001,0.0006904602050780001,0.0006904602050780001,0.504697145061728,0.504698688271604,1.5432098765432092e-06
862613391890,86261339189,0,0,21394550,1.0,"""[2.8610229492187503e-05",0.000154495239257,0.000550270080566,0.000726699829101,0.001211166381835,0.001827239990234,0.002861022949218,0.00323486328125,0.00537109375,0.007728576660156," 0.008453369140625]""",0.010696411132812,0.0028533935546870004,0.0,0.0,0.0016937255859370002,0.00044536590576100003,0.001361846923828,0.000739097595214,0.5013406635802461,0.501350308641975,9.645061728395062e-06
862613391890,86261339189,0,0,383868866699,1.0,"""[0",0.0,0.0,0.0,0.0,0.0,0.0,0.0,0.0,0.0," 0]""",0.0,0.0,0.0,0.0,0.0016937255859370002,0.0,1.9073486328125e-06,1.9073486328125e-06,0.500496141975308,0.500497299382716,1.157407407407407e-06
862613391890,86261339189,0,0,21389249,1.0,"""[9.5367431640625e-07",9.5367431640625e-07,9.5367431640625e-07,9.5367431640625e-07,9.5367431640625e-07,9.5367431640625e-07,9.5367431640625e-07,9.5367431640625e-07,9.5367431640625e-07,9.5367431640625e-07," 9.5367431640625e-07]""",0.0,0.0,0.0,0.0,0.0016937255859370002,0.000566482543945,0.000683784484863,0.000682830810546,0.5077920524691351,0.507792824074074,7.716049382716048e-07
862613391890,86261339189,0,0,373578599195,0.95652174949646,"""[0.000744819641113",0.0008277893066400001,0.001346588134765,0.0014266967773430002,0.0014801025390620002,0.001628875732421,0.001972198486328,0.00445556640625,0.007049560546875001,0.007553100585937," 0.007858276367187]""",0.013931274414062,0.003227233886718,0.0,0.0,0.0016937255859370002,0.00044536590576100003,0.0013790130615230001,0.00071907043457,0.505447916666666,0.505456790123456,8.873456790123455e-06
862613391890,86261339189,0,0,22761125,1.0,"""[4.291534423828126e-05",0.00017166137695300002,0.00034332275390600004,0.0006027221679680001,0.000775337219238,0.00125503540039,0.0021324157714840003,0.0036659240722650005,0.007270812988281,0.007408142089843001," 0.007858276367187]""",0.007858276367187,0.0026969909667960003,0.0,0.0,0.0016937255859370002,0.000494956970214,0.0014324188232420001,0.000833511352539,0.507220679012345,0.5072318672839501,1.118827160493827e-05
862613391890,86261339189,0,0,21305997,1.0,"""[0",0.0,0.0,0.0,0.0,0.0,0.0,0.0,0.0,0.0," 0]""",0.0,0.0,0.0,0.0,0.0016937255859370002,0.0,9.5367431640625e-07,9.5367431640625e-07,0.505506172839506,0.5055073302469131,1.157407407407407e-06
862613391890,86261339189,0,0,19875845169,1.0,"""[0",0.0,0.0,0.0,0.0,0.0,0.0,0.0,0.0,0.0,"0]""",0.0,0.0,0.0,0.0,0.0,0.0,9.5367431640625e-07,9.5367431640625e-07,0.5046979166666661,0.504698302469135,3.858024691358024e-07
862613391890,86261339189,0,0,198556190123,1.0,"""[5.531311035156251e-05",0.00041389465332000003,0.0006561279296870001,0.001214981079101,0.0015239715576170001,0.0037193298339840003,0.004966735839843001,0.005790710449218001,0.006362915039062,0.006454467773437," 0.007705688476562]""",0.007705688476562,0.0036582946777340003,0.0,0.0,0.0016937255859370002,0.00039291381835900003,0.001361846923828,0.0008630752563470001,0.5033425925925921,0.503355324074074,1.273148148148148e-05
862613391890,86261339189,0,0,1713257708,1.0,"""[0",0.0,0.0,0.0,0.0,5.7220458984375e-06,1.1444091796875002e-05,1.1444091796875002e-05,1.1444091796875002e-05,1.1444091796875002e-05," 1.1444091796875002e-05]""",0.0,0.0,0.0,0.0,0.0016937255859370002,0.0,9.5367431640625e-07,9.5367431640625e-07,0.5006527777777771,0.500653163580246,3.858024691358024e-07
862613391890,86261339189,0,0,21389249,1.0,"""[0",0.0,0.0,0.0,9.5367431640625e-07,9.5367431640625e-07,9.5367431640625e-07,9.5367431640625e-07,1.9073486328125e-06,1.9073486328125e-06," 1.9073486328125e-06]""",0.0,0.0,0.0,0.0,0.0016937255859370002,3.814697265625e-06,1.4305114746093752e-05,1.3351440429687502e-05,0.507793981481481,0.5077962962962961,2.314814814814814e-06
862613391890,86261339189,0,0,21389249,1.0,"""[0.005195617675781",0.005195617675781,0.005195617675781,0.005195617675781,0.005195617675781,0.005195617675781,0.005195617675781,0.005195617675781,0.005195617675781,0.005195617675781," 0.005195617675781]""",0.00799560546875,0.00799560546875,0.0,0.0,0.0016937255859370002,9.5367431640625e-07,9.632110595703126e-05,9.632110595703126e-05,0.507792438271604,0.507792824074074,3.858024691358024e-07
862613391890,86261339189,0,0,21243998,1.0,"""[9.5367431640625e-07",9.5367431640625e-07,9.5367431640625e-07,9.5367431640625e-07,9.5367431640625e-07,9.5367431640625e-07,9.5367431640625e-07,9.5367431640625e-07,9.5367431640625e-07,9.5367431640625e-07," 9.5367431640625e-07]""",0.0,0.0,0.0,0.0,0.0016937255859370002,0.000678062438964,0.0006933212280270001,0.0006933212280270001,0.5047993827160491,0.504799768518518,3.858024691358024e-07
862613391890,86261339189,0,0,19882521359,1.0,"""[0",0.0,0.0,0.0,0.0,0.0,0.0,0.0,0.0,0.0,"0]""",0.0,0.0,0.0,0.0,0.0016937255859370002,0.0006685256958000001,0.00068187713623,0.00068187713623,0.501165895061728,0.501166280864197,3.858024691358024e-07
862613391890,86261339189,0,0,19882909429,1.0,"""[1.0490417480468752e-05",1.0490417480468752e-05,1.0490417480468752e-05,1.0490417480468752e-05,1.0490417480468752e-05,1.0490417480468752e-05,1.0490417480468752e-05,1.0490417480468752e-05,1.0490417480468752e-05,1.0490417480468752e-05," 1.0490417480468752e-05]""",0.0,0.0,0.0,0.0,0.0016937255859370002,0.0,9.5367431640625e-07,9.5367431640625e-07,0.505317901234567,0.5053182870370371,3.858024691358024e-07
862613391890,86261339189,0,0,250619362561,1.0,"""[0",0.0,0.0,0.0,0.0,0.0,0.0,0.0,0.0,0.0,"0]""",0.0,0.0,0.0,0.0,0.0016937255859370002,0.000666618347167,0.000689506530761,0.000689506530761,0.5091400462962961,0.509140432098765,3.858024691358024e-07
862613391890,86261339189,0,0,19882909429,1.0,"""[0",0.0,0.0,0.0,0.0,0.0,0.0,0.0,0.0,0.0," 0]""",0.0,0.0,0.0,0.0,0.0016937255859370002,0.0,9.5367431640625e-07,9.5367431640625e-07,0.505330632716049,0.505331018518518,3.858024691358024e-07
862613391890,86261339189,0,0,19875845169,0.926829278469085,"""[9.5367431640625e-06",0.00030422210693300004,0.0005111694335930001,0.000986099243164,0.0011978149414060002,0.002067565917968,0.002368927001953,0.00421142578125,0.006629943847656,0.007026672363281," 0.00787353515625]""",0.007858276367187,0.002704620361328,0.0,0.0,0.0016937255859370002,0.00042343139648400003,0.001359939575195,0.000804901123046,0.5046813271604931,0.504697145061728,1.58179012345679e-05
862613391890,86261339189,0,0,21394550,1.0,"""[0",0.0,0.0,0.0,0.0,0.0,0.0,0.0,0.0,0.0," 0]""",0.0,0.0,0.0,0.0,0.0016937255859370002,0.0,9.5367431640625e-07,9.5367431640625e-07,0.501351080246913,0.501351851851851,7.716049382716048e-07
862613391890,86261339189,0,0,373217088339,1.0,"""[3.24249267578125e-05",0.00048828124999999995,0.0008449554443350001,0.001070022583007,0.0012950897216790001,0.001474380493164,0.0035057067871090003,0.004348754882812,0.00823974609375,0.009002685546875," 0.009048461914062]""",0.009048461914062,0.003501892089843,0.0,0.0,0.0016937255859370002,0.00037574768066400005,0.0014057159423820002,0.000672340393066,0.508713734567901,0.508721836419753,8.10185185185185e-06
862613391890,86261339189,0,0,7235052964,1.0,"""[0",0.0,0.0,0.0,0.0,0.0013275146484370002,0.002655029296875,0.002655029296875,0.002655029296875,0.002655029296875," 0.002655029296875]""",0.001991271972656,0.0009050369262690001,0.0,0.0,0.0016937255859370002,0.0,6.67572021484375e-06,3.814697265625e-06,0.5070775462962961,0.507078317901234,7.716049382716048e-07
862613391890,86261339189,0,0,23336370,1.0,"""[0",0.0,0.0,0.0,0.0,0.0,0.0,0.0,0.0,0.0,"0]""",0.0,0.0,0.0,0.0,0.0016937255859370002,0.0,9.5367431640625e-07,9.5367431640625e-07,0.5090385802469131,0.509038966049382,3.858024691358024e-07
862613391890,86261339189,0,0,1713141410,1.0,"""[0",0.0,0.0,0.0,0.0,0.0,0.0,0.0,0.0,0.0,"0]""",0.0,0.0,0.0,0.0,0.0,0.0,1.9073486328125e-06,1.9073486328125e-06,0.5033028549382711,0.5033032407407401,3.858024691358024e-07
862613391890,86261339189,0,0,1712866415,1.0,"""[0",0.0,0.0,0.0,0.0,0.0,0.0,0.0,0.0,0.0,"0]""",0.0,0.0,0.0,0.0,0.0016937255859370002,0.0,9.5367431640625e-07,9.5367431640625e-07,0.503117669753086,0.503118055555555,3.858024691358024e-07
862613391890,86261339189,0,0,21393415,1.0,"""[4.863739013671876e-05",0.000497817993164,0.0006866455078120001,0.0008325576782220001,0.0015945434570310002,0.0017395019531250002,0.002323150634765,0.004852294921875,0.007980346679687,0.008407592773437," 0.00958251953125]""",0.014190673828125002,0.003288269042968,0.0,0.0,0.0016937255859370002,0.000389099121093,0.0013885498046870002,0.0006942749023430001,0.5055995370370371,0.505608410493827,8.873456790123455e-06
862613391890,86261339189,0,0,1713257708,1.0,"""[0",0.0,0.0,0.0,0.003223419189453,0.00323486328125,0.0032501220703120004,0.004631042480468001,0.004631042480468001,0.004631042480468001," 0.004631042480468001]""",0.00787353515625,0.006103515625,0.0,0.0,0.0016937255859370002,3.24249267578125e-05,0.000382423400878,0.00021934509277300002,0.5006543209876541,0.5006554783950611,1.157407407407407e-06
862613391890,86261339189,0,0,19875845169,1.0,"""[0.003120422363281",0.003120422363281,0.003120422363281,0.003120422363281,0.007156372070312,0.007194519042968001,0.007240295410156,0.00738525390625,0.00738525390625,0.00738525390625," 0.00738525390625]""",0.012786865234375002,0.006851196289062,0.0,0.0,0.0016937255859370002,1.9073486328125e-06,0.00045394897460900003,0.00020313262939400002,0.504698688271604,0.504700231481481,1.5432098765432092e-06
862613391890,86261339189,0,0,19882909429,1.0,"""[0.0005111694335930001",0.0006866455078120001,0.0010223388671870002,0.0010910034179680002,0.001262664794921,0.0014095306396480001,0.0016117095947260002,0.0026512145996090003,0.002765655517578,0.006660461425781," 0.006996154785156]""",0.006637573242187,0.0016498565673820002,0.0,0.0,0.0016937255859370002,0.000191688537597,0.000951766967773,0.000388145446777,0.5053182870370371,0.5053240740740741,5.787037037037036e-06
862613391890,86261339189,0,0,21393415,1.0,"""[0",0.0,0.0,0.0,0.0,8.487701416015626e-05,0.000170707702636,0.000170707702636,0.000170707702636,0.000170707702636," 0.000170707702636]""",0.00032520294189400005,0.00013828277587800002,0.0,0.0,0.0016937255859370002,0.00067138671875,0.0006856918334960001,0.0006856918334960001,0.505608410493827,0.505609182098765,7.716049382716048e-07
862613391890,86261339189,0,0,1578989065,1.0,"""[1.2397766113281252e-05",1.2397766113281252e-05,1.2397766113281252e-05,1.2397766113281252e-05,1.2397766113281252e-05,1.2397766113281252e-05,1.2397766113281252e-05,1.2397766113281252e-05,1.2397766113281252e-05,1.2397766113281252e-05," 1.2397766113281252e-05]""",0.0,0.0,0.0,0.0,0.0016937255859370002,0.0,9.5367431640625e-07,9.5367431640625e-07,0.503325231481481,0.5033256172839501,3.858024691358024e-07
862613391890,86261339189,0,0,22761125,1.0,"""[7.62939453125e-06",0.000109672546386,0.0005941390991210001,0.0009899139404290001,0.001298904418945,0.0015621185302730001,0.0024871826171870004,0.003982543945312,0.007392883300781,0.007591247558593001," 0.007827758789062]""",0.007827758789062,0.002998352050781,0.0,0.0,0.0016937255859370002,0.000440597534179,0.001375198364257,0.000791549682617,0.500027006172839,0.5000366512345671,9.645061728395062e-06
862613391890,86261339189,0,0,19875845169,1.0,"""[0",0.0,0.0,0.0,0.0,0.0,0.0,0.0,0.0,0.0,"0]""",0.0,0.0,0.0,0.0,0.0,0.0,9.5367431640625e-07,9.5367431640625e-07,0.504697530864197,0.5046979166666661,3.858024691358024e-07
862613391890,86261339189,0,0,21365709,1.0,"""[0",0.0,0.0,0.0,0.0,0.0,0.0,0.0,0.0,0.0," 0]""",0.00034713745117100005,0.000115394592285,0.0,0.0,0.0016937255859370002,0.0006675720214840001,0.00068187713623,0.00068187713623,0.5015192901234561,0.501520447530864,1.157407407407407e-06
862613391890,86261339189,0,0,104792005923,1.0,"""[0",0.0,0.0,0.0,0.0,0.0,0.0,0.0,0.0,0.0,"0]""",0.0,0.0,0.0,0.0,0.0,0.0,0.0,0.0,0.5023136574074071,0.502314814814814,1.157407407407407e-06
862613391890,86261339189,0,0,250623081695,1.0,"""[0",0.0,0.0,0.0,0.0,0.0,0.0,0.0,0.0,0.0,"0]""",0.0,0.0,0.0,0.0,0.0,0.0,0.0,0.0,0.504050154320987,0.504050925925925,7.716049382716048e-07
862613391890,86261339189,0,0,19882521359,1.0,"""[0",0.0,0.0,0.0,1.9073486328125e-06,4.76837158203125e-06,7.62939453125e-06,9.5367431640625e-06,9.5367431640625e-06,9.5367431640625e-06," 9.5367431640625e-06]""",0.0,0.0,0.0,0.0,0.0016937255859370002,0.0,9.5367431640625e-07,9.5367431640625e-07,0.50116512345679,0.501165895061728,7.716049382716048e-07
862613391890,86261339189,0,0,19882521359,1.0,"""[3.337860107421875e-05",0.000299453735351,0.0006866455078120001,0.001117706298828,0.0018138885498040001,0.002796173095703,0.0032920837402340003,0.007698059082031,0.007843017578125,0.008270263671875," 0.009674072265625]""",0.009719848632812,0.0036773681640620004,0.0,0.0,0.0016937255859370002,0.0005226135253900001,0.001382827758789,0.0009298324584960001,0.501157407407407,0.501164737654321,7.330246913580246e-06
