UniqJobId,collection_id,instance_index,priority,machine_id,sample_rate,cpu_usage_distribution1,cpu_usage_distribution2,cpu_usage_distribution3,cpu_usage_distribution4,cpu_usage_distribution5,cpu_usage_distribution6,cpu_usage_distribution7,cpu_usage_distribution8,cpu_usage_distribution9,cpu_usage_distribution10,cpu_usage_distribution11,max_cpu,avg_cpu,cycles_per_instruction,memory_accesses_per_instruction,assigned_memory,page_cache_memory,max_memory,avg_memory,start_time,end_time,time_window
862613391892,86261339189,2,0,62156450,1.0,"""[0",0.0,0.0,0.0,0.0,0.0,0.0,0.0,0.0,0.0,"0]""",0.0,0.0,0.0,0.0,0.0016937255859370002,0.0,9.5367431640625e-07,9.5367431640625e-07,0.5040277777777771,0.504028163580246,3.858024691358024e-07
862613391892,86261339189,2,0,1713489854,1.0,"""[0",0.0,0.0,0.0,0.0,0.0,0.0,0.0,0.0,0.0," 0]""",0.00032520294189400005,0.00016212463378900002,0.0,0.0,0.0016937255859370002,0.000666618347167,0.0006799697875970001,0.0006799697875970001,0.504888888888888,0.504889660493827,7.716049382716048e-07
862613391892,86261339189,2,0,382797076623,1.0,"""[0",0.0,0.0,0.0,0.0,0.0,0.0,0.0,0.0,0.0," 0]""",0.000360488891601,7.2479248046875e-05,0.0,0.0,0.0016937255859370002,0.000666618347167,0.000682830810546,0.00068187713623,0.506899691358024,0.50690162037037,1.929012345679012e-06
862613391892,86261339189,2,0,96915364772,1.0,"""[0",0.0,0.0,9.5367431640625e-07,9.5367431640625e-07,1.9073486328125e-06,1.9073486328125e-06,2.86102294921875e-06,2.86102294921875e-06,2.86102294921875e-06," 2.86102294921875e-06]""",0.0,0.0,0.0,0.0,0.0016937255859370002,9.5367431640625e-07,1.2397766113281252e-05,1.2397766113281252e-05,0.505743055555555,0.50574537037037,2.314814814814814e-06
862613391892,86261339189,2,0,96915364772,1.0,"""[0",0.0,0.0,0.0,0.0,0.0,0.0,0.0,0.0,0.0," 0]""",0.000318527221679,7.343292236328125e-05,0.0,0.0,0.0016937255859370002,0.0006685256958000001,0.000689506530761,0.000688552856445,0.5057388117283951,0.5057403549382711,1.5432098765432092e-06
862613391892,86261339189,2,0,1715004957,1.0,"""[1.1444091796875002e-05",0.000127792358398,0.0006074905395500001,0.001117706298828,0.001237869262695,0.0017833709716790001,0.003162384033203,0.005691528320312,0.007186889648437,0.007362365722656," 0.008071899414062]""",0.008132934570312,0.003314971923828,0.0,0.0,0.0016937255859370002,0.00041484832763600003,0.001352310180664,0.0007839202880850001,0.502023919753086,0.502034336419753,1.0416666666666661e-05
862613391892,86261339189,2,0,62156450,1.0,"""[0",0.0,0.0,0.0,0.0,0.0028381347656250004,0.00567626953125,0.00567626953125,0.00567626953125,0.00567626953125," 0.00567626953125]""",0.005470275878906,0.002735137939453,0.0,0.0,0.0016937255859370002,0.0,7.82012939453125e-05,3.910064697265625e-05,0.504028163580246,0.504028935185185,7.716049382716048e-07
862613391892,86261339189,2,0,96915364772,1.0,"""[0",0.0,0.0,0.0,0.0,0.0,0.0,0.0,0.0,0.0," 0]""",0.0,0.0,0.0,0.0,0.0016937255859370002,0.0,1.9073486328125e-06,1.9073486328125e-06,0.505739583333333,0.505739969135802,3.858024691358024e-07
862613391892,86261339189,2,0,376657896540,1.0,"""[0",0.0,0.0,0.0,0.0,0.0,0.0,0.0,0.0,0.0,"0]""",0.0,0.0,0.0,0.0,0.0016937255859370002,0.000666618347167,0.0006790161132810001,0.0006790161132810001,0.509278549382716,0.5092789351851851,3.858024691358024e-07
862613391892,86261339189,2,0,62156450,1.0,"""[0",0.0,0.0,0.0,0.0,0.0,0.0,0.0,0.0,0.0," 0]""",4.76837158203125e-06,4.76837158203125e-06,0.0,0.0,0.0016937255859370002,0.0,9.5367431640625e-07,9.5367431640625e-07,0.5040142746913581,0.504014660493827,3.858024691358024e-07
862613391892,86261339189,2,0,105124169450,1.0,"""[0",0.0,0.0,9.5367431640625e-07,1.9073486328125e-06,3.814697265625e-06,5.7220458984375e-06,6.67572021484375e-06,7.62939453125e-06,7.62939453125e-06," 7.62939453125e-06]""",0.0,0.0,0.0,0.0,0.0016937255859370002,6.67572021484375e-06,1.52587890625e-05,1.4305114746093752e-05,0.506960648148148,0.506962191358024,1.5432098765432092e-06
862613391892,86261339189,2,0,92101747826,1.0,"""[0",0.0,0.0,0.0,0.0,0.0,0.0,0.0,0.0,0.0," 0]""",0.0,0.0,0.0,0.0,0.0016937255859370002,0.0,9.5367431640625e-07,9.5367431640625e-07,0.5044571759259251,0.5044575617283951,3.858024691358024e-07
862613391892,86261339189,2,0,1377377717,1.0,"""[3.24249267578125e-05",0.000129699707031,0.000370025634765,0.000609397888183,0.000775337219238,0.001123428344726,0.0012054443359370002,0.0037994384765620004,0.006179809570312,0.008056640625," 0.00958251953125]""",0.009658813476562,0.0027313232421870004,0.0,0.0,0.0016937255859370002,0.00042819976806600005,0.00137710571289,0.000772476196289,0.5094575617283951,0.50946836419753,1.080246913580246e-05
862613391892,86261339189,2,0,104790782509,1.0,"""[0",0.0,0.0,0.0,0.0,0.0,0.0,0.0,0.0,0.0," 0]""",0.00059700012207,0.00018119812011700001,0.0,0.0,0.0016937255859370002,0.000669479370117,0.0006875991821280001,0.0006875991821280001,0.5055543981481481,0.5055555555555551,1.157407407407407e-06
862613391892,86261339189,2,0,21378227,1.0,"""[0",0.0,0.0,0.0,0.0,0.0,0.0,0.0,0.0,0.0,"0]""",0.0,0.0,0.0,0.0,0.0016937255859370002,0.000666618347167,0.0006790161132810001,0.0006790161132810001,0.5025625,0.502562885802469,3.858024691358024e-07
862613391892,86261339189,2,0,36050693694,1.0,"""[0.0014972686767570002",0.0014972686767570002,0.0014972686767570002,0.0014972686767570002,0.0014972686767570002,0.003116607666015,0.004737854003906,0.004737854003906,0.004737854003906,0.004737854003906," 0.004737854003906]""",0.004776000976562,0.0031280517578120004,0.0,0.0,0.0016937255859370002,9.5367431640625e-07,9.250640869140626e-05,5.245208740234376e-05,0.5076392746913581,0.507640046296296,7.716049382716048e-07
862613391892,86261339189,2,0,62157273,1.0,"""[0",0.0,0.0,0.0,0.0,0.0,0.0,0.0,0.0,0.0,"0]""",0.0,0.0,0.0,0.0,0.0016937255859370002,0.0,9.5367431640625e-07,9.5367431640625e-07,0.5077175925925921,0.507717978395061,3.858024691358024e-07
862613391892,86261339189,2,0,189002544102,1.0,"""[0",0.0,0.0,0.0,0.0,0.0,0.0,0.0,0.0,0.0," 0]""",0.0,0.0,0.0,0.0,0.0016937255859370002,0.0,9.5367431640625e-07,9.5367431640625e-07,0.5080760030864191,0.508076774691358,7.716049382716048e-07
862613391892,86261339189,2,0,21393415,1.0,"""[8.58306884765625e-06",0.000109672546386,0.00026416778564400005,0.0005941390991210001,0.000880241394042,0.001211166381835,0.0019798278808590003,0.0028381347656250004,0.004119873046875,0.00811767578125," 0.009475708007812]""",0.0166015625,0.0027885437011710003,0.0,0.0,0.0016937255859370002,0.00044822692871000004,0.0013561248779290001,0.000730514526367,0.502057484567901,0.502067515432098,1.003086419753086e-05
862613391892,86261339189,2,0,36050693694,1.0,"""[0",0.0,0.0,0.0,0.0,0.0,0.0,0.0,0.0,0.0," 0]""",0.0,0.0,0.0,0.0,0.0016937255859370002,0.0006933212280270001,0.0007104873657220001,0.0007104873657220001,0.5076388888888881,0.5076392746913581,3.858024691358024e-07
862613391892,86261339189,2,0,375997482340,1.0,"""[0",0.000186920166015,0.00045490264892500003,0.000494956970214,0.0007047653198240001,0.00125503540039,0.003105163574218,0.004478454589843001,0.006607055664062,0.008514404296875," 0.00909423828125]""",0.00909423828125,0.0030059814453120004,0.0,0.0,0.0016937255859370002,0.00038623809814400005,0.001398086547851,0.0007247924804680001,0.504061728395061,0.5040717592592591,1.003086419753086e-05
862613391892,86261339189,2,0,22761125,1.0,"""[0",0.0,0.0,0.0,0.0,6.67572021484375e-06,1.2397766113281252e-05,1.2397766113281252e-05,1.2397766113281252e-05,1.2397766113281252e-05," 1.2397766113281252e-05]""",0.0,0.0,0.0,0.0,0.0016937255859370002,0.0,9.5367431640625e-07,9.5367431640625e-07,0.5034436728395061,0.5034440586419751,3.858024691358024e-07
862613391892,86261339189,2,0,92101747826,1.0,"""[0",0.0,0.0,0.0,0.0,0.0,0.0,0.0,0.0,0.0," 0]""",0.0,0.0,0.0,0.0,0.0016937255859370002,0.000670433044433,0.0006904602050780001,0.0006904602050780001,0.504458333333333,0.5044587191358021,3.858024691358024e-07
862613391892,86261339189,2,0,1713257708,1.0,"""[0",0.0,0.0,0.0,0.0,0.0,0.0,0.0,0.0,0.0," 0]""",0.000431060791015,0.00021553039550700003,0.0,0.0,0.0016937255859370002,0.000669479370117,0.0006856918334960001,0.0006856918334960001,0.5046616512345671,0.504662422839506,7.716049382716048e-07
862613391892,86261339189,2,0,376657896540,1.0,"""[1.9073486328125e-05",5.531311035156251e-05,0.00019836425781200002,0.0006380081176750001,0.0011444091796870002,0.0013103485107420001,0.001871109008789,0.004623413085937,0.006515502929687,0.00811767578125," 0.00830078125]""",0.008316040039062,0.0029411315917960003,0.0,0.0,0.0016937255859370002,0.00037765502929600005,0.001415252685546,0.000676155090332,0.5092681327160491,0.5092773919753081,9.259259259259259e-06
862613391892,86261339189,2,0,25600640519,1.0,"""[0",0.0,0.0,0.0,0.0,0.0,0.0,0.0,0.0,0.0," 0]""",0.00042629241943300004,9.536743164062501e-05,0.0,0.0,0.0016937255859370002,0.00067138671875,0.000688552856445,0.0006875991821280001,0.501145061728395,0.501146604938271,1.5432098765432092e-06
862613391892,86261339189,2,0,96915364772,1.0,"""[1.2397766113281252e-05",0.000268936157226,0.000555038452148,0.0008764266967770001,0.00132942199707,0.00169563293457,0.002632141113281,0.0032196044921870004,0.004203796386718001,0.005271911621093001," 0.007347106933593001]""",0.007232666015625001,0.0024375915527340003,0.0,0.0,0.0016937255859370002,0.00042629241943300004,0.0014019012451170001,0.000800132751464,0.505726080246913,0.5057388117283951,1.273148148148148e-05
862613391892,86261339189,2,0,36050693694,1.0,"""[0",0.0,0.0,0.0,9.5367431640625e-07,9.5367431640625e-07,9.5367431640625e-07,1.9073486328125e-06,1.9073486328125e-06,1.9073486328125e-06," 1.9073486328125e-06]""",0.0,0.0,0.0,0.0,0.0016937255859370002,9.5367431640625e-06,1.811981201171875e-05,1.71661376953125e-05,0.507641589506172,0.507643904320987,2.314814814814814e-06
862613391892,86261339189,2,0,104791627997,1.0,"""[0.00010299682617100001",0.00018978118896400002,0.00046634674072200004,0.000612258911132,0.001153945922851,0.00125503540039,0.0018844604492180002,0.004852294921875,0.007713317871093001,0.00836181640625," 0.008453369140625]""",0.008438110351562,0.00311279296875,0.0,0.0,0.0016937255859370002,0.000432968139648,0.001413345336914,0.0007400512695310001,0.5019537037037031,0.5019625771604931,8.873456790123455e-06
862613391892,86261339189,2,0,62157273,1.0,"""[0",0.0,0.0,0.0,0.0,0.0,0.0,0.0,0.0,0.0," 0]""",0.00039482116699200004,0.00039482116699200004,0.0,0.0,0.0016937255859370002,0.000670433044433,0.0006599426269530001,0.0006599426269530001,0.507717206790123,0.5077175925925921,3.858024691358024e-07
862613391892,86261339189,2,0,105124169450,1.0,"""[0",0.0,0.0,0.0,0.0,0.0,0.0,0.0,0.0,0.0," 0]""",0.0,0.0,0.0,0.0,0.0016937255859370002,0.0,9.5367431640625e-07,9.5367431640625e-07,0.5069579475308641,0.5069583333333331,3.858024691358024e-07
862613391892,86261339189,2,0,62156450,1.0,"""[0.002979278564453",0.002979278564453,0.002979278564453,0.002979278564453,0.003135681152343,0.00314712524414,0.003162384033203,0.005172729492187,0.005172729492187,0.005172729492187," 0.005172729492187]""",0.005180358886718001,0.004074096679687,0.0,0.0,0.0016937255859370002,0.0,0.00018882751464800002,0.000144004821777,0.504028935185185,0.504029706790123,7.716049382716048e-07
862613391892,86261339189,2,0,25600640519,1.0,"""[0",0.0,0.0,0.0,0.0,0.0,0.0,0.0,0.0,0.0," 0]""",0.0,0.0,0.0,0.0,0.0016937255859370002,0.0,9.5367431640625e-07,9.5367431640625e-07,0.5011458333333331,0.501146219135802,3.858024691358024e-07
862613391892,86261339189,2,0,93528350088,1.0,"""[0.00278091430664",0.00278091430664,0.00278091430664,0.00278091430664,0.006004333496093001,0.006034851074218001,0.006057739257812,0.007324218749999999,0.007324218749999999,0.007324218749999999," 0.007324218749999999]""",0.006141662597656,0.0029754638671870004,0.0,0.0,0.0016937255859370002,0.0,9.536743164062501e-05,4.196166992187501e-05,0.5071940586419751,0.507195216049382,1.157407407407407e-06
862613391892,86261339189,2,0,96915541339,1.0,"""[0",0.0,0.0,4.76837158203125e-06,1.3351440429687502e-05,2.1934509277343753e-05,3.0517578125e-05,4.00543212890625e-05,0.00026512145996000004,0.00026512145996000004," 0.00026512145996000004]""",0.000499725341796,0.000111579895019,0.0,0.0,0.0016937255859370002,0.00067138671875,0.0006933212280270001,0.0006933212280270001,0.50274537037037,0.5027465277777771,1.157407407407407e-06
862613391892,86261339189,2,0,93528350088,1.0,"""[0",0.0,0.0,0.0,0.0,1.3351440429687502e-05,2.6702880859375003e-05,2.6702880859375003e-05,2.6702880859375003e-05,2.6702880859375003e-05," 2.6702880859375003e-05]""",0.0,0.0,0.0,0.0,0.0016937255859370002,0.0,9.5367431640625e-07,9.5367431640625e-07,0.507193672839506,0.5071940586419751,3.858024691358024e-07
862613391892,86261339189,2,0,273020841744,1.0,"""[4.76837158203125e-06",3.4332275390625e-05,0.00019836425781200002,0.00041866302490200006,0.000682830810546,0.00090217590332,0.0011882781982420001,0.0028381347656250004,0.004844665527343001,0.00799560546875," 0.008865356445312]""",0.008834838867187,0.002338409423828,0.0,0.0,0.0016937255859370002,0.00042629241943300004,0.0013790130615230001,0.0007534027099600001,0.503908564814814,0.503917824074074,9.259259259259259e-06
862613391892,86261339189,2,0,62156450,1.0,"""[0",0.0,0.0,0.0,0.0,9.5367431640625e-07,9.5367431640625e-07,9.5367431640625e-07,9.5367431640625e-07,9.5367431640625e-07," 9.5367431640625e-07]""",0.0028190612792960003,0.0007905960083000001,0.0,0.0,0.0016937255859370002,6.29425048828125e-05,7.152557373046875e-05,7.152557373046875e-05,0.5040308641975301,0.504032021604938,1.157407407407407e-06
862613391892,86261339189,2,0,1713489854,1.0,"""[0",0.0,0.0,0.0,0.0,0.0,0.0,0.0,0.0,0.0,"0]""",0.0,0.0,0.0,0.0,0.0016937255859370002,0.0,9.5367431640625e-07,9.5367431640625e-07,0.504889660493827,0.5048900462962961,3.858024691358024e-07
862613391892,86261339189,2,0,376470464714,1.0,"""[0",0.0,0.0,0.0,0.0,0.0,0.0,0.0,0.0,0.0," 0]""",0.0,0.0,0.0,0.0,0.0016937255859370002,0.0,9.5367431640625e-07,9.5367431640625e-07,0.5068460648148141,0.5068464506172841,3.858024691358024e-07
862613391892,86261339189,2,0,104790782509,1.0,"""[0",0.0,0.0,0.0,0.0,0.0,0.0,0.0,0.0,0.0," 0]""",0.0,0.0,0.0,0.0,0.0016937255859370002,0.000669479370117,0.0006875991821280001,0.0006875991821280001,0.5055555555555551,0.5055559413580241,3.858024691358024e-07
862613391892,86261339189,2,0,1579459503,1.0,"""[0",0.0,0.0,0.0,0.0,0.0,0.0,0.0,0.0,0.0,"0]""",0.0,0.0,0.0,0.0,0.0016937255859370002,0.0,9.5367431640625e-07,9.5367431640625e-07,0.5012484567901231,0.5012488425925921,3.858024691358024e-07
862613391892,86261339189,2,0,92087434350,1.0,"""[0.000338554382324",0.000338554382324,0.000338554382324,0.000338554382324,0.000338554382324,0.000338554382324,0.000338554382324,0.000338554382324,0.000338554382324,0.000338554382324," 0.000338554382324]""",0.0,0.0,0.0,0.0,0.0016937255859370002,0.0,9.5367431640625e-07,9.5367431640625e-07,0.506059027777777,0.5060594135802461,3.858024691358024e-07
862613391892,86261339189,2,0,1715004957,1.0,"""[9.5367431640625e-07",9.5367431640625e-07,9.5367431640625e-07,9.5367431640625e-07,9.5367431640625e-07,9.5367431640625e-07,9.5367431640625e-07,9.5367431640625e-07,9.5367431640625e-07,9.5367431640625e-07," 9.5367431640625e-07]""",0.0,0.0,0.0,0.0,0.0016937255859370002,0.0006685256958000001,0.000682830810546,0.000682830810546,0.5020351080246911,0.502035879629629,7.716049382716048e-07
862613391892,86261339189,2,0,92087434350,1.0,"""[0",0.0,0.0,0.0,0.0,0.0,0.0,0.0,0.0,0.0," 0]""",0.0003662109375,0.0003662109375,0.0,0.0,0.0016937255859370002,0.0006675720214840001,0.000688552856445,0.000688552856445,0.5060733024691351,0.506073688271604,3.858024691358024e-07
862613391892,86261339189,2,0,376470464713,1.0,"""[0.002323150634765",0.002323150634765,0.002323150634765,0.002738952636718,0.002754211425781,0.0028190612792960003,0.0028800964355460003,0.0028953552246090003,0.005149841308593001,0.005149841308593001," 0.005149841308593001]""",0.005630493164062,0.003303527832031,0.0,0.0,0.0016937255859370002,9.5367431640625e-07,0.00013256072998000002,0.000126838684082,0.5072716049382711,0.5072731481481481,1.5432098765432092e-06
862613391892,86261339189,2,0,376470464713,1.0,"""[0",0.0,0.0,0.0,9.5367431640625e-07,9.5367431640625e-07,9.5367431640625e-07,9.5367431640625e-07,1.9073486328125e-06,1.9073486328125e-06," 1.9073486328125e-06]""",0.0,0.0,0.0,0.0,0.0016937255859370002,9.5367431640625e-07,9.5367431640625e-06,8.58306884765625e-06,0.5072731481481481,0.507274691358024,1.5432098765432092e-06
862613391892,86261339189,2,0,376470464714,1.0,"""[0",0.0,0.0,0.0,9.5367431640625e-07,1.9073486328125e-06,2.86102294921875e-06,3.814697265625e-06,3.814697265625e-06,3.814697265625e-06," 3.814697265625e-06]""",0.0030479431152340003,0.000834465026855,0.0,0.0,0.0016937255859370002,1.9073486328125e-06,1.3351440429687502e-05,1.3351440429687502e-05,0.5068491512345671,0.506850308641975,1.157407407407407e-06
862613391892,86261339189,2,0,104792005925,1.0,"""[7.2479248046875e-05",0.00048446655273400003,0.0005941390991210001,0.0009469985961910001,0.001247406005859,0.0013866424560540001,0.0030822753906250004,0.004798889160156,0.00750732421875,0.009552001953125," 0.00970458984375]""",0.00970458984375,0.0033836364746090003,0.0,0.0,0.0016937255859370002,0.000420570373535,0.0014019012451170001,0.00071907043457,0.502670138888888,0.502677854938271,7.71604938271605e-06
862613391892,86261339189,2,0,104791627997,1.0,"""[2.86102294921875e-06",2.86102294921875e-06,2.86102294921875e-06,2.86102294921875e-06,2.86102294921875e-06,2.86102294921875e-06,2.86102294921875e-06,2.86102294921875e-06,2.86102294921875e-06,2.86102294921875e-06," 2.86102294921875e-06]""",0.0,0.0,0.0,0.0,0.0016937255859370002,0.000673294067382,0.0006933212280270001,0.0006933212280270001,0.501963348765432,0.501963734567901,3.858024691358024e-07
862613391892,86261339189,2,0,1579786948,1.0,"""[0",0.0,0.0,0.0,0.0,0.0,0.0,0.0,0.0,0.0," 0]""",0.0,0.0,0.0,0.0,0.0016937255859370002,0.0,9.5367431640625e-07,9.5367431640625e-07,0.504945216049382,0.50494637345679,1.157407407407407e-06
862613391892,86261339189,2,0,62157273,1.0,"""[0",0.0,0.0,0.0,0.0,0.0,0.0,0.0,0.0,0.0," 0]""",0.0,0.0,0.0,0.0,0.0016937255859370002,0.0,9.5367431640625e-07,9.5367431640625e-07,0.50180787037037,0.5018082561728391,3.858024691358024e-07
862613391892,86261339189,2,0,104791627997,1.0,"""[0",0.0,0.0,0.0,0.0,0.0,0.0,0.0,0.0,0.0," 0]""",0.0,0.0,0.0,0.0,0.0016937255859370002,0.0,9.5367431640625e-07,9.5367431640625e-07,0.501963348765432,0.501963734567901,3.858024691358024e-07
862613391892,86261339189,2,0,92101747826,1.0,"""[0",0.0,0.0,0.0,9.5367431640625e-07,1.9073486328125e-06,2.86102294921875e-06,3.814697265625e-06,3.814697265625e-06,3.814697265625e-06," 3.814697265625e-06]""",0.0,0.0,0.0,0.0,0.0016937255859370002,1.9073486328125e-06,0.000249862670898,5.817413330078126e-05,0.5044602623456791,0.5044621913580241,1.929012345679012e-06
862613391892,86261339189,2,0,1579459503,1.0,"""[1.0490417480468752e-05",4.196166992187501e-05,0.000255584716796,0.000654220581054,0.0010833740234370002,0.0013103485107420001,0.002220153808593,0.003181457519531,0.007545471191406,0.008331298828125," 0.008880615234375]""",0.008865356445312,0.002918243408203,0.0,0.0,0.0016937255859370002,0.000399589538574,0.001354217529296,0.000707626342773,0.501236111111111,0.5012469135802461,1.080246913580246e-05
862613391892,86261339189,2,0,21378227,1.0,"""[0",0.0,0.0,0.0,0.0,0.0,0.0,0.0,0.0,0.0," 0]""",8.58306884765625e-06,8.58306884765625e-06,0.0,0.0,0.0016937255859370002,0.0,9.5367431640625e-07,9.5367431640625e-07,0.5025513117283951,0.502551697530864,3.858024691358024e-07
862613391892,86261339189,2,0,62157273,1.0,"""[0.000129699707031",0.00038719177246000004,0.0006866455078120001,0.001251220703125,0.001504898071289,0.0022239685058590003,0.0028076171875,0.004341125488281,0.0074462890625,0.007621765136718001," 0.007827758789062]""",0.0078125,0.003162384033203,0.0,0.0,0.0016937255859370002,0.00041484832763600003,0.0013484954833980001,0.0007534027099600001,0.507706018518518,0.507717206790123,1.118827160493827e-05
862613391892,86261339189,2,0,36050693694,1.0,"""[1.52587890625e-05",1.52587890625e-05,1.52587890625e-05,1.52587890625e-05,1.52587890625e-05,1.52587890625e-05,1.52587890625e-05,1.52587890625e-05,1.52587890625e-05,1.52587890625e-05," 1.52587890625e-05]""",0.0,0.0,0.0,0.0,0.0016937255859370002,0.0,9.5367431640625e-07,9.5367431640625e-07,0.507625,0.5076253858024691,3.858024691358024e-07
862613391892,86261339189,2,0,36050693694,1.0,"""[0",0.00045394897460900003,0.000950813293457,0.00131607055664,0.001504898071289,0.001705169677734,0.0021476745605460003,0.003044128417968,0.004302978515625,0.006698608398437," 0.007553100585937]""",0.008529663085937,0.002704620361328,0.0,0.0,0.0016937255859370002,0.000403404235839,0.001422882080078,0.000776290893554,0.5076253858024691,0.5076377314814811,1.234567901234567e-05
862613391892,86261339189,2,0,1377377717,1.0,"""[0",0.0,0.0,0.0,0.0,0.0,0.0,0.0,0.0,0.0,"0]""",0.0,0.0,0.0,0.0,0.0016937255859370002,0.0,9.5367431640625e-07,9.5367431640625e-07,0.509457175925925,0.5094575617283951,3.858024691358024e-07
862613391892,86261339189,2,0,62156450,1.0,"""[0",0.0,0.0,0.0,0.0,5.7220458984375e-06,1.0490417480468752e-05,1.0490417480468752e-05,1.0490417480468752e-05,1.0490417480468752e-05," 1.0490417480468752e-05]""",0.0,0.0,0.0,0.0,0.0016937255859370002,0.0,9.5367431640625e-07,9.5367431640625e-07,0.504027391975308,0.5040277777777771,3.858024691358024e-07
862613391892,86261339189,2,0,104795438993,1.0,"""[1.52587890625e-05",1.52587890625e-05,1.52587890625e-05,1.52587890625e-05,1.52587890625e-05,1.52587890625e-05,1.52587890625e-05,1.52587890625e-05,1.52587890625e-05,1.52587890625e-05," 1.52587890625e-05]""",0.0,0.0,0.0,0.0,0.0016937255859370002,0.0,9.5367431640625e-07,9.5367431640625e-07,0.505972608024691,0.50597299382716,3.858024691358024e-07
862613391892,86261339189,2,0,105124169450,1.0,"""[3.814697265625e-05",0.000580787658691,0.0009422302246090001,0.001346588134765,0.0017528533935540001,0.00235366821289,0.002754211425781,0.003101348876953,0.0033721923828120004,0.004173278808593001," 0.006759643554687]""",0.006736755371093001,0.002460479736328,0.0,0.0,0.0016937255859370002,0.00054931640625,0.0014057159423820002,0.001054763793945,0.5069444444444441,0.506957175925925,1.273148148148148e-05
862613391892,86261339189,2,0,104790782509,1.0,"""[0",0.0,0.0,0.0,0.0,0.0012950897216790001,0.0025901794433590003,0.0025901794433590003,0.0025901794433590003,0.0025901794433590003," 0.0025901794433590003]""",0.002735137939453,0.001367568969726,0.0,0.0,0.0016937255859370002,0.0,4.100799560546875e-05,2.0980834960937503e-05,0.5055555555555551,0.505556327160493,7.716049382716048e-07
862613391892,86261339189,2,0,22761125,1.0,"""[0",0.0,0.0,0.0,9.5367431640625e-07,9.5367431640625e-07,9.5367431640625e-07,9.5367431640625e-07,9.5367431640625e-07,1.9073486328125e-06," 1.9073486328125e-06]""",0.0009708404541010001,0.0,0.0,0.0,0.0016937255859370002,5.435943603515626e-05,6.389617919921875e-05,6.29425048828125e-05,0.50344637345679,0.503449459876543,3.0864197530864187e-06
862613391892,86261339189,2,0,104792005925,0.8571428656578061,"""[0",0.0,0.0,0.0,0.0,0.0,0.0,0.0,0.0,0.0," 0]""",0.00023460388183500002,6.67572021484375e-05,0.0,0.0,0.0016937255859370002,0.000669479370117,0.000689506530761,0.000689506530761,0.502677854938271,0.502680555555555,2.7006172839506168e-06
862613391892,86261339189,2,0,25600640519,1.0,"""[0",0.0,0.0,0.0,0.0,9.5367431640625e-07,9.5367431640625e-07,9.5367431640625e-07,9.5367431640625e-07,9.5367431640625e-07," 9.5367431640625e-07]""",0.0,0.0,0.0,0.0,0.0016937255859370002,6.008148193359376e-05,6.866455078125e-05,6.866455078125e-05,0.5011489197530861,0.5011504629629631,1.5432098765432092e-06
862613391892,86261339189,2,0,1713489854,1.0,"""[1.0490417480468752e-05",1.0490417480468752e-05,1.0490417480468752e-05,1.0490417480468752e-05,1.0490417480468752e-05,1.0490417480468752e-05,1.0490417480468752e-05,1.0490417480468752e-05,1.0490417480468752e-05,1.0490417480468752e-05," 1.0490417480468752e-05]""",0.0,0.0,0.0,0.0,0.0016937255859370002,0.0,9.5367431640625e-07,9.5367431640625e-07,0.504876929012345,0.504877314814814,3.858024691358024e-07
862613391892,86261339189,2,0,104795438993,1.0,"""[3.4332275390625e-05",0.00041866302490200006,0.0006380081176750001,0.001100540161132,0.001232147216796,0.001474380493164,0.0019798278808590003,0.00433349609375,0.007331848144531,0.008651733398437," 0.00927734375]""",0.00927734375,0.003089904785156,0.0,0.0,0.0016937255859370002,0.00039005279541,0.00139045715332,0.0006637573242180001,0.5059645061728391,0.505972222222222,7.71604938271605e-06
862613391892,86261339189,2,0,20967707,1.0,"""[0",0.00041866302490200006,0.0005722045898430001,0.001033782958984,0.0011882781982420001,0.0013427734375,0.002246856689453,0.003410339355468,0.007728576660156,0.008224487304687," 0.011383056640625002]""",0.011383056640625002,0.0032310485839840003,0.0,0.0,0.0016937255859370002,0.000401496887207,0.0013580322265620002,0.000745773315429,0.50646836419753,0.506478009259259,9.645061728395062e-06
862613391892,86261339189,2,0,1128423235,1.0,"""[0",0.0,0.0,0.0,0.0,0.0,0.0,0.0,0.0,0.0," 0]""",0.0,0.0,0.0,0.0,0.0016937255859370002,0.0006685256958000001,0.0006856918334960001,0.0006856918334960001,0.502800540123456,0.5028009259259261,3.858024691358024e-07
862613391892,86261339189,2,0,375997482340,1.0,"""[0",0.0,0.0,0.0,8.58306884765625e-06,2.1934509277343753e-05,3.528594970703125e-05,0.00016403198242100002,0.00016403198242100002,0.00016403198242100002," 0.00016403198242100002]""",0.000222206115722,6.67572021484375e-05,0.0,0.0,0.0016937255859370002,0.0006675720214840001,0.0006875991821280001,0.0006866455078120001,0.5040717592592591,0.5040733024691351,1.5432098765432092e-06
862613391892,86261339189,2,0,96915364772,1.0,"""[0",0.0,2.1934509277343753e-05,6.580352783203125e-05,0.000506401062011,0.0009469985961910001,0.001079559326171,0.001211166381835,0.004661560058593001,0.008087158203125," 0.008087158203125]""",0.008132934570312,0.002586364746093,0.0,0.0,0.0016937255859370002,9.5367431640625e-07,0.0007019042968750001,0.000529289245605,0.505741512345679,0.505743055555555,1.5432098765432092e-06
862613391892,86261339189,2,0,376470464713,1.0,"""[0",0.0,0.0,0.0,0.0,0.0,0.0,0.0,0.0,0.0," 0]""",0.00032520294189400005,6.4849853515625e-05,0.0,0.0,0.0016937255859370002,0.000669479370117,0.0006856918334960001,0.0006856918334960001,0.507269290123456,0.5072712191358021,1.929012345679012e-06
862613391892,86261339189,2,0,21393415,1.0,"""[0",0.0,0.0,0.0,0.0,0.0,0.0,0.0,0.0,0.0," 0]""",0.0,0.0,0.0,0.0,0.0016937255859370002,0.0,9.5367431640625e-07,9.5367431640625e-07,0.502068287037037,0.5020686728395061,3.858024691358024e-07
862613391892,86261339189,2,0,105124169450,1.0,"""[0",0.0,0.0,0.0,0.0,0.0,0.0,0.0,0.0,0.0," 0]""",0.0005149841308590001,0.00017166137695300002,0.0,0.0,0.0016937255859370002,0.0006675720214840001,0.0006856918334960001,0.0006856918334960001,0.506957175925925,0.5069583333333331,1.157407407407407e-06
862613391892,86261339189,2,0,105214688657,1.0,"""[1.9073486328125e-06",1.9073486328125e-06,1.9073486328125e-06,1.9073486328125e-06,1.9073486328125e-06,1.9073486328125e-06,1.9073486328125e-06,1.9073486328125e-06,1.9073486328125e-06,1.9073486328125e-06," 1.9073486328125e-06]""",0.0,0.0,0.0,0.0,0.0016937255859370002,0.0006685256958000001,0.000682830810546,0.000682830810546,0.505885030864197,0.5058854166666661,3.858024691358024e-07
862613391892,86261339189,2,0,105124169450,1.0,"""[2.4795532226562503e-05",2.4795532226562503e-05,2.4795532226562503e-05,2.4795532226562503e-05,2.4795532226562503e-05,2.4795532226562503e-05,2.4795532226562503e-05,2.4795532226562503e-05,2.4795532226562503e-05,2.4795532226562503e-05," 2.4795532226562503e-05]""",0.0,0.0,0.0,0.0,0.0016937255859370002,0.0,9.5367431640625e-07,9.5367431640625e-07,0.506942129629629,0.506942515432098,3.858024691358024e-07
862613391892,86261339189,2,0,62156450,1.0,"""[0.002368927001953",0.002368927001953,0.002368927001953,0.002368927001953,0.004188537597656,0.004203796386718001,0.004219055175781,0.004402160644531,0.004402160644531,0.004402160644531," 0.004402160644531]""",0.004318237304687,0.0039024353027340003,0.0,0.0,0.0016937255859370002,2.9563903808593753e-05,0.0007219314575190001,0.0006322860717770001,0.504029706790123,0.5040308641975301,1.157407407407407e-06
862613391892,86261339189,2,0,21378227,1.0,"""[0",0.0,0.0,0.0,0.0,0.0,0.0,0.0,0.0,0.0,"0]""",0.0,0.0,0.0,0.0,0.0016937255859370002,0.0,9.5367431640625e-07,9.5367431640625e-07,0.5025625,0.502562885802469,3.858024691358024e-07
862613391892,86261339189,2,0,1377377717,1.0,"""[0",0.0,0.0,0.0,0.0,0.0,0.0,0.0,0.0,0.0," 0]""",0.000253677368164,8.487701416015626e-05,0.0,0.0,0.0016937255859370002,0.000666618347167,0.0006866455078120001,0.0006866455078120001,0.50946836419753,0.5094695216049381,1.157407407407407e-06
862613391892,86261339189,2,0,25600640519,1.0,"""[0.001567840576171",0.001567840576171,0.001567840576171,0.001567840576171,0.001567840576171,0.001567840576171,0.001567840576171,0.001567840576171,0.001567840576171,0.001567840576171," 0.001567840576171]""",0.0,0.0,0.0,0.0,0.0016937255859370002,0.0,9.5367431640625e-07,9.5367431640625e-07,0.501146219135802,0.501146604938271,3.858024691358024e-07
862613391892,86261339189,2,0,1713489854,1.0,"""[0",0.0,0.0,0.0,0.0,0.0,0.0,0.0,0.0,0.0," 0]""",0.0,0.0,0.0,0.0,0.0016937255859370002,0.0,9.5367431640625e-07,9.5367431640625e-07,0.504889274691358,0.504889660493827,3.858024691358024e-07
862613391892,86261339189,2,0,382797076623,1.0,"""[0",0.0,0.0,0.0,0.0,0.0,0.0,0.0,0.0,0.0," 0]""",0.0,0.0,0.0,0.0,0.0016937255859370002,0.0,9.5367431640625e-07,9.5367431640625e-07,0.506900077160493,0.50690162037037,1.5432098765432092e-06
862613391892,86261339189,2,0,1713489854,1.0,"""[0",0.0,0.0,0.0,0.0,0.0,0.0,0.0,0.0,0.0,"0]""",0.0,0.0,0.0,0.0,0.0016937255859370002,0.000666618347167,0.0006799697875970001,0.0006799697875970001,0.504889660493827,0.5048900462962961,3.858024691358024e-07
862613391892,86261339189,2,0,22761125,1.0,"""[0",0.0,0.0,0.0,0.0,0.0,0.0,0.0,0.0,0.0,"0]""",0.0,0.0,0.0,0.0,0.0016937255859370002,0.0,9.5367431640625e-07,9.5367431640625e-07,0.5034440586419751,0.503444444444444,3.858024691358024e-07
862613391892,86261339189,2,0,25600640519,1.0,"""[0",0.0,0.0,0.0,0.0,0.0,0.0,0.0,0.0,0.0," 0]""",0.0,0.0,0.0,0.0,0.0016937255859370002,0.0,9.5367431640625e-07,9.5367431640625e-07,0.501145447530864,0.5011458333333331,3.858024691358024e-07
862613391892,86261339189,2,0,92101747826,1.0,"""[3.528594970703125e-05",0.0005455017089840001,0.0007019042968750001,0.00124168395996,0.0013580322265620002,0.002464294433593,0.004524230957031,0.005180358886718001,0.00592041015625,0.006301879882812," 0.007301330566406]""",0.010833740234375,0.0031890869140620004,0.0,0.0,0.0016937255859370002,0.000388145446777,0.0013866424560540001,0.0007820129394530001,0.5044436728395061,0.504456790123456,1.3117283950617281e-05
862613391892,86261339189,2,0,92087434350,1.0,"""[0",0.00033473968505800004,0.0006256103515620001,0.000871658325195,0.0009899139404290001,0.001167297363281,0.002490997314453,0.0037956237792960003,0.004913330078125,0.006790161132812," 0.007316589355468001]""",0.007308959960937,0.002571105957031,0.0,0.0,0.0016937255859370002,0.000351905822753,0.0014095306396480001,0.0007238388061520001,0.5060594135802461,0.5060733024691351,1.3888888888888891e-05
862613391892,86261339189,2,0,21378227,1.0,"""[0",0.0,0.0,0.0,0.0,0.0,0.0,0.0,0.0,0.0," 0]""",0.0,0.0,0.0,0.0,0.0016937255859370002,0.0,9.5367431640625e-07,9.5367431640625e-07,0.5025617283950611,0.5025625,7.716049382716048e-07
862613391892,86261339189,2,0,22761125,1.0,"""[0",0.0,0.0,0.0,0.003532409667968,0.003543853759765,0.003559112548828,0.0038909912109370004,0.0038909912109370004,0.0038909912109370004," 0.0038909912109370004]""",0.007415771484375001,0.004081726074218001,0.0,0.0,0.0016937255859370002,3.62396240234375e-05,0.000287055969238,0.00015068054199200001,0.5034452160493821,0.50344637345679,1.157407407407407e-06
862613391892,86261339189,2,0,376470464714,1.0,"""[0",0.0,0.0,0.0,0.0,0.0,0.0,0.0,0.0,0.0," 0]""",0.0,0.0,0.0,0.0,0.0016937255859370002,0.000666618347167,0.00068187713623,0.00068187713623,0.5068464506172841,0.506846836419753,3.858024691358024e-07
862613391892,86261339189,2,0,104792005925,1.0,"""[0",0.0,0.0,0.0,0.0,0.0,0.0,0.0,0.0,0.0," 0]""",1.811981201171875e-05,4.76837158203125e-06,0.0,0.0,0.0016937255859370002,0.0,9.5367431640625e-07,9.5367431640625e-07,0.502679012345679,0.502680555555555,1.5432098765432092e-06
862613391892,86261339189,2,0,92101747826,1.0,"""[0",0.0,0.0,0.0,0.0,0.0,0.0,0.0,0.0,0.0," 0]""",0.00039577484130800004,9.918212890625001e-05,0.0,0.0,0.0016937255859370002,0.000670433044433,0.0006904602050780001,0.0006904602050780001,0.504456790123456,0.504458333333333,1.5432098765432092e-06
862613391892,86261339189,2,0,62157273,1.0,"""[0",0.0,0.0,0.0,0.0,0.0,0.0,0.0,0.0,0.0,"0]""",0.0,0.0,0.0,0.0,0.0016937255859370002,0.0,9.5367431640625e-07,9.5367431640625e-07,0.5018082561728391,0.5018086419753081,3.858024691358024e-07
862613391892,86261339189,2,0,21205045,1.0,"""[7.343292236328125e-05",0.000250816345214,0.000577926635742,0.0009288787841790001,0.001161575317382,0.001298904418945,0.00278091430664,0.004043579101562,0.007209777832031,0.007568359375," 0.008193969726562]""",0.008193969726562,0.0030059814453120004,0.0,0.0,0.0016937255859370002,0.00043869018554600005,0.001375198364257,0.0007543563842770001,0.505525077160493,0.50553549382716,1.0416666666666661e-05
862613391892,86261339189,2,0,93528350088,1.0,"""[3.24249267578125e-05",0.00031661987304600005,0.000490188598632,0.000555038452148,0.000871658325195,0.001056671142578,0.002342224121093,0.004203796386718001,0.005867004394531,0.006248474121093001," 0.006874084472656]""",0.006858825683593001,0.0025291442871090003,0.0,0.0,0.0016937255859370002,0.00037479400634700004,0.00139045715332,0.0006990432739250001,0.507180169753086,0.5071929012345681,1.273148148148148e-05
862613391892,86261339189,2,0,1579786948,1.0,"""[6.103515625e-05",0.000255584716796,0.000849723815917,0.001117706298828,0.001346588134765,0.0019149780273430002,0.0024566650390620004,0.003990173339843001,0.006462097167968001,0.007080078125," 0.007659912109375001]""",0.007659912109375001,0.0031433105468750004,0.0,0.0,0.0016937255859370002,0.00041484832763600003,0.001382827758789,0.0007896423339840001,0.504934413580246,0.5049448302469131,1.0416666666666661e-05
862613391892,86261339189,2,0,3092500485,1.0,"""[0",0.0,0.0,0.0,0.0,0.0,0.0,0.0,0.0,0.0," 0]""",0.0,0.0,0.0,0.0,0.0016937255859370002,0.0,1.9073486328125e-06,1.9073486328125e-06,0.504726080246913,0.50472762345679,1.5432098765432092e-06
862613391892,86261339189,2,0,1579459503,1.0,"""[0",0.0,0.0,0.0,0.0,0.0,0.0,0.0,0.0,0.0," 0]""",0.000205993652343,5.149841308593751e-05,0.0,0.0,0.0016937255859370002,0.00067138671875,0.0006856918334960001,0.0006856918334960001,0.5012469135802461,0.5012484567901231,1.5432098765432092e-06
862613391892,86261339189,2,0,25600640519,1.0,"""[2.8610229492187503e-05",0.000497817993164,0.000673294067382,0.001272201538085,0.001461029052734,0.002532958984375,0.003116607666015,0.005729675292968001,0.006439208984375001,0.006698608398437," 0.006919860839843001]""",0.006973266601562,0.003177642822265,0.0,0.0,0.0016937255859370002,0.00045108795166,0.0013504028320310002,0.0008440017700190001,0.5011323302469131,0.501145061728395,1.273148148148148e-05
862613391892,86261339189,2,0,3092500485,1.0,"""[0",0.0,0.0,0.0,0.0,0.0,0.0,0.0,0.0,0.0," 0]""",0.00053596496582,0.000106811523437,0.0,0.0,0.0016937255859370002,0.000669479370117,0.000683784484863,0.000683784484863,0.504725694444444,0.50472762345679,1.929012345679012e-06
862613391892,86261339189,2,0,21378227,1.0,"""[3.147125244140625e-05",0.00040531158447200004,0.000590324401855,0.000730514526367,0.001201629638671,0.0015411376953120002,0.0033531188964840003,0.003864288330078,0.006095886230468001,0.007369995117187," 0.008148193359375]""",0.008132934570312,0.0028228759765620004,0.0,0.0,0.0016937255859370002,0.00043869018554600005,0.001367568969726,0.0007715225219720001,0.502551697530864,0.502561342592592,9.645061728395062e-06
862613391892,86261339189,2,0,1579711803,1.0,"""[0",0.0,0.0,0.0,0.0,0.0,0.0,0.0,0.0,0.0," 0]""",0.00024032592773400003,0.00012016296386700001,0.0,0.0,0.0016937255859370002,0.0006685256958000001,0.000669479370117,0.000669479370117,0.501176697530864,0.5011774691358021,7.716049382716048e-07
862613391892,86261339189,2,0,376657896540,1.0,"""[0",0.0,0.0,0.0,0.0,0.0,0.0,0.0,0.0,0.0," 0]""",0.0,0.0,0.0,0.0,0.0016937255859370002,0.0,9.5367431640625e-07,9.5367431640625e-07,0.509278163580246,0.509278549382716,3.858024691358024e-07
862613391892,86261339189,2,0,376470464713,1.0,"""[2.1934509277343753e-05",2.1934509277343753e-05,2.1934509277343753e-05,2.1934509277343753e-05,2.1934509277343753e-05,2.1934509277343753e-05,2.1934509277343753e-05,2.1934509277343753e-05,2.1934509277343753e-05,2.1934509277343753e-05," 2.1934509277343753e-05]""",0.0,0.0,0.0,0.0,0.0016937255859370002,0.0,9.5367431640625e-07,9.5367431640625e-07,0.507255015432098,0.507255401234567,3.858024691358024e-07
862613391892,86261339189,2,0,21372228,1.0,"""[9.5367431640625e-07",9.5367431640625e-07,9.5367431640625e-07,9.5367431640625e-07,9.5367431640625e-07,9.5367431640625e-07,9.5367431640625e-07,9.5367431640625e-07,9.5367431640625e-07,9.5367431640625e-07," 9.5367431640625e-07]""",0.0,0.0,0.0,0.0,0.0016937255859370002,0.0006685256958000001,0.000683784484863,0.000683784484863,0.5085046296296291,0.508505015432098,3.858024691358024e-07
862613391892,86261339189,2,0,21372228,1.0,"""[0",0.0,0.0,0.0,0.0,0.0,0.0,0.0,0.0,0.0," 0]""",0.0,0.0,0.0,0.0,0.0016937255859370002,0.0,9.5367431640625e-07,9.5367431640625e-07,0.5085042438271601,0.5085046296296291,3.858024691358024e-07
862613391892,86261339189,2,0,376470464713,1.0,"""[0",7.2479248046875e-05,0.00014114379882800002,0.000555038452148,0.001117706298828,0.001262664794921,0.002006530761718,0.003223419189453,0.00439453125,0.004966735839843001," 0.006248474121093001]""",0.006629943847656,0.0020561218261710003,0.0,0.0,0.0016937255859370002,0.00046825408935500005,0.001428604125976,0.0009536743164060001,0.507255401234567,0.507269290123456,1.3888888888888891e-05
862613391892,86261339189,2,0,93528350088,1.0,"""[0",0.0,0.0,9.5367431640625e-07,9.5367431640625e-07,9.5367431640625e-07,1.9073486328125e-06,1.9073486328125e-06,1.9073486328125e-06,2.86102294921875e-06," 2.86102294921875e-06]""",0.0,0.0,0.0,0.0,0.0016937255859370002,1.9073486328125e-06,1.0490417480468752e-05,9.5367431640625e-06,0.507196759259259,0.507199459876543,2.7006172839506168e-06
862613391892,86261339189,2,0,21372228,1.0,"""[0",0.0,0.0,0.0,0.0,0.0,0.0,0.0,0.0,0.0," 0]""",0.00028324127197200004,0.00014209747314400002,0.0,0.0,0.0016937255859370002,0.000669479370117,0.000683784484863,0.000683784484863,0.508503858024691,0.5085046296296291,7.716049382716048e-07
862613391892,86261339189,2,0,21372228,1.0,"""[0",0.0,0.0,0.0,0.0,0.0,0.0,0.0,0.0,0.0," 0]""",0.0,0.0,0.0,0.0,0.0016937255859370002,0.0,9.5367431640625e-07,9.5367431640625e-07,0.5085046296296291,0.508505015432098,3.858024691358024e-07
862613391892,86261339189,2,0,22761125,1.0,"""[9.5367431640625e-06",0.00015830993652300002,0.000493049621582,0.0007400512695310001,0.0012187957763670001,0.0013866424560540001,0.0018749237060540001,0.003662109375,0.00592041015625,0.006027221679687," 0.008026123046875]""",0.008026123046875,0.002506256103515,0.0,0.0,0.0016937255859370002,0.000433921813964,0.00140380859375,0.000750541687011,0.503429398148148,0.503443287037037,1.3888888888888891e-05
862613391892,86261339189,2,0,96915541339,1.0,"""[0",0.0,0.0,0.0,0.0,0.0,0.0,0.0,0.0,0.0," 0]""",0.0,0.0,0.0,0.0,0.0016937255859370002,0.0,1.9073486328125e-06,1.9073486328125e-06,0.502745756172839,0.502746913580246,1.157407407407407e-06
862613391892,86261339189,2,0,92101747826,1.0,"""[0",0.0,0.0,0.0,0.0,0.0,0.0,0.0,0.0,0.0,"0]""",0.0,0.0,0.0,0.0,0.0016937255859370002,0.0,9.5367431640625e-07,9.5367431640625e-07,0.5044575617283951,0.504457947530864,3.858024691358024e-07
862613391892,86261339189,2,0,104790782509,1.0,"""[1.52587890625e-05",0.00048828124999999995,0.0006256103515620001,0.001026153564453,0.00124168395996,0.00160789489746,0.002227783203125,0.004554748535156,0.005180358886718001,0.005897521972656," 0.007270812988281]""",0.008056640625,0.0027580261230460003,0.0,0.0,0.0016937255859370002,0.000409126281738,0.0014095306396480001,0.0008516311645500001,0.505542824074074,0.5055543981481481,1.157407407407407e-05
862613391892,86261339189,2,0,62156450,1.0,"""[0",0.0,0.0,0.0,0.0,0.0,0.0,0.0,0.0,0.0," 0]""",0.0,0.0,0.0,0.0,0.0016937255859370002,0.0,9.5367431640625e-07,9.5367431640625e-07,0.504014660493827,0.504015046296296,3.858024691358024e-07
862613391892,86261339189,2,0,105214688657,1.0,"""[0",0.0,0.0,0.0,0.0,9.5367431640625e-07,9.5367431640625e-07,9.5367431640625e-07,9.5367431640625e-07,9.5367431640625e-07," 9.5367431640625e-07]""",0.0,0.0,0.0,0.0,0.0016937255859370002,2.86102294921875e-06,1.3351440429687502e-05,1.2397766113281252e-05,0.505886188271604,0.505889274691358,3.0864197530864187e-06
862613391892,86261339189,2,0,36050693694,1.0,"""[0",0.0,0.0,2.1934509277343753e-05,0.00017642974853500002,0.000329971313476,0.000351905822753,0.00037384033203100004,0.0026206970214840003,0.004844665527343001," 0.004844665527343001]""",0.004768371582031,0.0013790130615230001,0.0,0.0,0.0016937255859370002,9.5367431640625e-06,0.00011920928955000001,6.580352783203125e-05,0.507640046296296,0.507641589506172,1.5432098765432092e-06
862613391892,86261339189,2,0,21205045,1.0,"""[0",0.0,0.0,0.0,0.0,0.0,0.0,0.0,0.0,0.0," 0]""",0.00024318695068300001,4.863739013671876e-05,0.0,0.0,0.0016937255859370002,0.0006685256958000001,0.000682830810546,0.00068187713623,0.50553549382716,0.5055374228395061,1.929012345679012e-06
862613391892,86261339189,2,0,92087434350,0.5,"""[0",0.0,0.0,0.0,0.0,0.0,0.0,0.0,0.0,0.0,"0]""",0.0,0.0,0.0,0.0,0.0016937255859370002,0.0006675720214840001,0.0006875991821280001,0.0006875991821280001,0.506073688271604,0.5060744598765431,7.716049382716048e-07
862613391892,86261339189,2,0,376657896540,1.0,"""[0",0.0,0.0,0.0,8.58306884765625e-06,2.1934509277343753e-05,3.528594970703125e-05,0.00025272369384700004,0.00025272369384700004,0.00025272369384700004," 0.00025272369384700004]""",0.00025272369384700004,0.00010108947753900001,0.0,0.0,0.0016937255859370002,0.000666618347167,0.000680923461914,0.0006799697875970001,0.5092773919753081,0.509278549382716,1.157407407407407e-06
862613391892,86261339189,2,0,96915541339,1.0,"""[0",0.0,0.0,0.0,0.0,0.0,0.0,0.0,0.0,0.0,"0]""",0.0,0.0,0.0,0.0,0.0016937255859370002,0.00067138671875,0.0006933212280270001,0.0006933212280270001,0.5027465277777771,0.502746913580246,3.858024691358024e-07
862613391892,86261339189,2,0,376470464713,1.0,"""[0",0.0,0.0,0.0,0.0,0.0,0.0,0.0,0.0,0.0," 0]""",0.0,0.0,0.0,0.0,0.0016937255859370002,0.0,9.5367431640625e-07,9.5367431640625e-07,0.5072696759259261,0.5072700617283951,3.858024691358024e-07
862613391892,86261339189,2,0,189002544102,1.0,"""[0.000280380249023",0.0005149841308590001,0.000612258911132,0.0009765625,0.0010833740234370002,0.0015182495117180002,0.004440307617187,0.0050048828125,0.006179809570312,0.006843566894531," 0.008834838867187]""",0.01568603515625,0.0032463073730460003,0.0,0.0,0.0016937255859370002,0.000371932983398,0.0014095306396480001,0.000725746154785,0.5080655864197531,0.508075231481481,9.645061728395062e-06
862613391892,86261339189,2,0,104791627997,1.0,"""[1.4305114746093752e-05",1.4305114746093752e-05,1.4305114746093752e-05,1.4305114746093752e-05,1.4305114746093752e-05,1.4305114746093752e-05,1.4305114746093752e-05,1.4305114746093752e-05,1.4305114746093752e-05,1.4305114746093752e-05," 1.4305114746093752e-05]""",0.0,0.0,0.0,0.0,0.0016937255859370002,0.0,9.5367431640625e-07,9.5367431640625e-07,0.501953317901234,0.5019537037037031,3.858024691358024e-07
862613391892,86261339189,2,0,62156450,1.0,"""[4.76837158203125e-06",4.76837158203125e-06,4.76837158203125e-06,4.76837158203125e-06,4.76837158203125e-06,4.76837158203125e-06,4.76837158203125e-06,4.76837158203125e-06,4.76837158203125e-06,4.76837158203125e-06," 4.76837158203125e-06]""",0.0,0.0,0.0,0.0,0.0016937255859370002,0.0,9.5367431640625e-07,9.5367431640625e-07,0.504013888888888,0.5040142746913581,3.858024691358024e-07
862613391892,86261339189,2,0,376470464713,1.0,"""[0",0.0,0.0,0.0,0.0,0.00192642211914,0.003852844238281,0.003852844238281,0.003852844238281,0.003852844238281," 0.003852844238281]""",0.0037994384765620004,0.0018997192382810002,0.0,0.0,0.0016937255859370002,0.0,5.7220458984375e-06,3.814697265625e-06,0.507270447530864,0.5072712191358021,7.716049382716048e-07
862613391892,86261339189,2,0,1715004957,1.0,"""[0",0.0,0.0,0.0,0.0,0.0,0.0,0.0,0.0,0.0," 0]""",0.00033760070800700005,0.00016880035400300002,0.0,0.0,0.0016937255859370002,0.0006685256958000001,0.000683784484863,0.000683784484863,0.502034336419753,0.5020351080246911,7.716049382716048e-07
862613391892,86261339189,2,0,1713257708,1.0,"""[4.196166992187501e-05",0.000308036804199,0.000506401062011,0.0008144378662100001,0.00125503540039,0.00169563293457,0.0029258728027340003,0.004425048828125,0.0064697265625,0.007064819335937," 0.009002685546875]""",0.009002685546875,0.0031089782714840003,0.0,0.0,0.0016937255859370002,0.00043773651123000005,0.001369476318359,0.0007781982421870001,0.504650462962963,0.5046616512345671,1.118827160493827e-05
862613391892,86261339189,2,0,96915541339,1.0,"""[0",0.0,0.0,0.0,0.0,0.0,0.0,0.0,0.0,0.0," 0]""",0.0,0.0,0.0,0.0,0.0016937255859370002,0.0,9.5367431640625e-07,9.5367431640625e-07,0.502746913580246,0.502747299382716,3.858024691358024e-07
862613391892,86261339189,2,0,105124169450,1.0,"""[0",0.0,0.0,0.0,0.00022888183593700002,0.00024223327636700001,0.000255584716796,0.000547409057617,0.000547409057617,0.000547409057617," 0.000547409057617]""",0.002021789550781,0.001129150390625,0.0,0.0,0.0016937255859370002,4.76837158203125e-06,6.389617919921875e-05,5.912780761718751e-05,0.506959104938271,0.506960648148148,1.5432098765432092e-06
862613391892,86261339189,2,0,25600640519,1.0,"""[0.004638671875",0.004638671875,0.004638671875,0.004638671875,0.004638671875,0.005416870117187,0.006195068359375001,0.006195068359375001,0.006195068359375001,0.006195068359375001," 0.006195068359375001]""",0.006156921386718001,0.0038795471191400005,0.0,0.0,0.0016937255859370002,9.5367431640625e-07,0.00010108947753900001,8.773803710937501e-05,0.501146604938271,0.5011473765432091,7.716049382716048e-07
862613391892,86261339189,2,0,36050693694,1.0,"""[0",0.0,0.0,0.0,0.0,0.00011730194091700002,0.00023460388183500002,0.00023460388183500002,0.00023460388183500002,0.00023460388183500002," 0.00023460388183500002]""",0.00023460388183500002,0.000106811523437,0.0,0.0,0.0016937255859370002,0.0006933212280270001,0.0007104873657220001,0.0007104873657220001,0.5076377314814811,0.5076388888888881,1.157407407407407e-06
862613391892,86261339189,2,0,62157273,1.0,"""[1.4305114746093752e-05",7.05718994140625e-05,0.00022888183593700002,0.0006074905395500001,0.000986099243164,0.0014095306396480001,0.002490997314453,0.00278091430664,0.007583618164062,0.008148193359375," 0.00836181640625]""",0.008331298828125,0.0028533935546870004,0.0,0.0,0.0016937255859370002,0.000421524047851,0.001344680786132,0.0007476806640620001,0.501797453703703,0.501807484567901,1.003086419753086e-05
862613391892,86261339189,2,0,105214688657,1.0,"""[0",0.0,0.0,0.0,0.0,0.0,0.0,0.0,0.0,0.0,"0]""",0.0,0.0,0.0,0.0,0.0016937255859370002,0.0,9.5367431640625e-07,9.5367431640625e-07,0.5058796296296291,0.505880015432098,3.858024691358024e-07
862613391892,86261339189,2,0,105214688657,1.0,"""[3.910064697265625e-05",0.000497817993164,0.000775337219238,0.0010967254638670001,0.0015945434570310002,0.003059387207031,0.0037345886230460003,0.004051208496093001,0.004257202148437,0.004554748535156," 0.005104064941406]""",0.005104064941406,0.002582550048828,0.0,0.0,0.0016937255859370002,0.00046539306640600004,0.0013809204101560002,0.0008735656738280001,0.5058661265432091,0.505878858024691,1.273148148148148e-05
862613391892,86261339189,2,0,22620985,1.0,"""[0",0.0,0.0,0.0,0.0,0.0,0.0,0.0,0.0,0.0," 0]""",0.0,0.0,0.0,0.0,0.0016937255859370002,0.0,9.5367431640625e-07,9.5367431640625e-07,0.506236111111111,0.5062364969135801,3.858024691358024e-07
862613391892,86261339189,2,0,22620985,1.0,"""[1.52587890625e-05",6.580352783203125e-05,0.00010299682617100001,0.00041866302490200006,0.0009241104125970001,0.001430511474609,0.001960754394531,0.003257751464843,0.005874633789062,0.007728576660156," 0.00909423828125]""",0.013290405273437,0.0026969909667960003,0.0,0.0,0.0016937255859370002,0.00045108795166,0.001428604125976,0.0009059906005850001,0.5062245370370371,0.506235725308642,1.118827160493827e-05
862613391892,86261339189,2,0,104790782509,1.0,"""[0",0.0,0.0,2.1934509277343753e-05,0.00017642974853500002,0.000329971313476,0.00041866302490200006,0.000506401062011,0.003177642822265,0.005821228027343001," 0.005821228027343001]""",0.005569458007812,0.0016117095947260002,0.0,0.0,0.0016937255859370002,1.9073486328125e-06,0.00010204315185500001,5.626678466796876e-05,0.505556327160493,0.50555787037037,1.5432098765432092e-06
862613391892,86261339189,2,0,96915541339,1.0,"""[7.343292236328125e-05",0.0007171630859370001,0.0007839202880850001,0.00131607055664,0.0014171600341790001,0.0024871826171870004,0.004127502441406,0.005241394042968001,0.00628662109375,0.007354736328125001," 0.008544921875]""",0.00860595703125,0.0034904479980460003,0.0,0.0,0.0016937255859370002,0.000433921813964,0.00142478942871,0.00074291229248,0.50273649691358,0.50274537037037,8.873456790123455e-06
862613391892,86261339189,2,0,1579459503,1.0,"""[0",0.0,0.0,0.0,0.0,0.0,0.0,0.0,0.0,0.0," 0]""",0.0,0.0,0.0,0.0,0.0016937255859370002,0.0,9.5367431640625e-07,9.5367431640625e-07,0.5012472993827161,0.5012484567901231,1.157407407407407e-06
862613391892,86261339189,2,0,21393415,1.0,"""[0",0.0,0.0,0.0,0.0,0.0,0.0,0.0,0.0,0.0,"0]""",1.52587890625e-05,1.52587890625e-05,0.0,0.0,0.0016937255859370002,0.0,9.5367431640625e-07,9.5367431640625e-07,0.5020686728395061,0.502069058641975,3.858024691358024e-07
862613391892,86261339189,2,0,21372228,1.0,"""[4.577636718750001e-05",0.00024032592773400003,0.0006074905395500001,0.000955581665039,0.001346588134765,0.001651763916015,0.003803253173828,0.005043029785156,0.005828857421875001,0.006614685058593001," 0.006935119628906]""",0.006919860839843001,0.002922058105468,0.0,0.0,0.0016937255859370002,0.00045680999755800004,0.00136375427246,0.0007705688476560001,0.508492669753086,0.508503858024691,1.118827160493827e-05
862613391892,86261339189,2,0,105124169450,1.0,"""[0.000591278076171",0.000591278076171,0.0008449554443350001,0.000871658325195,0.001251220703125,0.0013427734375,0.0014343261718750002,0.002079010009765,0.002105712890625,0.005355834960937," 0.005355834960937]""",0.004310607910156,0.0015716552734370002,0.0,0.0,0.0016937255859370002,0.000113487243652,0.000196456909179,9.250640869140626e-05,0.506942515432098,0.5069444444444441,1.929012345679012e-06
862613391892,86261339189,2,0,93528350088,1.0,"""[0",0.0,0.0,0.0,0.0,0.0,0.0,0.0,0.0,0.0," 0]""",0.00037574768066400005,0.000115394592285,0.0,0.0,0.0016937255859370002,0.000670433044433,0.000682830810546,0.000682830810546,0.5071929012345681,0.5071940586419751,1.157407407407407e-06
862613391892,86261339189,2,0,104791871219,1.0,"""[2.3841857910156253e-05",2.3841857910156253e-05,2.3841857910156253e-05,2.3841857910156253e-05,2.3841857910156253e-05,2.3841857910156253e-05,2.3841857910156253e-05,2.3841857910156253e-05,2.3841857910156253e-05,2.3841857910156253e-05," 2.3841857910156253e-05]""",0.0,0.0,0.0,0.0,0.0016937255859370002,0.0,9.5367431640625e-07,9.5367431640625e-07,0.502422067901234,0.5024224537037031,3.858024691358024e-07
862613391892,86261339189,2,0,1715004957,1.0,"""[0",0.0,0.0,0.0,0.0,0.0,0.0,0.0,0.0,0.0," 0]""",0.0,0.0,0.0,0.0,0.0016937255859370002,0.0,9.5367431640625e-07,9.5367431640625e-07,0.502034722222222,0.5020354938271601,7.716049382716048e-07
862613391892,86261339189,2,0,104791871219,1.0,"""[2.9563903808593753e-05",2.9563903808593753e-05,5.817413330078126e-05,0.000109672546386,0.000154495239257,0.00019836425781200002,0.0018482208251950002,0.003501892089843,0.006149291992187,0.008773803710937," 0.008773803710937]""",0.008773803710937,0.005233764648437,0.0,0.0,0.0016937255859370002,0.0006752014160150001,0.0014877319335930002,0.000945091247558,0.502430555555555,0.502432098765432,1.5432098765432092e-06
862613391892,86261339189,2,0,36050693694,1.0,"""[0",0.0,0.0,0.0,0.0,0.0,0.0,0.0,0.0,0.0," 0]""",0.0,0.0,0.0,0.0,0.0016937255859370002,0.0,9.5367431640625e-07,9.5367431640625e-07,0.5076388888888881,0.5076392746913581,3.858024691358024e-07
862613391892,86261339189,2,0,22761125,1.0,"""[0.0025749206542960003",0.0025749206542960003,0.0025749206542960003,0.0025749206542960003,0.004859924316406,0.004890441894531,0.004913330078125,0.005592346191406,0.005592346191406,0.005592346191406," 0.005592346191406]""",0.005638122558593001,0.004104614257812,0.0,0.0,0.0016937255859370002,0.0,0.00010204315185500001,6.103515625e-05,0.503444444444444,0.5034452160493821,7.716049382716048e-07
862613391892,86261339189,2,0,104791871219,1.0,"""[0",0.0,0.0,0.0,0.0,0.0,0.0,0.0,0.0,0.0," 0]""",0.000309944152832,0.00010299682617100001,0.0,0.0,0.0016937255859370002,0.0006752014160150001,0.0006980895996090001,0.0006980895996090001,0.502432098765432,0.5024332561728391,1.157407407407407e-06
862613391892,86261339189,2,0,382797076623,1.0,"""[0.00011730194091700002",0.00033473968505800004,0.0005331039428710001,0.000651359558105,0.001285552978515,0.0014972686767570002,0.0039024353027340003,0.005729675292968001,0.005882263183593001,0.006660461425781," 0.007171630859375001]""",0.009658813476562,0.003028869628906,0.0,0.0,0.0016937255859370002,0.000430107116699,0.001399993896484,0.00079345703125,0.506889660493827,0.506899691358024,1.003086419753086e-05
862613391892,86261339189,2,0,1713257708,1.0,"""[0",0.0,0.0,0.0,0.0,0.0,0.0,0.0,0.0,0.0,"0]""",0.0,0.0,0.0,0.0,0.0016937255859370002,0.0,9.5367431640625e-07,9.5367431640625e-07,0.504662422839506,0.504662808641975,3.858024691358024e-07
862613391892,86261339189,2,0,96915364772,1.0,"""[0.00439453125",0.00439453125,0.00439453125,0.00439453125,0.00689697265625,0.006935119628906,0.006973266601562,0.007080078125,0.007080078125,0.007080078125," 0.007080078125]""",0.007072448730468001,0.006149291992187,0.0,0.0,0.0016937255859370002,9.5367431640625e-07,0.000700950622558,0.000296592712402,0.5057403549382711,0.505741512345679,1.157407407407407e-06
862613391892,86261339189,2,0,376470464713,1.0,"""[0",0.0,0.0,0.0,0.0,0.0,0.0,0.0,0.0,0.0,"0]""",0.0,0.0,0.0,0.0,0.0016937255859370002,0.0,9.5367431640625e-07,9.5367431640625e-07,0.5072700617283951,0.507270447530864,3.858024691358024e-07
862613391892,86261339189,2,0,376470464714,1.0,"""[0.005363464355468001",0.005363464355468001,0.005363464355468001,0.005363464355468001,0.005363464355468001,0.005661010742187,0.005958557128906,0.005958557128906,0.005958557128906,0.005958557128906," 0.005958557128906]""",0.006004333496093001,0.005363464355468001,0.0,0.0,0.0016937255859370002,0.0,0.000106811523437,6.29425048828125e-05,0.506846836419753,0.5068476080246911,7.716049382716048e-07
862613391892,86261339189,2,0,62156450,1.0,"""[4.863739013671876e-05",0.000351905822753,0.000550270080566,0.001033782958984,0.001232147216796,0.0021781921386710003,0.003654479980468,0.004249572753906,0.004844665527343001,0.006072998046875001," 0.008819580078125]""",0.008834838867187,0.002826690673828,0.0,0.0,0.0016937255859370002,0.000430107116699,0.0013580322265620002,0.00081729888916,0.504015046296296,0.50402662037037,1.157407407407407e-05
862613391892,86261339189,2,0,20967707,1.0,"""[0",0.0,0.0,0.0,0.0,0.0,0.0,0.0,0.0,0.0,"0]""",0.0,0.0,0.0,0.0,0.0016937255859370002,0.0,1.9073486328125e-06,1.9073486328125e-06,0.5064787808641971,0.506479166666666,3.858024691358024e-07
862613391892,86261339189,2,0,1715004957,1.0,"""[0",0.0,0.0,0.0,0.0,0.0,0.0,0.0,0.0,0.0," 0]""",0.0,0.0,0.0,0.0,0.0016937255859370002,0.0,9.5367431640625e-07,9.5367431640625e-07,0.5020354938271601,0.502035879629629,3.858024691358024e-07
862613391892,86261339189,2,0,1579711803,1.0,"""[0",0.0,0.0,0.0,0.0,0.0,0.0,0.0,0.0,0.0,"0]""",0.0,0.0,0.0,0.0,0.0016937255859370002,0.0,9.5367431640625e-07,9.5367431640625e-07,0.501177083333333,0.5011774691358021,3.858024691358024e-07
862613391892,86261339189,2,0,273020841744,1.0,"""[0",0.0,0.0,0.0,0.0,0.0,0.0,0.0,0.0,0.0," 0]""",0.0,0.0,0.0,0.0,0.0016937255859370002,0.0,9.5367431640625e-07,9.5367431640625e-07,0.503918209876543,0.5039189814814811,7.716049382716048e-07
862613391892,86261339189,2,0,62157273,1.0,"""[0",0.0,0.0,0.0,0.0,0.0,0.0,0.0,0.0,0.0,"0]""",0.0,0.0,0.0,0.0,0.0016937255859370002,0.0006685256958000001,0.000680923461914,0.000680923461914,0.5018082561728391,0.5018086419753081,3.858024691358024e-07
862613391892,86261339189,2,0,21393415,1.0,"""[0",0.0,0.0,0.0,0.0,0.0,0.0,0.0,0.0,0.0," 0]""",0.000267028808593,8.869171142578126e-05,0.0,0.0,0.0016937255859370002,0.0006675720214840001,0.000678062438964,0.000677108764648,0.502067515432098,0.5020686728395061,1.157407407407407e-06
862613391892,86261339189,2,0,21378227,1.0,"""[0",0.0,0.0,0.0,0.0,0.0,0.0,0.0,0.0,0.0," 0]""",0.00026512145996000004,8.869171142578126e-05,0.0,0.0,0.0016937255859370002,0.000666618347167,0.0006799697875970001,0.0006790161132810001,0.502561342592592,0.5025625,1.157407407407407e-06
862613391892,86261339189,2,0,105124169450,1.0,"""[0.0021781921386710003",0.0021781921386710003,0.0021781921386710003,0.0021781921386710003,0.0021781921386710003,0.0021781921386710003,0.0021781921386710003,0.0021781921386710003,0.0021781921386710003,0.0021781921386710003," 0.0021781921386710003]""",0.0,0.0,0.0,0.0,0.0016937255859370002,0.0,9.5367431640625e-07,9.5367431640625e-07,0.5069583333333331,0.506958719135802,3.858024691358024e-07
862613391892,86261339189,2,0,104790782509,1.0,"""[0",0.0,0.0,0.0,0.0,9.5367431640625e-07,1.9073486328125e-06,1.9073486328125e-06,1.9073486328125e-06,1.9073486328125e-06," 1.9073486328125e-06]""",0.0,0.0,0.0,0.0,0.0016937255859370002,1.9073486328125e-06,9.5367431640625e-06,9.5367431640625e-06,0.50555787037037,0.5055590277777771,1.157407407407407e-06
862613391892,86261339189,2,0,105214688657,1.0,"""[0",0.0,0.0,0.0,0.0,0.0,0.0,0.0,0.0,0.0," 0]""",0.0,0.0,0.0,0.0,0.0016937255859370002,0.0,9.5367431640625e-07,9.5367431640625e-07,0.50587924382716,0.5058796296296291,3.858024691358024e-07
862613391892,86261339189,2,0,1128423235,1.0,"""[1.3351440429687502e-05",1.3351440429687502e-05,1.3351440429687502e-05,1.3351440429687502e-05,1.3351440429687502e-05,1.3351440429687502e-05,1.3351440429687502e-05,1.3351440429687502e-05,1.3351440429687502e-05,1.3351440429687502e-05," 1.3351440429687502e-05]""",0.0,0.0,0.0,0.0,0.0016937255859370002,0.0,9.5367431640625e-07,9.5367431640625e-07,0.502800540123456,0.5028009259259261,3.858024691358024e-07
862613391892,86261339189,2,0,105124169450,1.0,"""[0.0018386840820310002",0.0018386840820310002,0.0018386840820310002,0.0018386840820310002,0.0018386840820310002,0.0018615722656250002,0.001882553100585,0.001882553100585,0.001882553100585,0.001882553100585," 0.001882553100585]""",0.00163459777832,0.001577377319335,0.0,0.0,0.0016937255859370002,0.0,2.1934509277343753e-05,2.1934509277343753e-05,0.506958719135802,0.506959104938271,3.858024691358024e-07
862613391892,86261339189,2,0,104791627997,1.0,"""[0",0.0,0.0,0.0,0.0,0.0,0.0,0.0,0.0,0.0," 0]""",0.0,0.0,0.0,0.0,0.0016937255859370002,0.0,9.5367431640625e-07,9.5367431640625e-07,0.5019629629629621,0.501963348765432,3.858024691358024e-07
862613391892,86261339189,2,0,96915541339,1.0,"""[0",0.0,0.0,0.0,0.0,0.0,0.0,0.0,0.0,0.0," 0]""",0.0,0.0,0.0,0.0,0.0016937255859370002,0.0,9.5367431640625e-07,9.5367431640625e-07,0.502736111111111,0.50273649691358,3.858024691358024e-07
862613391892,86261339189,2,0,273020841744,1.0,"""[0",0.0,0.0,0.0,0.0,0.0,0.0,0.0,0.0,0.0," 0]""",0.00026226043701100003,8.773803710937501e-05,0.0,0.0,0.0016937255859370002,0.0006685256958000001,0.0006866455078120001,0.0006856918334960001,0.503917824074074,0.5039189814814811,1.157407407407407e-06
862613391892,86261339189,2,0,21378227,1.0,"""[0",0.0,0.0,0.0,0.0,3.814697265625e-06,7.62939453125e-06,7.62939453125e-06,7.62939453125e-06,7.62939453125e-06," 7.62939453125e-06]""",0.0,0.0,0.0,0.0,0.0016937255859370002,0.0,9.5367431640625e-07,9.5367431640625e-07,0.502550540123456,0.5025513117283951,7.716049382716048e-07
862613391892,86261339189,2,0,105124169450,1.0,"""[0",0.0,0.0,0.0,0.0,0.0,0.0,0.0,0.0,0.0," 0]""",0.0,0.0,0.0,0.0,0.0016937255859370002,0.0,9.5367431640625e-07,9.5367431640625e-07,0.506957561728395,0.5069579475308641,3.858024691358024e-07
862613391892,86261339189,2,0,105214688657,1.0,"""[0",4.768371582031251e-05,6.008148193359376e-05,7.2479248046875e-05,8.487701416015626e-05,0.002265930175781,0.004112243652343001,0.005615234375,0.007293701171875001,0.007736206054687," 0.008270263671875]""",0.007659912109375001,0.0027008056640620004,0.0,0.0,0.0016937255859370002,1.9073486328125e-06,0.0007467269897460001,0.000577926635742,0.505880015432098,0.505885030864197,5.015432098765432e-06
862613391892,86261339189,2,0,189002544102,1.0,"""[0",0.0,0.0,0.0,0.0,0.0,0.0,0.0,0.0,0.0," 0]""",0.0016021728515620002,6.961822509765625e-05,0.0,0.0,0.0016937255859370002,0.000666618347167,0.0006866455078120001,0.0006856918334960001,0.508075231481481,0.508076774691358,1.5432098765432092e-06
862613391892,86261339189,2,0,62156450,1.0,"""[0",0.0,0.0,0.0,0.0,0.0,0.0,0.0,0.0,0.0," 0]""",0.000277519226074,3.814697265625e-05,0.0,0.0,0.0016937255859370002,0.0006675720214840001,0.0006752014160150001,0.0006752014160150001,0.50402662037037,0.504028935185185,2.314814814814814e-06
862613391892,86261339189,2,0,1713489854,1.0,"""[9.155273437500001e-05",0.00028610229492100005,0.0005722045898430001,0.001056671142578,0.0013198852539060002,0.001760482788085,0.0028381347656250004,0.004005432128906,0.00567626953125,0.007064819335937," 0.007423400878906]""",0.0074462890625,0.002815246582031,0.0,0.0,0.0016937255859370002,0.00042629241943300004,0.0013504028320310002,0.0007791519165030001,0.504877314814814,0.504888888888888,1.157407407407407e-05
862613391892,86261339189,2,0,104795438993,1.0,"""[0",0.0,0.0,0.0,0.0,0.0,0.0,0.0,0.0,0.0," 0]""",0.00042915344238200005,0.000175476074218,0.0,0.0,0.0016937255859370002,0.000669479370117,0.0006914138793940001,0.0006914138793940001,0.505972222222222,0.50597299382716,7.716049382716048e-07
