UniqJobId,collection_id,instance_index,priority,machine_id,sample_rate,cpu_usage_distribution1,cpu_usage_distribution2,cpu_usage_distribution3,cpu_usage_distribution4,cpu_usage_distribution5,cpu_usage_distribution6,cpu_usage_distribution7,cpu_usage_distribution8,cpu_usage_distribution9,cpu_usage_distribution10,cpu_usage_distribution11,max_cpu,avg_cpu,cycles_per_instruction,memory_accesses_per_instruction,assigned_memory,page_cache_memory,max_memory,avg_memory,start_time,end_time,time_window
862613391891,86261339189,1,0,33152328611,1.0,"""[9.5367431640625e-07",9.5367431640625e-07,9.5367431640625e-07,9.5367431640625e-07,9.5367431640625e-07,9.5367431640625e-07,9.5367431640625e-07,9.5367431640625e-07,9.5367431640625e-07,9.5367431640625e-07," 9.5367431640625e-07]""",0.0,0.0,0.0,0.0,0.0016937255859370002,0.000688552856445,0.0007047653198240001,0.0007047653198240001,0.509130401234567,0.5091307870370371,3.858024691358024e-07
862613391891,86261339189,1,0,36050802267,1.0,"""[4.100799560546875e-05",0.0001802444458,0.000501632690429,0.000819206237792,0.0009593963623040001,0.0011882781982420001,0.002429962158203,0.003761291503906,0.004631042480468001,0.007369995117187," 0.00823974609375]""",0.00823974609375,0.0025444030761710003,0.0,0.0,0.0016937255859370002,0.00042533874511700004,0.001398086547851,0.0007410049438470001,0.5082804783950611,0.508288580246913,8.10185185185185e-06
862613391891,86261339189,1,0,57549112366,1.0,"""[0",0.0,0.0,0.0,0.0,0.0,0.0,0.0,0.0,0.0," 0]""",0.001031875610351,6.961822509765625e-05,0.0,0.0,0.0016937255859370002,0.000666618347167,0.0006799697875970001,0.0006799697875970001,0.506461033950617,0.5064621913580241,1.157407407407407e-06
862613391891,86261339189,1,0,1715004957,1.0,"""[0",0.0,0.0,0.0,0.0,0.0,0.0,0.0,0.0,0.0," 0]""",0.000452995300292,0.00015068054199200001,0.0,0.0,0.0016937255859370002,0.000666618347167,0.000672340393066,0.000672340393066,0.50585262345679,0.5058537808641971,1.157407407407407e-06
862613391891,86261339189,1,0,23327667,1.0,"""[0",0.0,0.0,0.0,0.000713348388671,0.000726699829101,0.0007400512695310001,0.004234313964843001,0.004234313964843001,0.004234313964843001," 0.004234313964843001]""",0.00543212890625,0.0038566589355460003,0.0,0.0,0.0016937255859370002,2.86102294921875e-06,0.000669479370117,0.000669479370117,0.509001157407407,0.509002700617283,1.5432098765432092e-06
862613391891,86261339189,1,0,33152328611,1.0,"""[0",0.0,0.0,0.0,0.0,0.0,0.0,0.0,0.0,0.0," 0]""",0.0,0.0,0.0,0.0,0.0016937255859370002,0.0,0.0,0.0,0.509130401234567,0.5091307870370371,3.858024691358024e-07
862613391891,86261339189,1,0,23327667,1.0,"""[9.5367431640625e-07",9.5367431640625e-07,9.5367431640625e-07,9.5367431640625e-07,9.5367431640625e-07,9.5367431640625e-07,9.5367431640625e-07,9.5367431640625e-07,9.5367431640625e-07,9.5367431640625e-07," 9.5367431640625e-07]""",0.0,0.0,0.0,0.0,0.0016937255859370002,0.000164985656738,0.000680923461914,0.000680923461914,0.5090003858024691,0.5090007716049381,3.858024691358024e-07
862613391891,86261339189,1,0,250621509276,1.0,"""[0",0.0,0.0,0.0,0.0,0.0,0.0,0.0,0.0,0.0," 0]""",0.0,0.0,0.0,0.0,0.0016937255859370002,0.0,9.5367431640625e-07,9.5367431640625e-07,0.5079263117283951,0.507927083333333,7.716049382716048e-07
862613391891,86261339189,1,0,33152328611,1.0,"""[0",0.0,0.0,0.0,0.0,0.0,0.0,0.0,0.0,0.0," 0]""",0.00042629241943300004,7.724761962890625e-05,0.0,0.0,0.0016937255859370002,0.000688552856445,0.000706672668457,0.0007057189941400001,0.509128858024691,0.509130401234567,1.5432098765432092e-06
862613391891,86261339189,1,0,77436999321,1.0,"""[0",0.0,0.0,0.0,0.0,0.0,0.0,0.0,0.0,0.0," 0]""",0.0,0.0,0.0,0.0,0.0016937255859370002,0.0,9.5367431640625e-07,9.5367431640625e-07,0.500449459876543,0.5004498456790121,3.858024691358024e-07
862613391891,86261339189,1,0,143921432652,1.0,"""[0",0.0,0.0,0.0,0.0,0.0,0.0,0.0,0.0,0.0," 0]""",0.0,0.0,0.0,0.0,0.0016937255859370002,0.0,9.5367431640625e-07,9.5367431640625e-07,0.50526311728395,0.5052638888888881,7.716049382716048e-07
862613391891,86261339189,1,0,21375455,1.0,"""[0",0.0,0.0,0.0,0.0,0.0,0.0,0.0,0.0,0.0," 0]""",0.00039672851562500005,7.724761962890625e-05,0.0,0.0,0.0016937255859370002,0.0006675720214840001,0.00068187713623,0.000680923461914,0.5035316358024691,0.503532793209876,1.157407407407407e-06
862613391891,86261339189,1,0,77436999321,1.0,"""[0.000161170959472",0.00037384033203100004,0.000682830810546,0.001298904418945,0.001430511474609,0.0028381347656250004,0.0036773681640620004,0.00567626953125,0.006515502929687,0.007003784179687," 0.00799560546875]""",0.00799560546875,0.003379821777343,0.0,0.0,0.0016937255859370002,0.00044441223144500003,0.001359939575195,0.0008277893066400001,0.50043711419753,0.500448688271604,1.157407407407407e-05
862613391891,86261339189,1,0,62156450,1.0,"""[0",0.0,0.0,0.0,0.0,0.0,0.0,0.0,0.0,0.0," 0]""",0.0,0.0,0.0,0.0,0.0016937255859370002,0.0,9.5367431640625e-07,9.5367431640625e-07,0.5093668981481481,0.5093680555555551,1.157407407407407e-06
862613391891,86261339189,1,0,277671555356,1.0,"""[0",0.0,0.0,0.0,0.0,0.0,0.0,0.0,0.0,0.0," 0]""",0.000253677368164,0.000253677368164,0.0,0.0,0.0016937255859370002,0.0006675720214840001,0.000684738159179,0.000684738159179,0.5021639660493821,0.502164351851851,3.858024691358024e-07
862613391891,86261339189,1,0,250619380618,1.0,"""[0",0.0,0.0,0.0,0.0,0.0,0.0,0.0,0.0,0.0," 0]""",0.000247001647949,0.000123977661132,0.0,0.0,0.0016937255859370002,0.000669479370117,0.0006904602050780001,0.000689506530761,0.508939043209876,0.508939814814814,7.716049382716048e-07
862613391891,86261339189,1,0,23327667,1.0,"""[0",0.0,0.0,0.0,0.0,0.0,0.0,0.0,0.0,0.0," 0]""",0.00023651123046800003,4.768371582031251e-05,0.0,0.0,0.0016937255859370002,0.0006685256958000001,0.000682830810546,0.00068187713623,0.508998456790123,0.5090003858024691,1.929012345679012e-06
862613391891,86261339189,1,0,2141513940,1.0,"""[9.5367431640625e-07",9.5367431640625e-07,9.5367431640625e-07,9.5367431640625e-07,9.5367431640625e-07,9.5367431640625e-07,9.5367431640625e-07,9.5367431640625e-07,9.5367431640625e-07,9.5367431640625e-07," 9.5367431640625e-07]""",0.0,0.0,0.0,0.0,0.0016937255859370002,0.0,9.5367431640625e-07,9.5367431640625e-07,0.5048780864197531,0.504878472222222,3.858024691358024e-07
862613391891,86261339189,1,0,40486423651,1.0,"""[9.5367431640625e-07",9.5367431640625e-07,9.5367431640625e-07,9.5367431640625e-07,9.5367431640625e-07,9.5367431640625e-07,9.5367431640625e-07,9.5367431640625e-07,9.5367431640625e-07,9.5367431640625e-07," 9.5367431640625e-07]""",0.0,0.0,0.0,0.0,0.0016937255859370002,0.0006685256958000001,0.000680923461914,0.000680923461914,0.5028611111111111,0.5028614969135801,3.858024691358024e-07
862613391891,86261339189,1,0,68787887719,1.0,"""[0",0.0,0.0,0.0,0.0,0.0,0.0,0.0,0.0,0.0," 0]""",0.0,0.0,0.0,0.0,0.0016937255859370002,0.0,9.5367431640625e-07,9.5367431640625e-07,0.5057102623456791,0.505710648148148,3.858024691358024e-07
862613391891,86261339189,1,0,102983106586,1.0,"""[0.00034332275390600004",0.00034332275390600004,0.00034332275390600004,0.0010223388671870002,0.001039505004882,0.0013866424560540001,0.0017337799072260002,0.0017528533935540001,0.0022087097167960003,0.0022087097167960003," 0.0022087097167960003]""",0.002326965332031,0.0013656616210930002,0.0,0.0,0.0016937255859370002,8.58306884765625e-06,0.000125885009765,7.343292236328125e-05,0.509559799382716,0.509561342592592,1.5432098765432092e-06
862613391891,86261339189,1,0,2059474546,1.0,"""[0",0.0,0.0,0.0,0.0,0.0,0.0,0.0,0.0,0.0," 0]""",0.0,0.0,0.0,0.0,0.0016937255859370002,0.0,9.5367431640625e-07,9.5367431640625e-07,0.5044027777777771,0.5044031635802471,3.858024691358024e-07
862613391891,86261339189,1,0,92040069683,1.0,"""[0",0.0,0.0,0.0,0.0,9.5367431640625e-07,9.5367431640625e-07,9.5367431640625e-07,9.5367431640625e-07,9.5367431640625e-07," 9.5367431640625e-07]""",0.0,0.0,0.0,0.0,0.0016937255859370002,0.0006675720214840001,0.0006866455078120001,0.0006866455078120001,0.505819830246913,0.505820216049382,3.858024691358024e-07
862613391891,86261339189,1,0,382797076623,1.0,"""[0",0.0,0.0,0.0,0.0,4.76837158203125e-06,8.58306884765625e-06,8.58306884765625e-06,8.58306884765625e-06,8.58306884765625e-06," 8.58306884765625e-06]""",0.0,0.0,0.0,0.0,0.0016937255859370002,0.0,9.5367431640625e-07,9.5367431640625e-07,0.503605324074074,0.5036057098765431,3.858024691358024e-07
862613391891,86261339189,1,0,102983106586,1.0,"""[0",0.0,0.0,0.0,0.0,0.0,0.0,0.0,0.0,0.0," 0]""",0.0,0.0,0.0,0.0,0.0016937255859370002,0.000666618347167,0.000684738159179,0.000684738159179,0.509559413580246,0.509559799382716,3.858024691358024e-07
862613391891,86261339189,1,0,102893278876,1.0,"""[0",0.000462532043457,0.000726699829101,0.0009469985961910001,0.001276016235351,0.0023765563964840003,0.0029716491699210003,0.003608703613281,0.004135131835937,0.004493713378906," 0.00469970703125]""",0.004798889160156,0.002307891845703,0.0,0.0,0.0016937255859370002,0.00044918060302700006,0.0014362335205070002,0.000861167907714,0.508297453703703,0.5083094135802471,1.1959876543209873e-05
862613391891,86261339189,1,0,102893278876,1.0,"""[0",0.0,0.0,0.0,0.0,0.0,0.0,0.0,0.0,0.0," 0]""",0.0,0.0,0.0,0.0,0.0016937255859370002,0.0,9.5367431640625e-07,9.5367431640625e-07,0.508309799382716,0.508310185185185,3.858024691358024e-07
862613391891,86261339189,1,0,102893278876,1.0,"""[0",0.0,0.0,0.0,0.0,0.0,0.0,0.0,0.0,0.0,"0]""",0.0,0.0,0.0,0.0,0.0,0.0,9.5367431640625e-07,9.5367431640625e-07,0.5082970679012341,0.508297453703703,3.858024691358024e-07
862613391891,86261339189,1,0,21205046,1.0,"""[3.814697265625e-05",0.00023746490478500002,0.0005636215209960001,0.0009765625,0.0015106201171870002,0.002708435058593,0.005668640136718001,0.005966186523437,0.007278442382812,0.00787353515625," 0.008590698242187]""",0.008590698242187,0.003543853759765,0.0,0.0,0.0016937255859370002,0.0005149841308590001,0.0013580322265620002,0.0009117126464840001,0.50636574074074,0.506375385802469,9.645061728395062e-06
862613391891,86261339189,1,0,20143068970,1.0,"""[0",0.0,0.0,0.0,0.0,5.7220458984375e-06,1.1444091796875002e-05,1.1444091796875002e-05,1.1444091796875002e-05,1.1444091796875002e-05," 1.1444091796875002e-05]""",0.0,0.0,0.0,0.0,0.0016937255859370002,0.0,9.5367431640625e-07,9.5367431640625e-07,0.500525077160493,0.5005254629629631,3.858024691358024e-07
862613391891,86261339189,1,0,102983106586,1.0,"""[4.291534423828126e-05",0.0008449554443350001,0.001087188720703,0.00139045715332,0.001537322998046,0.0016727447509760002,0.0018138885498040001,0.001972198486328,0.002182006835937,0.002349853515625," 0.003044128417968]""",0.003044128417968,0.0016250610351560002,0.0,0.0,0.0016937255859370002,0.00048065185546800006,0.0013961791992180002,0.0010223388671870002,0.509538194444444,0.509558256172839,2.006172839506172e-05
862613391891,86261339189,1,0,68787887719,1.0,"""[9.5367431640625e-07",9.5367431640625e-07,9.5367431640625e-07,9.5367431640625e-07,9.5367431640625e-07,9.5367431640625e-07,9.5367431640625e-07,9.5367431640625e-07,9.5367431640625e-07,9.5367431640625e-07," 9.5367431640625e-07]""",0.0,0.0,0.0,0.0,0.0016937255859370002,0.000673294067382,0.000688552856445,0.000688552856445,0.505711033950617,0.5057114197530861,3.858024691358024e-07
862613391891,86261339189,1,0,2141513940,1.0,"""[0",0.0,0.0,0.0,0.0,0.0,0.0,0.0,0.0,0.0," 0]""",0.00023651123046800003,7.915496826171875e-05,0.0,0.0,0.0016937255859370002,0.0006742477416990001,0.0006904602050780001,0.0006904602050780001,0.504877314814814,0.504878472222222,1.157407407407407e-06
862613391891,86261339189,1,0,373578564255,1.0,"""[0",0.0,0.0,0.0,0.0,0.0,0.0,0.0,0.0,0.0," 0]""",0.0,0.0,0.0,0.0,0.0016937255859370002,0.0,9.5367431640625e-07,9.5367431640625e-07,0.5049521604938271,0.504952932098765,7.716049382716048e-07
862613391891,86261339189,1,0,36050802267,1.0,"""[0",0.0,0.0,0.0,0.0,0.0,0.0,0.0,0.0,0.0," 0]""",0.00021934509277300002,0.000109672546386,0.0,0.0,0.0016937255859370002,0.000669479370117,0.0006856918334960001,0.0006856918334960001,0.508288580246913,0.5082893518518511,7.716049382716048e-07
862613391891,86261339189,1,0,250621509276,1.0,"""[0",0.0,0.0,0.0,0.0,0.0,0.0,0.0,0.0,0.0," 0]""",0.0,0.0,0.0,0.0,0.0016937255859370002,0.0,9.5367431640625e-07,9.5367431640625e-07,0.507927083333333,0.507927469135802,3.858024691358024e-07
862613391891,86261339189,1,0,21205046,1.0,"""[0",0.0,0.0,0.0,0.003837585449218,0.003852844238281,0.003864288330078,0.006912231445312,0.006912231445312,0.006912231445312," 0.006912231445312]""",0.0034751892089840003,0.0017375946044920001,0.0,0.0,0.0016937255859370002,9.5367431640625e-07,1.811981201171875e-05,9.5367431640625e-06,0.506376543209876,0.5063773148148141,7.716049382716048e-07
862613391891,86261339189,1,0,62156450,1.0,"""[0",0.0,0.0,0.0,0.0,0.0,0.0,0.0,0.0,0.0," 0]""",0.00031566619873000005,7.915496826171875e-05,0.0,0.0,0.0016937255859370002,0.0006685256958000001,0.0006856918334960001,0.0006856918334960001,0.5093665123456791,0.5093680555555551,1.5432098765432092e-06
862613391891,86261339189,1,0,20143068970,1.0,"""[0",0.0,0.0,0.0,0.0,0.0,0.0,0.0,0.0,0.0,"0]""",0.0,0.0,0.0,0.0,0.0016937255859370002,0.0,9.5367431640625e-07,9.5367431640625e-07,0.5005254629629631,0.500525848765432,3.858024691358024e-07
862613391891,86261339189,1,0,33152328611,1.0,"""[7.05718994140625e-05",0.0005111694335930001,0.000757217407226,0.0009422302246090001,0.0012950897216790001,0.0013656616210930002,0.001787185668945,0.003135681152343,0.003559112548828,0.007316589355468001," 0.008285522460937]""",0.00830078125,0.0026092529296870004,0.0,0.0,0.0016937255859370002,0.000402450561523,0.001394271850585,0.000732421875,0.5091188271604931,0.509128858024691,1.003086419753086e-05
862613391891,86261339189,1,0,373578564255,1.0,"""[0",0.0,0.0,0.0,0.0,0.0,0.0,0.0,0.0,0.0," 0]""",0.00041580200195300005,0.00013828277587800002,0.0,0.0,0.0016937255859370002,0.0006675720214840001,0.000688552856445,0.000688552856445,0.504951774691358,0.504952932098765,1.157407407407407e-06
862613391891,86261339189,1,0,102983106586,1.0,"""[0",0.0,0.0,0.0,0.0,0.0,0.0,0.0,0.0,0.0," 0]""",0.0,0.0,0.0,0.0,0.0016937255859370002,0.0,9.5367431640625e-07,9.5367431640625e-07,0.5095586419753081,0.509559413580246,7.716049382716048e-07
862613391891,86261339189,1,0,21205046,1.0,"""[0.00046825408935500005",0.00046825408935500005,0.0006294250488280001,0.000647544860839,0.001110076904296,0.001232147216796,0.001338958740234,0.0013561248779290001,0.0014705657958980001,0.002342224121093," 0.002342224121093]""",0.002338409423828,0.0009918212890620002,0.0,0.0,0.0016937255859370002,9.346008300781251e-05,0.000205039978027,8.0108642578125e-05,0.506363040123456,0.50636574074074,2.7006172839506168e-06
862613391891,86261339189,1,0,23336370,1.0,"""[2.9563903808593753e-05",0.00041866302490200006,0.0006599426269530001,0.001167297363281,0.0013198852539060002,0.001651763916015,0.0029258728027340003,0.004379272460937,0.006668090820312,0.007293701171875001," 0.007797241210937]""",0.009445190429687,0.003044128417968,0.0,0.0,0.0016937255859370002,0.00044441223144500003,0.0013809204101560002,0.0007467269897460001,0.5037083333333331,0.503717978395061,9.645061728395062e-06
862613391891,86261339189,1,0,20967707,1.0,"""[0",0.0,0.0,0.0,0.0,6.67572021484375e-06,1.3351440429687502e-05,1.3351440429687502e-05,1.3351440429687502e-05,1.3351440429687502e-05," 1.3351440429687502e-05]""",0.0,0.0,0.0,0.0,0.0016937255859370002,0.0,9.5367431640625e-07,9.5367431640625e-07,0.5022592592592591,0.502259645061728,3.858024691358024e-07
862613391891,86261339189,1,0,102983106586,1.0,"""[0",0.0,0.0,0.0,8.58306884765625e-06,2.1934509277343753e-05,3.528594970703125e-05,0.00027179718017500003,0.00027179718017500003,0.00027179718017500003," 0.00027179718017500003]""",0.00031566619873000005,0.00010490417480400001,0.0,0.0,0.0016937255859370002,0.000666618347167,0.000684738159179,0.000684738159179,0.509558256172839,0.509559413580246,1.157407407407407e-06
862613391891,86261339189,1,0,143921432652,1.0,"""[0",0.0,0.0,0.0,0.0,0.0,0.0,0.0,0.0,0.0," 0]""",0.000287055969238,9.536743164062501e-05,0.0,0.0,0.0016937255859370002,0.0006685256958000001,0.000688552856445,0.000688552856445,0.505262731481481,0.5052638888888881,1.157407407407407e-06
862613391891,86261339189,1,0,92040069683,1.0,"""[0",0.0,0.0,0.0,0.0,0.0,0.0,0.0,0.0,0.0," 0]""",0.0,0.0,0.0,0.0,0.0016937255859370002,0.0,9.5367431640625e-07,9.5367431640625e-07,0.505819830246913,0.505820216049382,3.858024691358024e-07
862613391891,86261339189,1,0,373221312227,1.0,"""[0",0.0,0.0,0.0,0.0,0.0,0.0,0.0,0.0,0.0," 0]""",0.0,0.0,0.0,0.0,0.0016937255859370002,0.0,9.5367431640625e-07,9.5367431640625e-07,0.508550154320987,0.5085513117283951,1.157407407407407e-06
862613391891,86261339189,1,0,2141513940,1.0,"""[0",0.0,0.0,0.0,0.0,9.5367431640625e-07,9.5367431640625e-07,9.5367431640625e-07,9.5367431640625e-07,9.5367431640625e-07," 9.5367431640625e-07]""",0.00140380859375,0.00016212463378900002,0.0,0.0,0.0016937255859370002,7.62939453125e-06,1.71661376953125e-05,1.621246337890625e-05,0.5048807870370371,0.5048838734567901,3.0864197530864187e-06
862613391891,86261339189,1,0,77436999321,1.0,"""[0",0.0,0.0,0.0,0.0,0.0,0.0,0.0,0.0,0.0," 0]""",0.0,0.0,0.0,0.0,0.0016937255859370002,0.0,9.5367431640625e-07,9.5367431640625e-07,0.5004498456790121,0.500450231481481,3.858024691358024e-07
862613391891,86261339189,1,0,1715004957,1.0,"""[9.5367431640625e-07",9.5367431640625e-07,9.5367431640625e-07,9.5367431640625e-07,9.5367431640625e-07,9.5367431640625e-07,9.5367431640625e-07,9.5367431640625e-07,9.5367431640625e-07,9.5367431640625e-07," 9.5367431640625e-07]""",0.0,0.0,0.0,0.0,0.0016937255859370002,0.000666618347167,0.000672340393066,0.000672340393066,0.5058537808641971,0.505854166666666,3.858024691358024e-07
862613391891,86261339189,1,0,2059626229,1.0,"""[0",0.0,0.0,0.0,0.0,9.5367431640625e-07,1.9073486328125e-06,1.9073486328125e-06,1.9073486328125e-06,1.9073486328125e-06," 1.9073486328125e-06]""",0.0018310546875,0.00023841857910100002,0.0,0.0,0.0016937255859370002,5.722045898437501e-05,6.580352783203125e-05,6.4849853515625e-05,0.5035162037037031,0.503517361111111,1.157407407407407e-06
862613391891,86261339189,1,0,21365709,1.0,"""[0",0.0,0.0,0.0,0.0,0.0,0.0,0.0,0.0,0.0," 0]""",0.0,0.0,0.0,0.0,0.0016937255859370002,0.0,9.5367431640625e-07,9.5367431640625e-07,0.5051878858024691,0.5051882716049381,3.858024691358024e-07
862613391891,86261339189,1,0,2059626229,1.0,"""[9.5367431640625e-06",0.00018978118896400002,0.000422477722167,0.000920295715332,0.001346588134765,0.001430511474609,0.002151489257812,0.003791809082031,0.006622314453125001,0.007049560546875001," 0.007408142089843001]""",0.007400512695312,0.002750396728515,0.0,0.0,0.0016937255859370002,0.000381469726562,0.001359939575195,0.00074291229248,0.5035000000000001,0.503512731481481,1.273148148148148e-05
862613391891,86261339189,1,0,21205045,1.0,"""[1.52587890625e-05",0.00021171569824200001,0.000585556030273,0.0006914138793940001,0.00128173828125,0.0013656616210930002,0.002368927001953,0.00363540649414,0.007186889648437,0.007675170898437," 0.007843017578125]""",0.007843017578125,0.002933502197265,0.0,0.0,0.0016937255859370002,0.00039863586425700005,0.001428604125976,0.000830650329589,0.502283950617283,0.50229436728395,1.0416666666666661e-05
862613391891,86261339189,1,0,21365709,1.0,"""[3.24249267578125e-05",0.000149726867675,0.0005636215209960001,0.0010662078857420001,0.001214981079101,0.00169563293457,0.0033683776855460003,0.005264282226562,0.007476806640625001,0.007904052734375," 0.009033203125]""",0.009048461914062,0.003360748291015,0.0,0.0,0.0016937255859370002,0.000460624694824,0.001367568969726,0.00080394744873,0.50517824074074,0.5051875,9.259259259259259e-06
862613391891,86261339189,1,0,102893278876,1.0,"""[3.814697265625e-06",3.814697265625e-06,3.814697265625e-06,3.814697265625e-06,3.814697265625e-06,3.814697265625e-06,3.814697265625e-06,3.814697265625e-06,3.814697265625e-06,3.814697265625e-06," 3.814697265625e-06]""",0.0,0.0,0.0,0.0,0.0016937255859370002,0.00067138671875,0.0006904602050780001,0.0006904602050780001,0.508309799382716,0.508310185185185,3.858024691358024e-07
862613391891,86261339189,1,0,77436999321,1.0,"""[9.5367431640625e-07",9.5367431640625e-07,9.5367431640625e-07,9.5367431640625e-07,9.5367431640625e-07,9.5367431640625e-07,9.5367431640625e-07,9.5367431640625e-07,9.5367431640625e-07,9.5367431640625e-07," 9.5367431640625e-07]""",0.0,0.0,0.0,0.0,0.0016937255859370002,0.0006675720214840001,0.00068187713623,0.00068187713623,0.5004498456790121,0.500450231481481,3.858024691358024e-07
862613391891,86261339189,1,0,20967707,1.0,"""[0",0.0,0.0,0.0,8.58306884765625e-06,2.1934509277343753e-05,3.528594970703125e-05,0.0001802444458,0.0001802444458,0.0001802444458," 0.0001802444458]""",0.000191688537597,0.000125885009765,0.0,0.0,0.0016937255859370002,0.0006675720214840001,0.000678062438964,0.000678062438964,0.50225887345679,0.502259645061728,7.716049382716048e-07
862613391891,86261339189,1,0,21394550,1.0,"""[0",0.0,0.0,0.0,0.0,0.0,0.0,0.0,0.0,0.0,"0]""",0.0,0.0,0.0,0.0,0.0016937255859370002,0.0,9.5367431640625e-07,9.5367431640625e-07,0.505099922839506,0.5051003086419751,3.858024691358024e-07
862613391891,86261339189,1,0,277671555356,1.0,"""[2.2888183593750003e-05",2.2888183593750003e-05,2.2888183593750003e-05,2.2888183593750003e-05,2.2888183593750003e-05,2.2888183593750003e-05,2.2888183593750003e-05,2.2888183593750003e-05,2.2888183593750003e-05,2.2888183593750003e-05," 2.2888183593750003e-05]""",0.0,0.0,0.0,0.0,0.0016937255859370002,0.0,9.5367431640625e-07,9.5367431640625e-07,0.5021639660493821,0.502164351851851,3.858024691358024e-07
862613391891,86261339189,1,0,21394550,1.0,"""[0",0.0,0.0,0.0,0.0,0.0,0.0,0.0,0.0,0.0,"0]""",0.0,0.0,0.0,0.0,0.0016937255859370002,0.000666618347167,0.0006790161132810001,0.0006790161132810001,0.505099922839506,0.5051003086419751,3.858024691358024e-07
862613391891,86261339189,1,0,21375455,1.0,"""[0",0.0,0.0,0.0,0.0,0.0,0.0,0.0,0.0,0.0," 0]""",0.0,0.0,0.0,0.0,0.0016937255859370002,0.0,9.5367431640625e-07,9.5367431640625e-07,0.503532021604938,0.503532793209876,7.716049382716048e-07
862613391891,86261339189,1,0,198552431991,1.0,"""[0",0.0,0.0,0.0,8.58306884765625e-06,2.1934509277343753e-05,3.528594970703125e-05,0.000205039978027,0.000205039978027,0.000205039978027," 0.000205039978027]""",0.000205039978027,0.00010204315185500001,0.0,0.0,0.0016937255859370002,0.0006685256958000001,0.000680923461914,0.000680923461914,0.500485339506172,0.5004861111111111,7.716049382716048e-07
862613391891,86261339189,1,0,21205046,1.0,"""[0.00271987915039",0.00271987915039,0.00271987915039,0.00271987915039,0.004951477050781,0.004974365234375,0.0050048828125,0.007003784179687,0.007003784179687,0.007003784179687," 0.007003784179687]""",0.007003784179687,0.006278991699218001,0.0,0.0,0.0016937255859370002,2.4795532226562503e-05,0.00033950805664,0.00015640258789,0.5063773148148141,0.506378472222222,1.157407407407407e-06
862613391891,86261339189,1,0,102983106586,1.0,"""[0.000259399414062",0.000259399414062,0.000259399414062,0.000259399414062,0.000933647155761,0.0009469985961910001,0.0009593963623040001,0.0010128021240230001,0.0010128021240230001,0.0010128021240230001," 0.0010128021240230001]""",0.0009479522705070001,0.0006303787231440001,0.0,0.0,0.0016937255859370002,6.771087646484375e-05,0.000155448913574,0.00014686584472600002,0.509561342592592,0.5095625,1.157407407407407e-06
862613391891,86261339189,1,0,2059626229,1.0,"""[0.005775451660156",0.005775451660156,0.005775451660156,0.005775451660156,0.005775451660156,0.006378173828125001,0.006973266601562,0.006973266601562,0.006973266601562,0.006973266601562," 0.006973266601562]""",0.005760192871093001,0.003360748291015,0.0,0.0,0.0016937255859370002,0.0,0.0001220703125,7.724761962890625e-05,0.503513888888888,0.5035146604938271,7.716049382716048e-07
862613391891,86261339189,1,0,2059474546,1.0,"""[4.673004150390626e-05",4.673004150390626e-05,0.00023746490478500002,0.0035705566406250004,0.00360107421875,0.006668090820312,0.00689697265625,0.006988525390625001,0.007347106933593001,0.007499694824218001," 0.007499694824218001]""",0.007492065429687,0.004867553710937,0.0,0.0,0.0016937255859370002,0.000666618347167,0.0013580322265620002,0.0012035369873040001,0.504398148148148,0.5044012345679011,3.0864197530864187e-06
862613391891,86261339189,1,0,3092500485,1.0,"""[0",0.0,0.0,0.0,0.0,0.0,0.0,0.0,0.0,0.0," 0]""",0.000506401062011,0.000126838684082,0.0,0.0,0.0016937255859370002,0.0006675720214840001,0.000683784484863,0.000683784484863,0.508208333333333,0.508209876543209,1.5432098765432092e-06
862613391891,86261339189,1,0,3092500485,1.0,"""[0",0.0,0.0,0.0,0.0,0.0,0.0,0.0,0.0,0.0,"0]""",0.0,0.0,0.0,0.0,0.0016937255859370002,0.0006675720214840001,0.00068187713623,0.00068187713623,0.508209876543209,0.508210262345679,3.858024691358024e-07
862613391891,86261339189,1,0,19875845169,1.0,"""[0",0.0,0.0,0.0,0.0,0.0,0.0,0.0,0.0,0.0," 0]""",0.0,0.0,0.0,0.0,0.0016937255859370002,0.0,9.5367431640625e-07,9.5367431640625e-07,0.501385802469135,0.501386574074074,7.716049382716048e-07
862613391891,86261339189,1,0,198556190123,1.0,"""[0",0.0,0.0,0.0,9.5367431640625e-07,9.5367431640625e-07,9.5367431640625e-07,1.9073486328125e-06,1.9073486328125e-06,1.9073486328125e-06," 1.9073486328125e-06]""",0.00048732757568300004,9.727478027343751e-05,0.0,0.0,0.0016937255859370002,5.7220458984375e-06,1.4305114746093752e-05,1.3351440429687502e-05,0.5065435956790121,0.506545524691358,1.929012345679012e-06
862613391891,86261339189,1,0,23327667,1.0,"""[0.005081176757812",0.005081176757812,0.005081176757812,0.005081176757812,0.005302429199218001,0.005325317382812,0.005355834960937,0.005767822265625001,0.005767822265625001,0.005767822265625001," 0.005767822265625001]""",0.006317138671875001,0.00604248046875,0.0,0.0,0.0016937255859370002,9.5367431640625e-07,0.0006685256958000001,0.0005760192871090001,0.5090003858024691,0.509001157407407,7.716049382716048e-07
862613391891,86261339189,1,0,23327667,1.0,"""[0",0.0,0.0,0.0,0.0,3.814697265625e-06,7.62939453125e-06,7.62939453125e-06,7.62939453125e-06,7.62939453125e-06," 7.62939453125e-06]""",0.0,0.0,0.0,0.0,0.0016937255859370002,0.0,9.5367431640625e-07,9.5367431640625e-07,0.508986111111111,0.50898649691358,3.858024691358024e-07
862613391891,86261339189,1,0,2141513940,1.0,"""[0.005790710449218001",0.005790710449218001,0.005790710449218001,0.005790710449218001,0.005790710449218001,0.006767272949218001,0.007736206054687,0.007736206054687,0.007736206054687,0.007736206054687," 0.007736206054687]""",0.007736206054687,0.006568908691406,0.0,0.0,0.0016937255859370002,4.76837158203125e-06,0.00011825561523400002,7.62939453125e-05,0.504878472222222,0.50487924382716,7.716049382716048e-07
862613391891,86261339189,1,0,77436999321,1.0,"""[0",0.0,0.0,0.0,0.0,0.0,0.0,0.0,0.0,0.0," 0]""",0.00025463104248,8.487701416015626e-05,0.0,0.0,0.0016937255859370002,0.0006675720214840001,0.000682830810546,0.000682830810546,0.500448688271604,0.5004498456790121,1.157407407407407e-06
862613391891,86261339189,1,0,36050802267,1.0,"""[0",0.0,0.0,0.0,0.0,0.0,0.0,0.0,0.0,0.0,"0]""",0.0,0.0,0.0,0.0,0.0016937255859370002,0.0,1.9073486328125e-06,1.9073486328125e-06,0.5082893518518511,0.5082897376543211,3.858024691358024e-07
862613391891,86261339189,1,0,2059474546,1.0,"""[0",0.0,0.0,0.0,0.0,0.0,0.0,0.0,0.0,0.0,"0]""",0.0,0.0,0.0,0.0,0.0016937255859370002,0.0,9.5367431640625e-07,9.5367431640625e-07,0.5084575617283951,0.508457947530864,3.858024691358024e-07
862613391891,86261339189,1,0,21375455,1.0,"""[5.149841308593751e-05",0.000497817993164,0.000585556030273,0.000964164733886,0.0011978149414060002,0.001474380493164,0.00250244140625,0.004409790039062,0.006790161132812,0.00799560546875," 0.008255004882812]""",0.008621215820312,0.0027923583984370004,0.0,0.0,0.0016937255859370002,0.000382423400878,0.0013866424560540001,0.000739097595214,0.50352199074074,0.5035316358024691,9.645061728395062e-06
862613391891,86261339189,1,0,68787887719,1.0,"""[0",0.0,0.0,0.0,0.0,0.0,0.0,9.5367431640625e-07,9.5367431640625e-07,9.5367431640625e-07," 9.5367431640625e-07]""",0.0,0.0,0.0,0.0,0.0016937255859370002,2.2888183593750003e-05,3.24249267578125e-05,3.147125244140625e-05,0.5057129629629631,0.5057148919753081,1.929012345679012e-06
862613391891,86261339189,1,0,2141513940,1.0,"""[4.291534423828126e-05",0.00014114379882800002,0.0005455017089840001,0.0008630752563470001,0.001047134399414,0.001430511474609,0.002120971679687,0.004524230957031,0.006126403808593001,0.006332397460937," 0.007720947265625001]""",0.007713317871093001,0.0026969909667960003,0.0,0.0,0.0016937255859370002,0.00047874450683500004,0.0014400482177730001,0.000791549682617,0.504864969135802,0.504877314814814,1.234567901234567e-05
862613391891,86261339189,1,0,21205046,1.0,"""[0",0.0,0.0,0.0,0.0,0.0,0.0,0.0,0.0,0.0,"0]""",0.0,0.0,0.0,0.0,0.0016937255859370002,0.0,1.9073486328125e-06,1.9073486328125e-06,0.506376157407407,0.506376543209876,3.858024691358024e-07
862613391891,86261339189,1,0,198552431991,1.0,"""[0",0.0,0.0,0.0,0.0,0.0,0.0,0.0,0.0,0.0," 0]""",0.0,0.0,0.0,0.0,0.0016937255859370002,0.0,9.5367431640625e-07,9.5367431640625e-07,0.500485725308642,0.5004861111111111,3.858024691358024e-07
862613391891,86261339189,1,0,19875845169,1.0,"""[0",0.0,0.0,0.0,0.0,0.0,0.0,0.0,0.0,0.0," 0]""",0.0,0.0,0.0,0.0,0.0016937255859370002,0.0,9.5367431640625e-07,9.5367431640625e-07,0.501386574074074,0.501386959876543,3.858024691358024e-07
862613391891,86261339189,1,0,2059474546,1.0,"""[6.389617919921875e-05",0.000506401062011,0.0006380081176750001,0.001079559326171,0.001453399658203,0.002750396728515,0.005462646484375,0.006668090820312,0.00726318359375,0.007919311523437," 0.01116943359375]""",0.01116943359375,0.003791809082031,0.0,0.0,0.0016937255859370002,0.00048542022705000003,0.001361846923828,0.0009298324584960001,0.508449074074074,0.508457175925925,8.10185185185185e-06
862613391891,86261339189,1,0,198556190123,1.0,"""[2.3841857910156253e-05",2.3841857910156253e-05,2.3841857910156253e-05,2.7656555175781253e-05,3.62396240234375e-05,0.00026416778564400005,0.000501632690429,0.000519752502441,0.0037384033203120004,0.0037384033203120004," 0.0037384033203120004]""",0.003742218017578,0.0009489059448240001,0.0,0.0,0.0016937255859370002,5.7220458984375e-06,5.531311035156251e-05,4.577636718750001e-05,0.5065420524691351,0.5065435956790121,1.5432098765432092e-06
862613391891,86261339189,1,0,21378227,1.0,"""[0",0.0,0.0,0.0,0.0,0.0,0.0,0.0,0.0,0.0," 0]""",0.0,0.0,0.0,0.0,0.0016937255859370002,0.0,1.9073486328125e-06,1.9073486328125e-06,0.507826003086419,0.507827546296296,1.5432098765432092e-06
862613391891,86261339189,1,0,21378227,1.0,"""[3.0517578125e-05",0.000149726867675,0.00047588348388600003,0.000713348388671,0.0011272430419920001,0.0013427734375,0.001953125,0.00439453125,0.00689697265625,0.007766723632812," 0.008209228515625]""",0.008209228515625,0.0028343200683590003,0.0,0.0,0.0016937255859370002,0.000439643859863,0.001375198364257,0.000745773315429,0.507816358024691,0.50782561728395,9.259259259259259e-06
862613391891,86261339189,1,0,21365709,1.0,"""[0",0.0,0.0,0.0,0.0,0.0,0.0,0.0,0.0,0.0,"0]""",0.0,0.0,0.0,0.0,0.0016937255859370002,0.0,9.5367431640625e-07,9.5367431640625e-07,0.5051882716049381,0.505188657407407,3.858024691358024e-07
862613391891,86261339189,1,0,373221312227,1.0,"""[0",0.0,0.0,0.0,0.0,0.0,0.0,0.0,0.0,0.0,"0]""",2.002716064453125e-05,2.002716064453125e-05,0.0,0.0,0.0016937255859370002,0.0,9.5367431640625e-07,9.5367431640625e-07,0.5085393518518511,0.508539737654321,3.858024691358024e-07
862613391891,86261339189,1,0,143921432652,1.0,"""[3.719329833984375e-05",9.727478027343751e-05,0.00023746490478500002,0.0005989074707030001,0.0007839202880850001,0.0011882781982420001,0.0015945434570310002,0.0035820007324210003,0.006568908691406,0.008926391601562," 0.009048461914062]""",0.009048461914062,0.0030059814453120004,0.0,0.0,0.0016937255859370002,0.00045490264892500003,0.00140380859375,0.0007295608520500001,0.5052546296296291,0.505262731481481,8.10185185185185e-06
862613391891,86261339189,1,0,21394550,1.0,"""[0",0.0,0.0,0.0,0.0,3.814697265625e-06,8.58306884765625e-06,8.58306884765625e-06,8.58306884765625e-06,8.58306884765625e-06," 8.58306884765625e-06]""",0.0,0.0,0.0,0.0,0.0016937255859370002,0.0,9.5367431640625e-07,9.5367431640625e-07,0.505099537037037,0.505099922839506,3.858024691358024e-07
862613391891,86261339189,1,0,2059626229,1.0,"""[0.000957489013671",0.000957489013671,0.000957489013671,0.000957489013671,0.000957489013671,0.000957489013671,0.000957489013671,0.000957489013671,0.000957489013671,0.000957489013671," 0.000957489013671]""",0.0,0.0,0.0,0.0,0.0016937255859370002,0.0,9.5367431640625e-07,9.5367431640625e-07,0.5035135030864191,0.503513888888888,3.858024691358024e-07
862613391891,86261339189,1,0,23336370,1.0,"""[0",0.0,0.0,0.0,0.0,0.0,0.0,0.0,0.0,0.0," 0]""",0.0,0.0,0.0,0.0,0.0016937255859370002,0.0,9.5367431640625e-07,9.5367431640625e-07,0.50371836419753,0.50371875,3.858024691358024e-07
862613391891,86261339189,1,0,92040069683,1.0,"""[0",0.0,1.9073486328125e-06,8.58306884765625e-06,1.52587890625e-05,2.1934509277343753e-05,2.8610229492187503e-05,3.528594970703125e-05,4.196166992187501e-05,0.00021553039550700003," 0.00021553039550700003]""",0.00043773651123000005,4.482269287109376e-05,0.0,0.0,0.0016937255859370002,0.0006675720214840001,0.000688552856445,0.0006875991821280001,0.5058175154320981,0.505819830246913,2.314814814814814e-06
862613391891,86261339189,1,0,198552431991,1.0,"""[1.0490417480468752e-05",0.00011920928955000001,0.00041389465332000003,0.0006027221679680001,0.0009422302246090001,0.001155853271484,0.0030021667480460003,0.004180908203125,0.005691528320312,0.007827758789062," 0.008895874023437]""",0.0089111328125,0.0028228759765620004,0.0,0.0,0.0016937255859370002,0.00039482116699200004,0.0013408660888670001,0.0006923675537100001,0.500474922839506,0.500485339506172,1.0416666666666661e-05
862613391891,86261339189,1,0,62156450,1.0,"""[1.52587890625e-05",0.000123023986816,0.000422477722167,0.000986099243164,0.001153945922851,0.0014095306396480001,0.002632141113281,0.005157470703125,0.006019592285156,0.006614685058593001," 0.007713317871093001]""",0.007713317871093001,0.002872467041015,0.0,0.0,0.0016937255859370002,0.00043869018554600005,0.0014190673828120002,0.0007972717285150001,0.5093560956790121,0.5093665123456791,1.0416666666666661e-05
862613391891,86261339189,1,0,250619380618,1.0,"""[0",0.0,0.0,0.0,0.0,0.0,0.0,0.0,0.0,0.0," 0]""",0.0,0.0,0.0,0.0,0.0016937255859370002,0.0,9.5367431640625e-07,9.5367431640625e-07,0.508939429012345,0.508939814814814,3.858024691358024e-07
862613391891,86261339189,1,0,2059474546,1.0,"""[0",0.0,0.0,0.0,0.0,0.0,0.0,0.0,0.0,0.0," 0]""",0.000516891479492,0.000464439392089,0.0,0.0,0.0016937255859370002,0.00067138671875,0.0006856918334960001,0.0006856918334960001,0.508457175925925,0.5084575617283951,3.858024691358024e-07
862613391891,86261339189,1,0,2141513940,1.0,"""[0",0.0,0.0,0.0,0.0,0.0,0.0,0.0,0.0,0.0," 0]""",0.0,0.0,0.0,0.0,0.0016937255859370002,0.0,9.5367431640625e-07,9.5367431640625e-07,0.504877700617284,0.5048780864197531,3.858024691358024e-07
862613391891,86261339189,1,0,2059626229,1.0,"""[0",0.0,0.0,0.0,0.0,0.0,0.0,0.0,0.0,0.0," 0]""",0.0,0.0,0.0,0.0,0.0016937255859370002,0.000665664672851,0.0006799697875970001,0.0006799697875970001,0.5035135030864191,0.503513888888888,3.858024691358024e-07
862613391891,86261339189,1,0,102893278876,1.0,"""[0",0.0,0.0,0.0,0.0,0.0,0.0,0.0,0.0,0.0," 0]""",0.000311851501464,0.000311851501464,0.0,0.0,0.0016937255859370002,0.00067138671875,0.0006914138793940001,0.0006914138793940001,0.5083094135802471,0.508309799382716,3.858024691358024e-07
862613391891,86261339189,1,0,2059474546,1.0,"""[0.00059700012207",0.000792503356933,0.0011444091796870002,0.00125503540039,0.0014972686767570002,0.0017395019531250002,0.002399444580078,0.0035667419433590003,0.005592346191406,0.006622314453125001," 0.008438110351562]""",0.008438110351562,0.002571105957031,0.0,0.0,0.0016937255859370002,0.00033473968505800004,0.0013580322265620002,0.000647544860839,0.504390432098765,0.504398148148148,7.71604938271605e-06
862613391891,86261339189,1,0,57549112366,1.0,"""[0",0.0,0.0,0.0,0.0,0.0,0.0,0.0,0.0,0.0," 0]""",0.0,0.0,0.0,0.0,0.0016937255859370002,0.0,9.5367431640625e-07,9.5367431640625e-07,0.506461419753086,0.5064621913580241,7.716049382716048e-07
862613391891,86261339189,1,0,1715004957,1.0,"""[0",3.719329833984375e-05,0.0005455017089840001,0.001016616821289,0.001399993896484,0.0022239685058590003,0.0030021667480460003,0.004310607910156,0.006706237792968001,0.007415771484375001," 0.007614135742187]""",0.010177612304687,0.0032463073730460003,0.0,0.0,0.0016937255859370002,0.00039482116699200004,0.0013484954833980001,0.000720024108886,0.505842592592592,0.50585262345679,1.003086419753086e-05
862613391891,86261339189,1,0,198552431991,1.0,"""[0",0.0,0.0,0.0,0.0,0.0,0.0,0.0,0.0,0.0,"0]""",0.0,0.0,0.0,0.0,0.0016937255859370002,0.0,9.5367431640625e-07,9.5367431640625e-07,0.500474537037037,0.500474922839506,3.858024691358024e-07
862613391891,86261339189,1,0,277671555356,1.0,"""[6.4849853515625e-05",0.0005111694335930001,0.0007524490356440001,0.001003265380859,0.0014266967773430002,0.0018482208251950002,0.002403259277343,0.0026512145996090003,0.003028869628906,0.004081726074218001," 0.005950927734375001]""",0.005950927734375001,0.0021476745605460003,0.0,0.0,0.0016937255859370002,0.000473022460937,0.0014266967773430002,0.0010051727294920001,0.5021458333333331,0.502163194444444,1.7361111111111114e-05
862613391891,86261339189,1,0,20143068970,1.0,"""[0",0.0,0.0,0.0,0.0,0.0,0.0,0.0,0.0,0.0," 0]""",0.0,0.0,0.0,0.0,0.0016937255859370002,0.0,9.5367431640625e-07,9.5367431640625e-07,0.5005362654320981,0.5005374228395061,1.157407407407407e-06
862613391891,86261339189,1,0,19875845169,1.0,"""[0",0.0,0.0,0.0,0.0,0.0,0.0,0.0,0.0,0.0," 0]""",0.000439643859863,0.00014686584472600002,0.0,0.0,0.0016937255859370002,0.0006685256958000001,0.000683784484863,0.000682830810546,0.501385416666666,0.501386574074074,1.157407407407407e-06
862613391891,86261339189,1,0,21205046,1.0,"""[0",0.0,0.0,0.0,9.5367431640625e-07,9.5367431640625e-07,9.5367431640625e-07,1.9073486328125e-06,1.9073486328125e-06,1.9073486328125e-06," 1.9073486328125e-06]""",0.0033874511718750004,0.000680923461914,0.0,0.0,0.0016937255859370002,2.5749206542968753e-05,3.4332275390625e-05,3.337860107421875e-05,0.506378472222222,0.506380015432098,1.5432098765432092e-06
862613391891,86261339189,1,0,1715004957,1.0,"""[0",0.0,0.0,0.0,0.0,0.0,0.0,0.0,0.0,0.0," 0]""",0.0,0.0,0.0,0.0,0.0016937255859370002,0.0,9.5367431640625e-07,9.5367431640625e-07,0.505853395061728,0.5058537808641971,3.858024691358024e-07
862613391891,86261339189,1,0,21394550,1.0,"""[0.00048542022705000003",0.00048542022705000003,0.000536918640136,0.0005636215209960001,0.0010738372802730001,0.001123428344726,0.001171112060546,0.0011978149414060002,0.001224517822265,0.00372314453125," 0.00372314453125]""",0.0037345886230460003,0.001169204711914,0.0,0.0,0.0016937255859370002,9.059906005859376e-05,0.000300407409667,0.00015830993652300002,0.505090277777777,0.5050925925925921,2.314814814814814e-06
862613391891,86261339189,1,0,198556190123,1.0,"""[0",0.0,0.0,0.0,0.0,0.0,0.0,0.0,0.0,0.0," 0]""",0.0,0.0,0.0,0.0,0.0016937255859370002,0.000666618347167,0.0006790161132810001,0.0006790161132810001,0.506541280864197,0.506541666666666,3.858024691358024e-07
862613391891,86261339189,1,0,102983106586,1.0,"""[0.000185966491699",0.000185966491699,0.000185966491699,0.000185966491699,0.000185966491699,0.000185966491699,0.000185966491699,0.000185966491699,0.000185966491699,0.000185966491699," 0.000185966491699]""",0.0,0.0,0.0,0.0,0.0016937255859370002,0.0,9.5367431640625e-07,9.5367431640625e-07,0.509559413580246,0.509559799382716,3.858024691358024e-07
862613391891,86261339189,1,0,62156450,1.0,"""[0",0.0,0.0,0.0,0.0,0.0,0.0,0.0,0.0,0.0,"0]""",0.0,0.0,0.0,0.0,0.0016937255859370002,0.0,9.5367431640625e-07,9.5367431640625e-07,0.509355709876543,0.5093560956790121,3.858024691358024e-07
862613391891,86261339189,1,0,21205045,1.0,"""[0",0.0,0.0,0.0,0.0,0.0,0.0,0.0,0.0,0.0," 0]""",0.000244140625,0.00010585784912100001,0.0,0.0,0.0016937255859370002,0.000666618347167,0.000682830810546,0.000682830810546,0.50229436728395,0.502295138888888,7.716049382716048e-07
862613391891,86261339189,1,0,21365709,1.0,"""[1.621246337890625e-05",1.621246337890625e-05,1.621246337890625e-05,1.621246337890625e-05,1.621246337890625e-05,1.621246337890625e-05,1.621246337890625e-05,1.621246337890625e-05,1.621246337890625e-05,1.621246337890625e-05," 1.621246337890625e-05]""",0.0,0.0,0.0,0.0,0.0016937255859370002,0.0,9.5367431640625e-07,9.5367431640625e-07,0.505177854938271,0.50517824074074,3.858024691358024e-07
862613391891,86261339189,1,0,2059474546,1.0,"""[0",0.0,0.0,0.0,0.0,0.0,0.0,0.0,0.0,0.0," 0]""",0.00045871734619100005,5.531311035156251e-05,0.0,0.0,0.0016937255859370002,0.0006675720214840001,0.000684738159179,0.000684738159179,0.5044012345679011,0.5044027777777771,1.5432098765432092e-06
862613391891,86261339189,1,0,250619380618,1.0,"""[3.4332275390625e-05",0.00017166137695300002,0.00034332275390600004,0.000654220581054,0.001039505004882,0.001298904418945,0.0035820007324210003,0.004371643066406,0.005210876464843001,0.006439208984375001," 0.007469177246093001]""",0.007461547851562,0.002593994140625,0.0,0.0,0.0016937255859370002,0.000460624694824,0.0014019012451170001,0.000798225402832,0.5089278549382711,0.508939043209876,1.118827160493827e-05
862613391891,86261339189,1,0,23336370,1.0,"""[1.9073486328125e-06",1.9073486328125e-06,1.9073486328125e-06,1.9073486328125e-06,1.9073486328125e-06,1.9073486328125e-06,1.9073486328125e-06,1.9073486328125e-06,1.9073486328125e-06,1.9073486328125e-06," 1.9073486328125e-06]""",0.0,0.0,0.0,0.0,0.0016937255859370002,0.0006685256958000001,0.000682830810546,0.000682830810546,0.50371875,0.5037191358024691,3.858024691358024e-07
862613391891,86261339189,1,0,373221312227,1.0,"""[0",0.00016307830810500002,0.00032615661621000004,0.0007524490356440001,0.001003265380859,0.001529693603515,0.0025634765625,0.002723693847656,0.007080078125,0.00787353515625," 0.008560180664062]""",0.008560180664062,0.003059387207031,0.0,0.0,0.0016937255859370002,0.00040817260742100005,0.001384735107421,0.0007343292236320001,0.508539737654321,0.5085497685185181,1.003086419753086e-05
862613391891,86261339189,1,0,19875845169,1.0,"""[1.9073486328125e-06",1.9073486328125e-06,1.9073486328125e-06,1.9073486328125e-06,1.9073486328125e-06,1.9073486328125e-06,1.9073486328125e-06,1.9073486328125e-06,1.9073486328125e-06,1.9073486328125e-06," 1.9073486328125e-06]""",0.0,0.0,0.0,0.0,0.0016937255859370002,0.0006685256958000001,0.00068187713623,0.00068187713623,0.501386574074074,0.501386959876543,3.858024691358024e-07
862613391891,86261339189,1,0,382797076623,1.0,"""[0",0.0,0.0,0.0,0.0,0.0,0.0,0.0,0.0,0.0,"0]""",0.0,0.0,0.0,0.0,0.0016937255859370002,0.0,9.5367431640625e-07,9.5367431640625e-07,0.5036057098765431,0.503606095679012,3.858024691358024e-07
862613391891,86261339189,1,0,1145840983,1.0,"""[0",0.0,0.0,0.0,0.0,0.0,0.0,0.0,0.0,0.0,"0]""",0.0,0.0,0.0,0.0,0.0016937255859370002,0.0,9.5367431640625e-07,9.5367431640625e-07,0.508680169753086,0.508680555555555,3.858024691358024e-07
862613391891,86261339189,1,0,68787887719,1.0,"""[0",0.0,0.0,0.0,0.0,0.0,0.0,0.0,0.0,0.0," 0]""",0.0,0.0,0.0,0.0,0.0016937255859370002,0.0,9.5367431640625e-07,9.5367431640625e-07,0.505710648148148,0.505711033950617,3.858024691358024e-07
862613391891,86261339189,1,0,2059626229,1.0,"""[0",0.0,0.0,0.0,0.0,0.0,0.0,0.0,0.0,0.0," 0]""",0.00020980834960900003,9.155273437500001e-05,0.0,0.0,0.0016937255859370002,0.000665664672851,0.000680923461914,0.000680923461914,0.503512731481481,0.5035135030864191,7.716049382716048e-07
862613391891,86261339189,1,0,23327667,1.0,"""[0",0.0,0.0,0.0,9.5367431640625e-07,9.5367431640625e-07,9.5367431640625e-07,1.9073486328125e-06,1.9073486328125e-06,1.9073486328125e-06," 1.9073486328125e-06]""",0.0,0.0,0.0,0.0,0.0016937255859370002,2.86102294921875e-06,1.3351440429687502e-05,1.2397766113281252e-05,0.509002700617283,0.509004629629629,1.929012345679012e-06
862613391891,86261339189,1,0,3092500485,1.0,"""[0",0.0,0.0,0.0,0.0,0.0,0.0,0.0,0.0,0.0,"0]""",0.0,0.0,0.0,0.0,0.0016937255859370002,0.0,9.5367431640625e-07,9.5367431640625e-07,0.508209876543209,0.508210262345679,3.858024691358024e-07
862613391891,86261339189,1,0,36050802267,1.0,"""[0",0.0,0.0,0.0,0.0,0.0,0.0,0.0,0.0,0.0,"0]""",0.0,0.0,0.0,0.0,0.0016937255859370002,0.000669479370117,0.0006856918334960001,0.0006856918334960001,0.5082893518518511,0.5082897376543211,3.858024691358024e-07
862613391891,86261339189,1,0,23336370,1.0,"""[0",0.0,0.0,0.0,0.0,0.0,0.0,0.0,0.0,0.0," 0]""",0.00031471252441400005,0.000130653381347,0.0,0.0,0.0016937255859370002,0.0006685256958000001,0.000683784484863,0.000682830810546,0.503717978395061,0.50371875,7.716049382716048e-07
862613391891,86261339189,1,0,382797076623,1.0,"""[1.4305114746093752e-05",9.727478027343751e-05,0.000501632690429,0.0009374618530270001,0.001117706298828,0.0017166137695310002,0.00278091430664,0.004287719726562,0.005073547363281,0.005882263183593001," 0.006492614746093001]""",0.006492614746093001,0.0024986267089840003,0.0,0.0,0.0016937255859370002,0.00045013427734300006,0.0013790130615230001,0.0008239746093750001,0.503592592592592,0.503604938271604,1.234567901234567e-05
862613391891,86261339189,1,0,20143068970,1.0,"""[0",0.0,0.0,0.0,0.0,0.0,0.0,0.0,0.0,0.0," 0]""",0.000420570373535,0.000140190124511,0.0,0.0,0.0016937255859370002,0.000669479370117,0.000683784484863,0.000683784484863,0.5005358796296291,0.500537037037037,1.157407407407407e-06
862613391891,86261339189,1,0,20143068970,1.0,"""[0",0.0,0.0,0.0,0.0,0.0,0.0,0.0,0.0,0.0,"0]""",0.0,0.0,0.0,0.0,0.0016937255859370002,0.000669479370117,0.00068187713623,0.00068187713623,0.500537037037037,0.5005374228395061,3.858024691358024e-07
862613391891,86261339189,1,0,40486423651,1.0,"""[0",0.0,0.0,0.0,0.0,0.0,0.0,0.0,0.0,0.0," 0]""",0.000222206115722,0.000111579895019,0.0,0.0,0.0016937255859370002,0.0006685256958000001,0.00068187713623,0.00068187713623,0.502860339506172,0.5028611111111111,7.716049382716048e-07
862613391891,86261339189,1,0,102983106586,1.0,"""[0",0.0,0.0,0.0,0.0,0.0,9.5367431640625e-07,9.5367431640625e-07,9.5367431640625e-07,9.5367431640625e-07," 9.5367431640625e-07]""",0.000259399414062,4.291534423828126e-05,0.0,0.0,0.0016937255859370002,7.43865966796875e-05,8.392333984375001e-05,8.392333984375001e-05,0.5095625,0.5095648148148141,2.314814814814814e-06
862613391891,86261339189,1,0,198556190123,1.0,"""[0.0016117095947260002",0.0016117095947260002,0.0016117095947260002,0.0016117095947260002,0.0016117095947260002,0.0030326843261710003,0.00445556640625,0.00445556640625,0.00445556640625,0.00445556640625," 0.00445556640625]""",0.004447937011718001,0.0034599304199210003,0.0,0.0,0.0016937255859370002,4.76837158203125e-06,4.768371582031251e-05,3.0517578125e-05,0.506541280864197,0.5065420524691351,7.716049382716048e-07
862613391891,86261339189,1,0,21394550,1.0,"""[0",0.0,0.0,0.0,8.58306884765625e-06,2.1934509277343753e-05,3.528594970703125e-05,0.00016689300537100002,0.00016689300537100002,0.00016689300537100002," 0.00016689300537100002]""",0.000473022460937,9.059906005859376e-05,0.0,0.0,0.0016937255859370002,0.000666618347167,0.0006790161132810001,0.0006790161132810001,0.5050987654320981,0.505099922839506,1.157407407407407e-06
862613391891,86261339189,1,0,21365709,1.0,"""[0",0.0,0.0,0.0,0.0,0.0,0.0,0.0,0.0,0.0,"0]""",0.0,0.0,0.0,0.0,0.0016937255859370002,0.000666618347167,0.000676155090332,0.000676155090332,0.5051882716049381,0.505188657407407,3.858024691358024e-07
862613391891,86261339189,1,0,277671555356,1.0,"""[2.9563903808593753e-05",2.9563903808593753e-05,2.9563903808593753e-05,2.9563903808593753e-05,2.9563903808593753e-05,2.9563903808593753e-05,2.9563903808593753e-05,2.9563903808593753e-05,2.9563903808593753e-05,2.9563903808593753e-05," 2.9563903808593753e-05]""",0.0,0.0,0.0,0.0,0.0016937255859370002,0.0,9.5367431640625e-07,9.5367431640625e-07,0.502145061728395,0.502145447530864,3.858024691358024e-07
862613391891,86261339189,1,0,1715004957,1.0,"""[0",0.0,0.0,0.0,0.0,0.0,0.0,0.0,0.0,0.0," 0]""",0.0,0.0,0.0,0.0,0.0016937255859370002,0.0,9.5367431640625e-07,9.5367431640625e-07,0.5058537808641971,0.505854166666666,3.858024691358024e-07
862613391891,86261339189,1,0,250621509276,1.0,"""[8.487701416015626e-05",0.000259399414062,0.000501632690429,0.0007352828979490001,0.000995635986328,0.001123428344726,0.001953125,0.0030937194824210003,0.005302429199218001,0.007278442382812," 0.0089111328125]""",0.008499145507812,0.0026359558105460003,0.0,0.0,0.0016937255859370002,0.000409126281738,0.0014419555664060002,0.0007514953613280001,0.50791473765432,0.507925540123456,1.080246913580246e-05
862613391891,86261339189,1,0,21365709,1.0,"""[0",0.0,0.0,0.0,0.0,0.0,0.0,0.0,0.0,0.0," 0]""",0.00023651123046800003,8.678436279296876e-05,0.0,0.0,0.0016937255859370002,0.000666618347167,0.000677108764648,0.000677108764648,0.5051875,0.5051882716049381,7.716049382716048e-07
862613391891,86261339189,1,0,40486423651,1.0,"""[0",0.0,0.0,0.0,0.0,0.0,0.0,0.0,0.0,0.0," 0]""",0.0,0.0,0.0,0.0,0.0016937255859370002,0.0,9.5367431640625e-07,9.5367431640625e-07,0.502860725308642,0.5028611111111111,3.858024691358024e-07
862613391891,86261339189,1,0,33152328611,1.0,"""[0",0.0,0.0,0.0,2.86102294921875e-06,7.62939453125e-06,1.2397766113281252e-05,1.52587890625e-05,1.52587890625e-05,1.52587890625e-05," 1.52587890625e-05]""",0.0,0.0,0.0,0.0,0.0016937255859370002,0.0,9.5367431640625e-07,9.5367431640625e-07,0.509129629629629,0.509130401234567,7.716049382716048e-07
862613391891,86261339189,1,0,373221312227,1.0,"""[0",0.0,0.0,0.0,0.0,0.0,0.0,0.0,0.0,0.0," 0]""",0.00045967102050700005,0.000114440917968,0.0,0.0,0.0016937255859370002,0.0006685256958000001,0.0006904602050780001,0.000689506530761,0.5085497685185181,0.5085513117283951,1.5432098765432092e-06
862613391891,86261339189,1,0,92040069683,1.0,"""[0",0.0,0.0,0.0,0.0,0.0,0.0,0.0,0.0,0.0," 0]""",0.0,0.0,0.0,0.0,0.0016937255859370002,0.0,9.5367431640625e-07,9.5367431640625e-07,0.505817901234567,0.505819830246913,1.929012345679012e-06
862613391891,86261339189,1,0,40486423651,1.0,"""[3.0517578125e-05",0.00015830993652300002,0.0005331039428710001,0.000651359558105,0.001161575317382,0.0016727447509760002,0.001918792724609,0.00357437133789,0.007316589355468001,0.007980346679687," 0.008895874023437]""",0.008880615234375,0.002876281738281,0.0,0.0,0.0016937255859370002,0.00047016143798800006,0.001375198364257,0.000757217407226,0.502850308641975,0.502860339506172,1.003086419753086e-05
862613391891,86261339189,1,0,277671555356,1.0,"""[0.00022506713867100002",0.00022506713867100002,0.00022506713867100002,0.00022506713867100002,0.00022506713867100002,0.00022506713867100002,0.00022506713867100002,0.00022506713867100002,0.00022506713867100002,0.00022506713867100002," 0.00022506713867100002]""",0.00154685974121,3.24249267578125e-05,0.0,0.0,0.0016937255859370002,0.0006675720214840001,0.000749588012695,0.0007171630859370001,0.502163194444444,0.5021639660493821,7.716049382716048e-07
862613391891,86261339189,1,0,198556190123,1.0,"""[8.773803710937501e-05",0.000421524047851,0.000678062438964,0.0013256072998040001,0.0028953552246090003,0.004531860351562,0.006271362304687,0.006851196289062,0.007369995117187,0.007614135742187," 0.007843017578125]""",0.007843017578125,0.004173278808593001,0.0,0.0,0.0016937255859370002,0.00033283233642500003,0.001359939575195,0.000741958618164,0.506525848765432,0.50654012345679,1.4274691358024692e-05
862613391891,86261339189,1,0,373578564255,1.0,"""[4.577636718750001e-05",0.000281333923339,0.0007400512695310001,0.000933647155761,0.001245498657226,0.00160789489746,0.004112243652343001,0.006057739257812,0.0078125,0.008499145507812," 0.00872802734375]""",0.008895874023437,0.0036430358886710003,0.0,0.0,0.0016937255859370002,0.00042533874511700004,0.001407623291015,0.0007591247558590001,0.5049429012345671,0.504951774691358,8.873456790123455e-06
862613391891,86261339189,1,0,373578564255,1.0,"""[0",0.0,0.0,0.0,0.0,0.0,0.0,0.0,0.0,0.0," 0]""",0.0,0.0,0.0,0.0,0.0016937255859370002,0.0,9.5367431640625e-07,9.5367431640625e-07,0.504942515432098,0.5049429012345671,3.858024691358024e-07
862613391891,86261339189,1,0,68787887719,1.0,"""[0",0.0,0.0,0.0,0.0,0.0,0.0,0.0,0.0,0.0," 0]""",0.00028610229492100005,9.536743164062501e-05,0.0,0.0,0.0016937255859370002,0.000673294067382,0.000689506530761,0.000688552856445,0.5057098765432091,0.505711033950617,1.157407407407407e-06
862613391891,86261339189,1,0,102983106586,1.0,"""[2.1934509277343753e-05",2.1934509277343753e-05,2.1934509277343753e-05,2.1934509277343753e-05,2.1934509277343753e-05,2.1934509277343753e-05,2.1934509277343753e-05,2.1934509277343753e-05,2.1934509277343753e-05,2.1934509277343753e-05," 2.1934509277343753e-05]""",0.0,0.0,0.0,0.0,0.0016937255859370002,0.0,9.5367431640625e-07,9.5367431640625e-07,0.5095378086419751,0.509538194444444,3.858024691358024e-07
862613391891,86261339189,1,0,21205046,1.0,"""[0",0.0,0.0,0.0,0.0,0.0,9.5367431640625e-07,9.5367431640625e-07,9.5367431640625e-07,9.5367431640625e-07," 9.5367431640625e-07]""",0.0,0.0,0.0,0.0,0.0016937255859370002,0.0006742477416990001,0.000688552856445,0.000688552856445,0.506376543209876,0.506376929012345,3.858024691358024e-07
