UniqJobId,collection_id,instance_index,priority,machine_id,sample_rate,cpu_usage_distribution1,cpu_usage_distribution2,cpu_usage_distribution3,cpu_usage_distribution4,cpu_usage_distribution5,cpu_usage_distribution6,cpu_usage_distribution7,cpu_usage_distribution8,cpu_usage_distribution9,cpu_usage_distribution10,cpu_usage_distribution11,max_cpu,avg_cpu,cycles_per_instruction,memory_accesses_per_instruction,assigned_memory,page_cache_memory,max_memory,avg_memory,start_time,end_time,time_window
869171765035,8691717650,35,0,102983351937,0.9933333396911621,"""[0.000382423400878",0.007041931152343001,0.007904052734375,0.00848388671875,0.008819580078125,0.009140014648437,0.009597778320312,0.011825561523437,0.013565063476562,0.014434814453125002," 0.017669677734375]""",0.03228759765625,0.00982666015625,3.56713056564331,0.026078203693032,0.015228271484375002,0.000462532043457,0.014251708984375002,0.012496948242187,0.5078703703703701,0.507986111111111,0.00011574074074
869171765035,8691717650,35,0,102983351937,0.9933333396911621,"""[0.000327110290527",0.005416870117187,0.006065368652343001,0.006637573242187,0.006980895996093001,0.007286071777343001,0.007469177246093001,0.007858276367187,0.008407592773437,0.012435913085937," 0.016448974609375]""",0.029266357421875003,0.007644653320312,0.8012874126434321,0.0034525939263400003,0.015457153320312,0.000462532043457,0.012527465820312,0.012374877929687,0.5081018518518511,0.508217592592592,0.00011574074074
869171765035,8691717650,35,0,102983351937,0.9933333396911621,"""[0.000280380249023",0.000330924987792,0.00035667419433500004,0.000371932983398,0.000388145446777,0.000411033630371,0.000439643859863,0.0006437301635740001,0.008712768554687,0.008956909179687," 0.00994873046875]""",0.01287841796875,0.0027580261230460003,3.050279378890991,0.023896586149930003,0.012374877929687,0.00046157836914,0.004791259765625,0.004592895507812,0.502430555555555,0.502546296296296,0.00011574074074
869171765035,8691717650,35,0,102983351937,1.0,"""[0.00027370452880800004",0.00032234191894500003,0.000370025634765,0.00043773651123000005,0.001338958740234,0.00836181640625,0.00860595703125,0.0087890625,0.009063720703125,0.010940551757812," 0.018707275390625]""",0.0328369140625,0.005622863769531,2.915844678878784,0.021628817543387,0.012374877929687,0.00046157836914,0.007789611816406,0.0054931640625,0.50324074074074,0.503356481481481,0.00011574074074
869171765035,8691717650,35,0,102983351937,1.0,"""[0.001577377319335",0.004425048828125,0.005363464355468001,0.00592041015625,0.00634765625,0.006820678710937,0.007423400878906,0.008697509765625,0.010299682617187,0.012313842773437," 0.0166015625]""",0.027313232421875003,0.00750732421875,1.511960625648498,0.008085017092525001,0.016387939453125,0.000462532043457,0.015548706054687,0.013656616210937,0.509143518518518,0.5092592592592591,0.00011574074074
869171765035,8691717650,35,0,102983351937,0.9933333396911621,"""[0.000277519226074",0.00031375885009700004,0.00035285949707000003,0.00042915344238200005,0.000519752502441,0.001033782958984,0.0072021484375,0.008148193359375,0.009872436523437,0.014068603515625002," 0.027801513671875003]""",0.027313232421875003,0.005035400390625,1.511960625648498,0.008085017092525001,0.016693115234375,0.000462532043457,0.014129638671875002,0.01348876953125,0.509375,0.5094907407407401,0.00011574074074
869171765035,8691717650,35,0,102983351937,1.0,"""[0.000285148620605",0.00036430358886700004,0.00039386749267500003,0.000439643859863,0.001171112060546,0.005744934082031,0.007102966308593001,0.007720947265625001,0.008193969726562,0.012908935546875002," 0.0284423828125]""",0.043212890625,0.005393981933593001,3.56713056564331,0.026078203693032,0.014846801757812,0.000462532043457,0.012374877929687,0.012374877929687,0.5076388888888881,0.507754629629629,0.00011574074074
869171765035,8691717650,35,0,102983351937,1.0,"""[0.00044822692871000004",0.007667541503906,0.00848388671875,0.008712768554687,0.008834838867187,0.008956909179687,0.009109497070312,0.010299682617187,0.011215209960937,0.0147705078125," 0.02435302734375]""",0.0343017578125,0.009765625,0.7768228650093071,0.002999659394845,0.012374877929687,0.000462532043457,0.007598876953125001,0.0067138671875,0.504050925925925,0.504166666666666,0.00011574074074
869171765035,8691717650,35,0,102983351937,0.990000009536743,"""[0.000388145446777",0.000518798828125,0.006904602050781,0.00775146484375,0.008346557617187,0.008636474609375,0.008880615234375,0.009048461914062,0.012466430664062,0.01531982421875," 0.016815185546875]""",0.06231689453125,0.008743286132812,0.7768228650093071,0.002999659394845,0.012374877929687,0.000462532043457,0.00927734375,0.007354736328125001,0.504282407407407,0.504398148148148,0.00011574074074
869171765035,8691717650,35,0,102983351937,0.996666669845581,"""[0.000348091125488",0.00062084197998,0.003791809082031,0.004623413085937,0.005058288574218001,0.00555419921875,0.005912780761718001,0.006431579589843001,0.00714111328125,0.00799560546875," 0.009246826171875]""",0.0159912109375,0.005165100097656,0.6612975001335141,0.001582377939485,0.01422119140625,0.000462532043457,0.012374877929687,0.012374877929687,0.5069444444444441,0.507060185185185,0.00011574074074
869171765035,8691717650,35,0,102983351937,0.996666669845581,"""[0.00029182434082000003",0.000452995300292,0.002490997314453,0.007705688476562,0.0084228515625,0.008651733398437,0.008804321289062,0.008926391601562,0.009048461914062,0.009628295898437," 0.0172119140625]""",0.03338623046875,0.007232666015625001,2.793669939041137,0.019371991977095,0.012374877929687,0.00045680999755800004,0.004386901855468001,0.0034141540527340003,0.501157407407407,0.501273148148148,0.00011574074074
869171765035,8691717650,35,0,102983351937,0.990000009536743,"""[0.00029563903808500004",0.001871109008789,0.004379272460937,0.004920959472656,0.005485534667968001,0.005874633789062,0.006210327148437,0.006622314453125001,0.007431030273437,0.008087158203125," 0.008651733398437]""",0.028228759765625003,0.005523681640625,0.6612975001335141,0.001582377939485,0.01422119140625,0.000462532043457,0.012374877929687,0.012374877929687,0.507060185185185,0.5071759259259261,0.00011574074074
869171765035,8691717650,35,0,102983351937,0.996666669845581,"""[0.000399589538574",0.000483512878417,0.00063419342041,0.006790161132812,0.007347106933593001,0.007644653320312,0.007980346679687,0.008316040039062,0.008712768554687,0.008926391601562," 0.009246826171875]""",0.017120361328125,0.006011962890625001,1.644498348236084,0.008431041613221,0.01422119140625,0.000462532043457,0.012374877929687,0.010833740234375,0.5055555555555551,0.505671296296296,0.00011574074074
869171765035,8691717650,35,0,102983351937,1.0,"""[0",0.0,0.0,0.0,0.0,0.0,0.0,0.0,0.0,0.0," 0]""",0.0,0.0,0.0,0.0,0.012374877929687,0.0,9.5367431640625e-07,9.5367431640625e-07,0.5008780864197531,0.500878472222222,3.858024691358024e-07
869171765035,8691717650,35,0,102983351937,1.0,"""[0.00030422210693300004",0.0031394958496090003,0.008438110351562,0.00872802734375,0.008804321289062,0.008880615234375,0.008941650390625,0.009002685546875,0.009124755859375,0.011993408203125002," 0.017578125]""",0.0355224609375,0.008468627929687,0.5918169021606441,0.0012528432998800002,0.012374877929687,0.000462532043457,0.0084228515625,0.007659912109375001,0.504398148148148,0.504513888888888,0.00011574074074
869171765035,8691717650,35,0,102983351937,1.0,"""[0.000300407409667",0.00036811828613200005,0.000431060791015,0.0030517578125,0.00567626953125,0.00628662109375,0.006675720214843001,0.007194519042968001,0.007759094238281,0.008316040039062," 0.01483154296875]""",0.02081298828125,0.005172729492187,0.7148476243019101,0.0027454844675950003,0.015457153320312,0.000462532043457,0.012557983398437,0.01239013671875,0.5083333333333331,0.508449074074074,0.00011574074074
869171765035,8691717650,35,0,102983351937,0.9666666388511651,"""[0.00029563903808500004",0.00033187866210900003,0.00035476684570300005,0.00036716461181600005,0.000379562377929,0.000391960144042,0.000412940979003,0.00043773651123000005,0.000608444213867,0.007255554199218001," 0.009201049804687]""",0.023345947265625003,0.001430511474609,3.019790649414062,0.02338227443397,0.012374877929687,0.00046157836914,0.006546020507812,0.004661560058593001,0.502662037037037,0.502777777777777,0.00011574074074
869171765035,8691717650,35,0,102983351937,1.0,"""[0.00034618377685500005",0.000409126281738,0.00047492980957000003,0.000670433044433,0.0030632019042960003,0.00494384765625,0.005973815917968001,0.006889343261718001,0.007400512695312,0.007827758789062," 0.0220947265625]""",0.022216796875,0.00439453125,0.6612975001335141,0.001582377939485,0.01422119140625,0.000462532043457,0.012374877929687,0.010757446289062,0.506597222222222,0.5067129629629631,0.00011574074074
869171765035,8691717650,35,0,102983351937,1.0,"""[0.000244140625",0.000274658203125,0.000287055969238,0.000300407409667,0.000317573547363,0.000340461730957,0.00036430358886700004,0.000388145446777,0.000441551208496,0.0005464553833000001," 0.001211166381835]""",0.002037048339843,0.000379562377929,2.915844678878784,0.021628817543387,0.012374877929687,0.00046157836914,0.004600524902343001,0.004592895507812,0.502777777777777,0.502893518518518,0.00011574074074
869171765035,8691717650,35,0,102983351937,1.0,"""[0.00031471252441400005",0.00035572052001900005,0.000372886657714,0.000391006469726,0.000409126281738,0.00042724609375,0.00045680999755800004,0.000646591186523,0.007545471191406,0.00830078125," 0.009429931640625]""",0.017303466796875,0.002182006835937,0.7148476243019101,0.0027454844675950003,0.016082763671875,0.000462532043457,0.014572143554687,0.012741088867187,0.5087962962962961,0.508912037037037,0.00011574074074
869171765035,8691717650,35,0,102983351937,0.9933333396911621,"""[0.000289916992187",0.00032424926757800005,0.000357627868652,0.001087188720703,0.006179809570312,0.006805419921875001,0.007217407226562,0.007583618164062,0.007888793945312,0.00830078125," 0.01373291015625]""",0.0233154296875,0.005210876464843001,0.7307281494140621,0.0028518617618820004,0.016082763671875,0.000462532043457,0.013168334960937,0.012863159179687,0.508912037037037,0.5090277777777771,0.00011574074074
869171765035,8691717650,35,0,102983351937,0.9866666793823241,"""[0.00031471252441400005",0.00039005279541,0.00041770935058500004,0.000443458557128,0.0004911422729490001,0.000715255737304,0.008026123046875,0.00885009765625,0.009231567382812,0.016510009765625," 0.024169921875]""",0.080078125,0.005928039550781,2.793669939041137,0.019371991977095,0.012374877929687,0.00046157836914,0.005630493164062,0.0036430358886710003,0.501273148148148,0.501388888888888,0.00011574074074
869171765035,8691717650,35,0,102983351937,0.996666669845581,"""[0.00026512145996000004",0.00036525726318300004,0.0005455017089840001,0.005836486816406,0.006904602050781,0.007537841796875001,0.007789611816406,0.00811767578125,0.00830078125,0.008499145507812," 0.00909423828125]""",0.02105712890625,0.005874633789062,1.511960625648498,0.008085017092525001,0.016693115234375,0.000462532043457,0.014129638671875002,0.01373291015625,0.5092592592592591,0.509375,0.00011574074074
869171765035,8691717650,35,0,102983351937,0.9933333396911621,"""[0.000289916992187",0.000371932983398,0.000402450561523,0.0004920959472650001,0.000684738159179,0.003471374511718,0.00433349609375,0.004852294921875,0.005638122558593001,0.0069580078125," 0.010025024414062]""",0.028350830078125003,0.003318786621093,3.56713056564331,0.026078203693032,0.0146484375,0.000462532043457,0.01348876953125,0.012405395507812,0.507523148148148,0.5076388888888881,0.00011574074074
869171765035,8691717650,35,0,102983351937,1.0,"""[0.00024223327636700001",0.00026416778564400005,0.00027179718017500003,0.000280380249023,0.000288009643554,0.00029563903808500004,0.00030326843261700004,0.00031566619873000005,0.000335693359375,0.000388145446777," 0.008804321289062]""",0.00157356262207,0.00032234191894500003,2.903371572494506,0.02130627259612,0.012374877929687,0.00046157836914,0.003440856933593,0.0034332275390620004,0.501851851851851,0.501967592592592,0.00011574074074
869171765035,8691717650,35,0,102983351937,0.996666669845581,"""[0.00024223327636700001",0.00027179718017500003,0.000284194946289,0.000297546386718,0.00031661987304600005,0.000443458557128,0.006462097167968001,0.008270263671875,0.008560180664062,0.008956909179687," 0.014114379882812]""",0.020599365234375,0.003929138183593001,3.050279378890991,0.023896586149930003,0.012374877929687,0.00046157836914,0.005523681640625,0.003593444824218,0.501967592592592,0.502083333333333,0.00011574074074
869171765035,8691717650,35,0,102983351937,0.996666669845581,"""[0.000308036804199",0.00042629241943300004,0.0008010864257810001,0.008010864257812,0.008529663085937,0.0087890625,0.0089111328125,0.009002685546875,0.009185791015625,0.016204833984375," 0.04144287109375]""",0.04327392578125,0.008438110351562,3.050279378890991,0.023896586149930003,0.012374877929687,0.00046157836914,0.004295349121093001,0.003921508789062,0.502083333333333,0.502199074074074,0.00011574074074
869171765035,8691717650,35,0,102983351937,0.996666669845581,"""[0.000310897827148",0.000358581542968,0.00038337707519500003,0.00040531158447200004,0.00042343139648400003,0.000442504882812,0.00048065185546800006,0.000676155090332,0.005706787109375001,0.008453369140625," 0.012969970703125002]""",0.01300048828125,0.002151489257812,1.644498348236084,0.008431041613221,0.01422119140625,0.000462532043457,0.010726928710937,0.010269165039062,0.5060185185185181,0.506134259259259,0.00011574074074
869171765035,8691717650,35,0,102983351937,0.996666669845581,"""[0.000342369079589",0.0005102157592770001,0.005462646484375,0.006111145019531,0.006561279296875001,0.006889343261718001,0.00714111328125,0.007362365722656,0.007736206054687,0.008102416992187," 0.015365600585937]""",0.029144287109375003,0.006202697753906,3.56713056564331,0.026078203693032,0.015457153320312,0.000462532043457,0.012451171875,0.012374877929687,0.507986111111111,0.5081018518518511,0.00011574074074
869171765035,8691717650,35,0,102983351937,0.990000009536743,"""[0.000249862670898",0.000298500061035,0.00032234191894500003,0.00034332275390600004,0.00036716461181600005,0.00039482116699200004,0.00043678283691400005,0.001239776611328,0.008819580078125,0.009140014648437," 0.01165771484375]""",0.025787353515625003,0.0028038024902340003,3.050279378890991,0.023896586149930003,0.012374877929687,0.00046157836914,0.004707336425781,0.003982543945312,0.502199074074074,0.502314814814814,0.00011574074074
869171765035,8691717650,35,0,102983351937,0.990000009536743,"""[0.00026321411132800005",0.000308990478515,0.000320434570312,0.00033187866210900003,0.00034332275390600004,0.00035667419433500004,0.000380516052246,0.00042438507080000003,0.00051212310791,0.000579833984375," 0.0086669921875]""",0.01605224609375,0.000792503356933,1.644498348236084,0.008431041613221,0.01422119140625,0.000462532043457,0.010360717773437,0.010223388671875,0.5062500000000001,0.50636574074074,0.00011574074074
869171765035,8691717650,35,0,102983351937,0.996666669845581,"""[0.000287055969238",0.000351905822753,0.00037574768066400005,0.00040054321289,0.000432968139648,0.0005998611450190001,0.0076904296875,0.008590698242187,0.008956909179687,0.009201049804687," 0.02850341796875]""",0.02838134765625,0.004562377929687,3.050279378890991,0.023896586149930003,0.012374877929687,0.00046157836914,0.005226135253906,0.004676818847656,0.502546296296296,0.502662037037037,0.00011574074074
869171765035,8691717650,35,0,102983351937,0.9933333396911621,"""[0.000276565551757",0.000310897827148,0.000329971313476,0.000348091125488,0.000379562377929,0.000430107116699,0.00271987915039,0.008224487304687,0.0089111328125,0.01080322265625," 0.01641845703125]""",0.03582763671875,0.004005432128906,0.54042911529541,0.0007676428067490001,0.012374877929687,0.000462532043457,0.008712768554687,0.008392333984375,0.5048611111111111,0.504976851851851,0.00011574074074
869171765035,8691717650,35,0,102983351937,0.9933333396911621,"""[0.000307083129882",0.00040531158447200004,0.00046920776367100005,0.0005636215209960001,0.002429962158203,0.008453369140625,0.008834838867187,0.00897216796875,0.009109497070312,0.01019287109375," 0.03472900390625]""",0.03363037109375,0.005973815917968001,2.915844678878784,0.021628817543387,0.012374877929687,0.000462532043457,0.005897521972656,0.005401611328125,0.503472222222222,0.503587962962962,0.00011574074074
869171765035,8691717650,35,0,102983351937,1.0,"""[0",0.0,0.0,0.0,0.0,0.0,0.0,0.0,0.0,0.0,"0]""",0.0,0.0,2.691138982772827,0.021233120933175,0.025360107421875003,0.0007219314575190001,0.000113487243652,0.000113487243652,0.500878472222222,0.500878858024691,3.858024691358024e-07
869171765035,8691717650,35,0,102983351937,0.996666669845581,"""[0.000289916992187",0.00055980682373,0.006111145019531,0.008514404296875,0.008880615234375,0.009017944335937,0.009124755859375,0.009262084960937,0.013656616210937,0.016876220703125," 0.02197265625]""",0.04071044921875,0.009124755859375,3.050279378890991,0.023896586149930003,0.012374877929687,0.00046157836914,0.006546020507812,0.004631042480468001,0.502314814814814,0.502430555555555,0.00011574074074
869171765035,8691717650,35,0,102983351937,0.983333349227905,"""[0.000328063964843",0.00044441223144500003,0.000622749328613,0.005363464355468001,0.008590698242187,0.008819580078125,0.00897216796875,0.00909423828125,0.009185791015625,0.009521484375," 0.017669677734375]""",0.04583740234375,0.006950378417968001,2.691138982772827,0.021233120933175,0.02520751953125,0.000666618347167,0.023651123046875003,0.02191162109375,0.500462962962963,0.500578703703703,0.00011574074074
869171765035,8691717650,35,0,102983351937,0.9933333396911621,"""[0.000284194946289",0.000309944152832,0.000327110290527,0.00034427642822200004,0.00037670135498000005,0.00043487548828100004,0.0005102157592770001,0.0005989074707030001,0.005180358886718001,0.007575988769531," 0.023773193359375003]""",0.023590087890625003,0.002082824707031,1.644498348236084,0.008431041613221,0.01422119140625,0.000462532043457,0.010391235351562,0.010238647460937,0.50636574074074,0.5064814814814811,0.00011574074074
869171765035,8691717650,35,0,102983351937,0.9933333396911621,"""[0.00032520294189400005",0.000410079956054,0.0005035400390620001,0.0008144378662100001,0.007614135742187,0.008407592773437,0.008651733398437,0.00885009765625,0.009002685546875,0.009765625," 0.0416259765625]""",0.05914306640625,0.006439208984375001,2.691138982772827,0.021233120933175,0.025360107421875003,0.000666618347167,0.022308349609375,0.02191162109375,0.500578703703703,0.500694444444444,0.00011574074074
869171765035,8691717650,35,0,102983351937,1.0,"""[0.000296592712402",0.000525474548339,0.006813049316406,0.008636474609375,0.00885009765625,0.008926391601562,0.009017944335937,0.009109497070312,0.009292602539062,0.012725830078125002," 0.028564453125]""",0.028656005859375003,0.008392333984375,0.54042911529541,0.0007676428067490001,0.012374877929687,0.000462532043457,0.00836181640625,0.007858276367187,0.504513888888888,0.504629629629629,0.00011574074074
869171765035,8691717650,35,0,102983351937,1.0,"""[0.000288009643554",0.00034332275390600004,0.0003662109375,0.00038337707519500003,0.000412940979003,0.00213623046875,0.005928039550781,0.006912231445312,0.008087158203125,0.00946044921875," 0.011688232421875002]""",0.0224609375,0.003898620605468,0.7148476243019101,0.0027454844675950003,0.015457153320312,0.000462532043457,0.013229370117187,0.012527465820312,0.508449074074074,0.5085648148148141,0.00011574074074
869171765035,8691717650,35,0,102983351937,0.996666669845581,"""[0.00032234191894500003",0.000443458557128,0.001100540161132,0.004257202148437,0.005439758300781,0.006309509277343001,0.007034301757812,0.007537841796875001,0.008743286132812,0.010940551757812," 0.017303466796875]""",0.029541015625,0.005897521972656,0.7148476243019101,0.0027454844675950003,0.016021728515625,0.000462532043457,0.014938354492187,0.012741088867187,0.5085648148148141,0.508680555555555,0.00011574074074
869171765035,8691717650,35,0,102983351937,0.996666669845581,"""[0.000329971313476",0.00041866302490200006,0.001871109008789,0.004806518554687,0.005256652832031,0.005630493164062,0.005966186523437,0.006355285644531,0.006721496582031,0.007247924804687," 0.0146484375]""",0.04180908203125,0.005058288574218001,0.6612975001335141,0.001582377939485,0.01422119140625,0.000462532043457,0.012374877929687,0.012374877929687,0.5067129629629631,0.506828703703703,0.00011574074074
869171765035,8691717650,35,0,102983351937,0.990000009536743,"""[0.000216484069824",0.00027179718017500003,0.00030517578125,0.000338554382324,0.000372886657714,0.00041866302490200006,0.0006484985351560001,0.00689697265625,0.007675170898437,0.0081787109375," 0.00897216796875]""",0.0198974609375,0.002922058105468,0.0,0.0,0.012374877929687,0.000432014465332,0.0029449462890620004,0.0018005371093750002,0.500925925925925,0.501041666666666,0.00011574074074
869171765035,8691717650,35,0,102983351937,0.990000009536743,"""[0.00023555755615200003",0.00026512145996000004,0.00027370452880800004,0.000281333923339,0.000288963317871,0.000296592712402,0.00030422210693300004,0.000317573547363,0.000338554382324,0.00039482116699200004," 0.00229263305664]""",0.002296447753906,0.000330924987792,2.915844678878784,0.021628817543387,0.012374877929687,0.00046157836914,0.004592895507812,0.004592895507812,0.5031249999999999,0.50324074074074,0.00011574074074
869171765035,8691717650,35,0,102983351937,0.9933333396911621,"""[0.000275611877441",0.000319480895996,0.00033950805664,0.00035667419433500004,0.00036811828613200005,0.000379562377929,0.000391960144042,0.000412940979003,0.000439643859863,0.000677108764648," 0.008895874023437]""",0.008956909179687,0.000787734985351,2.793669939041137,0.019371991977095,0.012374877929687,0.00046157836914,0.0036926269531250004,0.0034446716308590003,0.501504629629629,0.50162037037037,0.00011574074074
869171765035,8691717650,35,0,102983351937,0.9933333396911621,"""[0.000277519226074",0.00032424926757800005,0.00034332275390600004,0.000358581542968,0.000370025634765,0.000381469726562,0.00039291381835900003,0.00043869018554600005,0.000591278076171,0.0007638931274410001," 0.008682250976562]""",0.008682250976562,0.000786781311035,3.56713056564331,0.026078203693032,0.014846801757812,0.000462532043457,0.012374877929687,0.012374877929687,0.507754629629629,0.5078703703703701,0.00011574074074
869171765035,8691717650,35,0,102983351937,0.996666669845581,"""[0.000249862670898",0.000268936157226,0.000277519226074,0.00028610229492100005,0.00029468536376900005,0.00030326843261700004,0.000319480895996,0.000349044799804,0.0005216598510740001,0.008453369140625," 0.0167236328125]""",0.0206298828125,0.001941680908203,2.915844678878784,0.021628817543387,0.012374877929687,0.00046157836914,0.006523132324218001,0.004684448242187,0.502893518518518,0.503009259259259,0.00011574074074
869171765035,8691717650,35,0,102983351937,0.9933333396911621,"""[0.00025463104248",0.00027084350585900003,0.000280380249023,0.000288963317871,0.000297546386718,0.000307083129882,0.00032329559326100003,0.000341415405273,0.00039577484130800004,0.001079559326171," 0.0089111328125]""",0.010589599609375,0.0008926391601560001,2.915844678878784,0.021628817543387,0.012374877929687,0.00046157836914,0.004875183105468001,0.004600524902343001,0.503009259259259,0.5031249999999999,0.00011574074074
869171765035,8691717650,35,0,102983351937,0.9933333396911621,"""[0.00027847290039",0.00032424926757800005,0.00034713745117100005,0.000359535217285,0.000369071960449,0.00037765502929600005,0.00038719177246000004,0.00039672851562500005,0.00044822692871000004,0.000585556030273," 0.0030174255371090003]""",0.003009796142578,0.00042724609375,0.54042911529541,0.0007676428067490001,0.012374877929687,0.000462532043457,0.009658813476562,0.0096435546875,0.505208333333333,0.5053240740740741,0.00011574074074
869171765035,8691717650,35,0,102983351937,0.996666669845581,"""[0.000260353088378",0.00027847290039,0.00029373168945300005,0.000309944152832,0.00032234191894500003,0.000335693359375,0.000349044799804,0.000382423400878,0.0015316009521480001,0.008071899414062," 0.017364501953125]""",0.03948974609375,0.0020408630371090003,1.644498348236084,0.008431041613221,0.01422119140625,0.000462532043457,0.012374877929687,0.010147094726562,0.5057870370370371,0.505902777777777,0.00011574074074
869171765035,8691717650,35,0,102983351937,0.9866666793823241,"""[0.00028228759765600004",0.00032329559326100003,0.00034523010253900005,0.00036430358886700004,0.00038337707519500003,0.00040531158447200004,0.000432014465332,0.00047492980957000003,0.000628471374511,0.000786781311035," 0.00885009765625]""",0.008926391601562,0.000677108764648,2.691138982772827,0.021233120933175,0.024749755859375003,0.000666618347167,0.021240234375,0.02099609375,0.500231481481481,0.500347222222222,0.00011574074074
869171765035,8691717650,35,0,102983351937,0.9933333396911621,"""[0.003486633300781",0.004875183105468001,0.005378723144531,0.005813598632812,0.006195068359375001,0.006690979003906,0.007064819335937,0.007583618164062,0.008071899414062,0.009536743164062," 0.013076782226562]""",0.03204345703125,0.007011413574218001,0.6612975001335141,0.001582377939485,0.01422119140625,0.000462532043457,0.012374877929687,0.012374877929687,0.506828703703703,0.5069444444444441,0.00011574074074
869171765035,8691717650,35,0,102983351937,0.996666669845581,"""[0.00037670135498000005",0.003864288330078,0.004661560058593001,0.005027770996093001,0.005447387695312,0.005897521972656,0.006355285644531,0.006858825683593001,0.007514953613281,0.008544921875," 0.01483154296875]""",0.02105712890625,0.006088256835937,1.511960625648498,0.008085017092525001,0.016082763671875,0.000462532043457,0.013504028320312,0.013229370117187,0.5090277777777771,0.509143518518518,0.00011574074074
869171765035,8691717650,35,0,102983351937,0.996666669845581,"""[0.000279426574707",0.0007162094116210001,0.005073547363281,0.005950927734375001,0.006820678710937,0.007362365722656,0.007965087890625,0.009872436523437,0.01153564453125,0.013351440429687," 0.030120849609375003]""",0.03472900390625,0.007774353027343001,0.6612975001335141,0.001582377939485,0.01422119140625,0.000462532043457,0.013214111328125002,0.01239013671875,0.5071759259259261,0.507291666666666,0.00011574074074
869171765035,8691717650,35,0,102983351937,0.996666669845581,"""[0.00038719177246000004",0.005355834960937,0.007453918457031,0.008087158203125,0.008651733398437,0.009140014648437,0.009796142578125,0.010772705078125,0.012771606445312,0.015625," 0.019744873046875]""",0.05322265625,0.009872436523437,1.644498348236084,0.008431041613221,0.013931274414062,0.000462532043457,0.012939453125,0.011123657226562,0.505439814814814,0.5055555555555551,0.00011574074074
869171765035,8691717650,35,0,102983351937,0.990000009536743,"""[0.000309944152832",0.00042819976806600005,0.0005989074707030001,0.006660461425781,0.008193969726562,0.008697509765625,0.008895874023437,0.009048461914062,0.010726928710937,0.016815185546875," 0.023223876953125003]""",0.0469970703125,0.007766723632812,0.7810007929801941,0.0030360461678350004,0.012374877929687,0.000462532043457,0.007949829101562,0.006095886230468001,0.503587962962962,0.503703703703703,0.00011574074074
869171765035,8691717650,35,0,102983351937,0.9866666793823241,"""[0.00035285949707000003",0.007217407226562,0.008056640625,0.00836181640625,0.008560180664062,0.008819580078125,0.009109497070312,0.009521484375,0.010177612304687,0.011245727539062," 0.03192138671875]""",0.0467529296875,0.009078979492187,0.7768228650093071,0.002999659394845,0.012374877929687,0.000462532043457,0.006813049316406,0.006561279296875001,0.503703703703703,0.503819444444444,0.00011574074074
869171765035,8691717650,35,0,102983351937,0.9933333396911621,"""[0.006614685058593001",0.008193969726562,0.008468627929687,0.008651733398437,0.008773803710937,0.00885009765625,0.008941650390625,0.009033203125,0.01007080078125,0.015045166015625002," 0.01666259765625]""",0.03533935546875,0.009750366210937,1.644498348236084,0.008431041613221,0.01422119140625,0.000462532043457,0.012374877929687,0.010910034179687,0.505671296296296,0.5057870370370371,0.00011574074074
869171765035,8691717650,35,0,102983351937,0.9933333396911621,"""[0.00031280517578100004",0.00036430358886700004,0.000388145446777,0.000412940979003,0.000439643859863,0.00053596496582,0.000688552856445,0.000891685485839,0.008377075195312,0.008773803710937," 0.01678466796875]""",0.018890380859375,0.0028839111328120004,2.7532050609588623,0.021873831748962003,0.024627685546875003,0.000666618347167,0.022918701171875003,0.0211181640625,0.5001157407407401,0.500231481481481,0.00011574074074
869171765035,8691717650,35,0,102983351937,1.0,"""[0.000284194946289",0.000371932983398,0.000442504882812,0.0006313323974600001,0.002906799316406,0.006401062011718001,0.007057189941406,0.007530212402343001,0.0079345703125,0.008651733398437," 0.022918701171875003]""",0.022918701171875003,0.004951477050781,0.7148476243019101,0.0027454844675950003,0.015457153320312,0.000462532043457,0.01397705078125,0.012405395507812,0.508217592592592,0.5083333333333331,0.00011574074074
869171765035,8691717650,35,0,102983351937,0.990000009536743,"""[0.000319480895996",0.00036334991455000003,0.000388145446777,0.000409126281738,0.00042819976806600005,0.00046634674072200004,0.0006265640258780001,0.000800132751464,0.00567626953125,0.006858825683593001," 0.008560180664062]""",0.021026611328125,0.002094268798828,0.7224737405776971,0.002008512848988,0.01422119140625,0.000462532043457,0.012374877929687,0.010543823242187,0.5064814814814811,0.506597222222222,0.00011574074074
869171765035,8691717650,35,0,102983351937,0.9933333396911621,"""[0.00039482116699200004",0.008651733398437,0.008804321289062,0.008895874023437,0.00897216796875,0.009063720703125,0.0091552734375,0.015579223632812,0.016571044921875,0.017059326171875," 0.017974853515625]""",0.03460693359375,0.0113525390625,0.54042911529541,0.0007676428067490001,0.012374877929687,0.000462532043457,0.01043701171875,0.008651733398437,0.504629629629629,0.50474537037037,0.00011574074074
869171765035,8691717650,35,0,102983351937,0.990000009536743,"""[0.000296592712402",0.00034618377685500005,0.00036525726318300004,0.000381469726562,0.00039672851562500005,0.000412940979003,0.00042915344238200005,0.000452041625976,0.000497817993164,0.0006446838378900001," 0.0012893676757810002]""",0.002685546875,0.000452041625976,2.793669939041137,0.019371991977095,0.012374877929687,0.00046157836914,0.0034637451171870004,0.003456115722656,0.501388888888888,0.501504629629629,0.00011574074074
869171765035,8691717650,35,0,102983351937,0.996666669845581,"""[0.000411033630371",0.0006980895996090001,0.004470825195312,0.008010864257812,0.008392333984375,0.008651733398437,0.008819580078125,0.008941650390625,0.0091552734375,0.01239013671875," 0.032470703125]""",0.0367431640625,0.008163452148437,2.915844678878784,0.021628817543387,0.012374877929687,0.00046157836914,0.005653381347656,0.005218505859375,0.503356481481481,0.503472222222222,0.00011574074074
869171765035,8691717650,35,0,102983351937,1.0,"""[0.000297546386718",0.00034523010253900005,0.000381469726562,0.000473022460937,0.001796722412109,0.007308959960937,0.008346557617187,0.009750366210937,0.010772705078125,0.011825561523437," 0.01690673828125]""",0.02337646484375,0.005813598632812,0.624441444873809,0.001350776641629,0.012374877929687,0.000462532043457,0.011138916015625,0.010223388671875,0.5053240740740741,0.505439814814814,0.00011574074074
869171765035,8691717650,35,0,102983351937,0.9933333396911621,"""[0.00023460388183500002",0.000267028808593,0.000280380249023,0.00029468536376900005,0.000308990478515,0.000330924987792,0.000358581542968,0.0005226135253900001,0.001504898071289,0.008575439453125," 0.016937255859375]""",0.0184326171875,0.002151489257812,2.793669939041137,0.019371991977095,0.012374877929687,0.00046157836914,0.005455017089843001,0.0035209655761710003,0.50162037037037,0.501736111111111,0.00011574074074
869171765035,8691717650,35,0,102983351937,0.990000009536743,"""[0.000411033630371",0.0020103454589840003,0.007904052734375,0.008285522460937,0.00860595703125,0.008819580078125,0.009048461914062,0.009552001953125,0.009979248046875,0.010696411132812," 0.01275634765625]""",0.02777099609375,0.008148193359375,0.7768228650093071,0.002999659394845,0.012374877929687,0.000462532043457,0.007522583007812,0.007293701171875001,0.504166666666666,0.504282407407407,0.00011574074074
869171765035,8691717650,35,0,102983351937,0.9933333396911621,"""[0.00042533874511700004",0.0013256072998040001,0.007698059082031,0.0084228515625,0.008682250976562,0.008834838867187,0.008941650390625,0.009063720703125,0.009323120117187,0.011627197265625002," 0.029388427734375003]""",0.03009033203125,0.008331298828125,2.691138982772827,0.021233120933175,0.025360107421875003,0.000666618347167,0.022552490234375003,0.02215576171875,0.500694444444444,0.500810185185185,0.00011574074074
869171765035,8691717650,35,0,102983351937,1.0,"""[0.00031280517578100004",0.00043678283691400005,0.005668640136718001,0.008514404296875,0.00872802734375,0.008865356445312,0.008956909179687,0.009048461914062,0.009185791015625,0.016357421875," 0.0233154296875]""",0.043701171875,0.008590698242187,0.54042911529541,0.0007676428067490001,0.012374877929687,0.000462532043457,0.011199951171875002,0.008926391601562,0.504976851851851,0.5050925925925921,0.00011574074074
869171765035,8691717650,35,0,102983351937,0.970000028610229,"""[0.000307083129882",0.00038719177246000004,0.00045585632324200004,0.0006313323974600001,0.003360748291015,0.008209228515625,0.0086669921875,0.00885009765625,0.00897216796875,0.009124755859375," 0.0140380859375]""",0.14111328125,0.00579833984375,0.54042911529541,0.0007676428067490001,0.012374877929687,0.000462532043457,0.010330200195312,0.0096435546875,0.5050925925925921,0.505208333333333,0.00011574074074
869171765035,8691717650,35,0,102983351937,0.990000009536743,"""[0.00023269653320300002",0.000259399414062,0.00027084350585900003,0.00027847290039,0.00028610229492100005,0.00029373168945300005,0.00030136108398400003,0.00031280517578100004,0.000335693359375,0.00041484832763600003," 0.000835418701171]""",0.001008987426757,0.000319480895996,2.793669939041137,0.019371991977095,0.012374877929687,0.00046157836914,0.003437042236328,0.0034332275390620004,0.501736111111111,0.501851851851851,0.00011574074074
869171765035,8691717650,35,0,102983351937,0.990000009536743,"""[0.00033187866210900003",0.0005950927734370001,0.006393432617187,0.007797241210937,0.008163452148437,0.00836181640625,0.008575439453125,0.008697509765625,0.00885009765625,0.00897216796875," 0.009872436523437]""",0.03570556640625,0.006988525390625001,0.7768228650093071,0.002999659394845,0.012374877929687,0.000462532043457,0.006668090820312,0.006553649902343001,0.503819444444444,0.503935185185185,0.00011574074074
