UniqJobId,collection_id,instance_index,priority,machine_id,sample_rate,cpu_usage_distribution1,cpu_usage_distribution2,cpu_usage_distribution3,cpu_usage_distribution4,cpu_usage_distribution5,cpu_usage_distribution6,cpu_usage_distribution7,cpu_usage_distribution8,cpu_usage_distribution9,cpu_usage_distribution10,cpu_usage_distribution11,max_cpu,avg_cpu,cycles_per_instruction,memory_accesses_per_instruction,assigned_memory,page_cache_memory,max_memory,avg_memory,start_time,end_time,time_window
909964311872,90996431187,2,0,21205043,1.0,"""[0.000124931335449",0.000139236450195,0.00014591217041000002,0.000152587890625,0.000160217285156,0.00016689300537100002,0.00017356872558500002,0.000186920166015,0.00020313262939400002,0.00021934509277300002," 0.000641822814941]""",0.000640869140625,0.00018787384033200002,5.103569984436035,0.015409647487103,0.0,0.000154495239257,0.0006875991821280001,0.0006866455078120001,0.504050925925925,0.504166666666666,0.00011574074074
909964311872,90996431187,2,0,21205043,1.0,"""[0.000123023986816",0.00013828277587800002,0.00014686584472600002,0.000154495239257,0.00016307830810500002,0.000170707702636,0.0001802444458,0.00019359588623000002,0.000205993652343,0.00021934509277300002," 0.000788688659667]""",0.0007905960083000001,0.000195503234863,4.704329490661621,0.014234158210456002,0.0,0.000154495239257,0.000689506530761,0.000688552856445,0.504282407407407,0.504398148148148,0.00011574074074
909964311872,90996431187,2,0,21205043,1.0,"""[0.00013351440429600002",0.00014305114746000002,0.000152587890625,0.00016212463378900002,0.00017166137695300002,0.00018215179443300001,0.00019359588623000002,0.00020408630371000002,0.00021553039550700003,0.00028610229492100005," 0.0006752014160150001]""",0.000673294067382,0.000205039978027,2.561006069183349,0.006900954060256001,0.0,0.000154495239257,0.000689506530761,0.0006875991821280001,0.500578703703703,0.500694444444444,0.00011574074074
909964311872,90996431187,2,0,21205043,1.0,"""[0.00012111663818300001",0.000139236450195,0.00014781951904200002,0.00015640258789,0.000164985656738,0.00017261505126900002,0.00018405914306600003,0.000196456909179,0.00020885467529200002,0.000231742858886," 0.000591278076171]""",0.0005941390991210001,0.00019359588623000002,4.715290546417236,0.014275083318352002,0.0,0.000154495239257,0.000689506530761,0.0006875991821280001,0.504629629629629,0.50474537037037,0.00011574074074
909964311872,90996431187,2,0,21205043,1.0,"""[0.000135421752929",0.000144958496093,0.000155448913574,0.000164985656738,0.000175476074218,0.00018501281738200003,0.00019454956054600002,0.00020313262939400002,0.00021266937255800001,0.00023937225341700002," 0.000638961791992]""",0.0006942749023430001,0.00019836425781200002,4.435166358947753,0.012995714321732,0.0,0.000154495239257,0.0006904602050780001,0.000688552856445,0.506597222222222,0.5067129629629631,0.00011574074074
909964311872,90996431187,2,0,21205043,1.0,"""[0.000127792358398",0.00014209747314400002,0.000152587890625,0.00016403198242100002,0.000174522399902,0.00018405914306600003,0.00019359588623000002,0.00020217895507800002,0.00021171569824200001,0.00022983551025300002," 0.0006570816040030001]""",0.0006570816040030001,0.00019264221191400002,5.086852073669433,0.015662377700209,0.0,0.000154495239257,0.0006904602050780001,0.0006875991821280001,0.50474537037037,0.5048611111111111,0.00011574074074
909964311872,90996431187,2,0,21205043,1.0,"""[0.000123977661132",0.000140190124511,0.00015068054199200001,0.000160217285156,0.00016975402832,0.0001802444458,0.000190734863281,0.00020217895507800002,0.00021266937255800001,0.00025272369384700004," 0.0006065368652340001]""",0.000605583190917,0.000196456909179,2.8943958282470703,0.009929018095135,0.0,0.000154495239257,0.0006933212280270001,0.0006914138793940001,0.508680555555555,0.5087962962962961,0.00011574074074
909964311872,90996431187,2,0,21205043,1.0,"""[0.00013160705566400002",0.000140190124511,0.000149726867675,0.00015830993652300002,0.00016689300537100002,0.000175476074218,0.000186920166015,0.00019741058349600002,0.00020790100097600002,0.00021839141845700002," 0.000589370727539]""",0.0005998611450190001,0.00019359588623000002,4.882012367248535,0.016077827662229,0.0,0.000154495239257,0.000688552856445,0.0006875991821280001,0.5031249999999999,0.50324074074074,0.00011574074074
909964311872,90996431187,2,0,21205043,1.0,"""[0.000123023986816",0.00014114379882800002,0.000149726867675,0.00015830993652300002,0.00016784667968700002,0.00017642974853500002,0.00018882751464800002,0.000200271606445,0.00021266937255800001,0.00025272369384700004," 0.0008325576782220001]""",0.0008316040039060001,0.000196456909179,4.5635762214660645,0.015737082809209,0.0,0.000154495239257,0.0006933212280270001,0.0006914138793940001,0.5053240740740741,0.505439814814814,0.00011574074074
909964311872,90996431187,2,0,21205043,1.0,"""[0.000124931335449",0.00014209747314400002,0.000152587890625,0.00016307830810500002,0.00017356872558500002,0.00018405914306600003,0.00019359588623000002,0.00020313262939400002,0.00021266937255800001,0.000244140625," 0.0006189346313470001]""",0.000619888305664,0.000200271606445,4.964144229888916,0.016525207087397003,0.0,0.000154495239257,0.000688552856445,0.0006866455078120001,0.501851851851851,0.501967592592592,0.00011574074074
909964311872,90996431187,2,0,21205043,1.0,"""[0.000128746032714",0.00014209747314400002,0.000152587890625,0.00016212463378900002,0.00017261505126900002,0.00018310546875,0.00019359588623000002,0.000205039978027,0.00021553039550700003,0.00025272369384700004," 0.0006132125854490001]""",0.0006141662597650001,0.000196456909179,5.222912788391113,0.016508772969245,0.0,0.000154495239257,0.0006904602050780001,0.000689506530761,0.5060185185185181,0.506134259259259,0.00011574074074
909964311872,90996431187,2,0,21205043,1.0,"""[0.000128746032714",0.00014209747314400002,0.00015163421630800001,0.00016212463378900002,0.00017166137695300002,0.00018215179443300001,0.00019264221191400002,0.00020217895507800002,0.00021266937255800001,0.000248908996582," 0.00068187713623]""",0.0007829666137690001,0.00019741058349600002,4.247857093811035,0.014835655689239,0.0,0.000154495239257,0.0006933212280270001,0.0006923675537100001,0.5083333333333331,0.508449074074074,0.00011574074074
909964311872,90996431187,2,0,21205043,1.0,"""[0.000127792358398",0.00014114379882800002,0.00015068054199200001,0.000160217285156,0.00016880035400300002,0.000179290771484,0.000190734863281,0.00020217895507800002,0.00021362304687500003,0.000257492065429," 0.0006179809570310001]""",0.000621795654296,0.00019836425781200002,5.074916362762451,0.015215594321489001,0.0,0.000154495239257,0.0006923675537100001,0.000688552856445,0.502546296296296,0.502662037037037,0.00011574074074
909964311872,90996431187,2,0,21205043,1.0,"""[0.00013256072998000002",0.000140190124511,0.00014781951904200002,0.000155448913574,0.00016307830810500002,0.000170707702636,0.0001802444458,0.00019264221191400002,0.000205039978027,0.00021839141845700002," 0.000580787658691]""",0.0005760192871090001,0.00018978118896400002,4.918155670166015,0.016369191929697,0.0,0.000154495239257,0.000688552856445,0.0006875991821280001,0.503009259259259,0.5031249999999999,0.00011574074074
909964311872,90996431187,2,0,21205043,1.0,"""[0.00013160705566400002",0.00014209747314400002,0.00015163421630800001,0.00016212463378900002,0.00017166137695300002,0.00018215179443300001,0.00019264221191400002,0.00020217895507800002,0.00021266937255800001,0.00024223327636700001," 0.000642776489257]""",0.000640869140625,0.00019836425781200002,4.845436096191406,0.015782967209815,0.0,0.000154495239257,0.0006875991821280001,0.0006875991821280001,0.50324074074074,0.503356481481481,0.00011574074074
909964311872,90996431187,2,0,21205043,0.990000009536743,"""[0.00011730194091700002",0.00013637542724600002,0.00014305114746000002,0.000149726867675,0.00015640258789,0.00016307830810500002,0.00016975402832,0.00017738342285100002,0.000200271606445,0.00024318695068300001," 0.000550270080566]""",0.001468658447265,0.00018882751464800002,3.897163152694702,0.012407604604959,0.0,0.000154495239257,0.0006914138793940001,0.000688552856445,0.503703703703703,0.503819444444444,0.00011574074074
909964311872,90996431187,2,0,21205043,1.0,"""[0.00012111663818300001",0.00014114379882800002,0.00015068054199200001,0.00015926361083900002,0.00016880035400300002,0.00017833709716700002,0.00018882751464800002,0.000200271606445,0.00021076202392500003,0.00023746490478500002," 0.000750541687011]""",0.0007514953613280001,0.000195503234863,4.9865498542785645,0.01659626699984,0.0,0.000154495239257,0.000688552856445,0.0006866455078120001,0.502083333333333,0.502199074074074,0.00011574074074
909964311872,90996431187,2,0,21205043,1.0,"""[0.000127792358398",0.00014209747314400002,0.000152587890625,0.00016307830810500002,0.00017356872558500002,0.00018405914306600003,0.00019359588623000002,0.00020408630371000002,0.00021362304687500003,0.00024223327636700001," 0.0007839202880850001]""",0.000781059265136,0.000200271606445,4.572573184967041,0.013785894028842002,0.0,0.000154495239257,0.0006904602050780001,0.000688552856445,0.506134259259259,0.5062500000000001,0.00011574074074
909964311872,90996431187,2,0,21205043,1.0,"""[0.000126838684082",0.000140190124511,0.000148773193359,0.00015735626220700002,0.000165939331054,0.000174522399902,0.000186920166015,0.000200271606445,0.00021266937255800001,0.00027847290039," 0.00053596496582]""",0.00053596496582,0.000200271606445,2.561006069183349,0.006900954060256001,0.0,0.000154495239257,0.0006914138793940001,0.000688552856445,0.500347222222222,0.500462962962963,0.00011574074074
909964311872,90996431187,2,0,21205043,1.0,"""[0.000130653381347",0.000144958496093,0.00015926361083900002,0.00017261505126900002,0.00018215179443300001,0.000190734863281,0.00019931793212800002,0.00020694732666000002,0.00021553039550700003,0.00026130676269500003," 0.000578880310058]""",0.0005760192871090001,0.00020408630371000002,4.247857093811035,0.014835655689239,0.0,0.000154495239257,0.00069522857666,0.0006923675537100001,0.508217592592592,0.5083333333333331,0.00011574074074
909964311872,90996431187,2,0,21205043,1.0,"""[0.00012111663818300001",0.000139236450195,0.00014781951904200002,0.00015640258789,0.000164985656738,0.00017356872558500002,0.00018501281738200003,0.00019931793212800002,0.00021266937255800001,0.00035285949707000003," 0.0009298324584960001]""",0.0009298324584960001,0.00020790100097600002,4.139734745025634,0.013437748886644,0.0,0.000154495239257,0.0006914138793940001,0.000689506530761,0.501041666666666,0.501157407407407,0.00011574074074
909964311872,90996431187,2,0,21205043,1.0,"""[0.000128746032714",0.00013828277587800002,0.00014591217041000002,0.000153541564941,0.000160217285156,0.00016784667968700002,0.000175476074218,0.000190734863281,0.000205993652343,0.00023651123046800003," 0.00047016143798800006]""",0.0007553100585930001,0.00018882751464800002,4.9866814613342285,0.0177564304322,0.0,0.000154495239257,0.0006904602050780001,0.000688552856445,0.5071759259259261,0.507291666666666,0.00011574074074
909964311872,90996431187,2,0,21205043,1.0,"""[0.000123023986816",0.000140190124511,0.000148773193359,0.00015735626220700002,0.000165939331054,0.000174522399902,0.000186920166015,0.00019931793212800002,0.00021171569824200001,0.000250816345214," 0.000818252563476]""",0.0008201599121090001,0.00019931793212800002,4.845436096191406,0.015782967209815,0.0,0.000154495239257,0.000689506530761,0.0006875991821280001,0.503356481481481,0.503472222222222,0.00011574074074
909964311872,90996431187,2,0,21205043,1.0,"""[0.000127792358398",0.000140190124511,0.000148773193359,0.00015735626220700002,0.000165939331054,0.000174522399902,0.000185966491699,0.00019741058349600002,0.00020885467529200002,0.000226974487304," 0.0008201599121090001]""",0.000822067260742,0.00019264221191400002,4.346290111541748,0.014006265439093002,0.0,0.000154495239257,0.0006875991821280001,0.0006866455078120001,0.503472222222222,0.503587962962962,0.00011574074074
909964311872,90996431187,2,0,21205043,1.0,"""[0.000130653381347",0.000140190124511,0.000148773193359,0.00015735626220700002,0.000165939331054,0.000174522399902,0.000186920166015,0.00019931793212800002,0.00021171569824200001,0.000260353088378," 0.000569343566894]""",0.000569343566894,0.000196456909179,4.62252140045166,0.015441778115928001,0.0,0.000154495239257,0.0006904602050780001,0.000688552856445,0.501736111111111,0.501851851851851,0.00011574074074
909964311872,90996431187,2,0,21205043,1.0,"""[0.00013256072998000002",0.000144004821777,0.00015640258789,0.00016784667968700002,0.00017833709716700002,0.00018787384033200002,0.000196456909179,0.000205039978027,0.00021457672119100003,0.00024032592773400003," 0.000799179077148]""",0.0007963180541990001,0.00020313262939400002,5.016156673431396,0.015152276493608001,0.0,0.000154495239257,0.0006904602050780001,0.000688552856445,0.504166666666666,0.504282407407407,0.00011574074074
909964311872,90996431187,2,0,21205043,1.0,"""[0.000126838684082",0.00014114379882800002,0.000149726867675,0.00015926361083900002,0.00016880035400300002,0.00017833709716700002,0.00018978118896400002,0.000200271606445,0.00021171569824200001,0.000246047973632," 0.00103759765625]""",0.001039505004882,0.00019931793212800002,3.005129098892211,0.010330454446375,0.0,0.000154495239257,0.0006923675537100001,0.0006914138793940001,0.508449074074074,0.5085648148148141,0.00011574074074
909964311872,90996431187,2,0,21205043,1.0,"""[0.000126838684082",0.00014114379882800002,0.000149726867675,0.00015926361083900002,0.00016784667968700002,0.00017738342285100002,0.00018882751464800002,0.00019931793212800002,0.00021076202392500003,0.00023365020751900002," 0.0005884170532220001]""",0.0005884170532220001,0.00019741058349600002,4.9686384201049805,0.015997687354683002,0.0,0.000154495239257,0.000689506530761,0.000688552856445,0.502662037037037,0.502777777777777,0.00011574074074
909964311872,90996431187,2,0,21205043,1.0,"""[0.000135421752929",0.000144004821777,0.00015163421630800001,0.000160217285156,0.00016880035400300002,0.00017642974853500002,0.00018787384033200002,0.00019931793212800002,0.00021076202392500003,0.000247001647949," 0.0006303787231440001]""",0.0006313323974600001,0.00019741058349600002,4.334903240203857,0.013492498546838,0.0,0.000154495239257,0.0006914138793940001,0.0006904602050780001,0.5087962962962961,0.508912037037037,0.00011574074074
909964311872,90996431187,2,0,21205043,1.0,"""[0.000128746032714",0.000140190124511,0.000149726867675,0.00015926361083900002,0.00016784667968700002,0.00017738342285100002,0.00018978118896400002,0.000201225280761,0.00021266937255800001,0.000247955322265," 0.000669479370117]""",0.000670433044433,0.000195503234863,4.603140354156494,0.015731433406472,0.0,0.000154495239257,0.0006914138793940001,0.000688552856445,0.5050925925925921,0.505208333333333,0.00011574074074
909964311872,90996431187,2,0,21205043,1.0,"""[0.0001220703125",0.00013828277587800002,0.000144958496093,0.000152587890625,0.00015926361083900002,0.00016689300537100002,0.00017356872558500002,0.00018787384033200002,0.000205039978027,0.000231742858886," 0.000538825988769]""",0.0005407333374020001,0.00018882751464800002,5.125969886779785,0.015449413098394002,0.0,0.000154495239257,0.0006914138793940001,0.000689506530761,0.5090277777777771,0.509143518518518,0.00011574074074
909964311872,90996431187,2,0,21205043,1.0,"""[0.000124931335449",0.000139236450195,0.00014781951904200002,0.00015640258789,0.000164985656738,0.00017356872558500002,0.00018501281738200003,0.00019836425781200002,0.00021171569824200001,0.00025463104248," 0.000830650329589]""",0.0008316040039060001,0.00019741058349600002,4.995217323303222,0.015923773869872,0.0,0.000154495239257,0.0006990432739250001,0.0006914138793940001,0.509143518518518,0.5092592592592591,0.00011574074074
909964311872,90996431187,2,0,21205043,1.0,"""[0.000130653381347",0.000139236450195,0.00014686584472600002,0.000154495239257,0.00016212463378900002,0.00016975402832,0.000179290771484,0.00019454956054600002,0.00020980834960900003,0.000250816345214," 0.000543594360351]""",0.000542640686035,0.000191688537597,4.9866814613342285,0.0177564304322,0.0,0.000154495239257,0.000699996948242,0.0006923675537100001,0.5074074074074071,0.507523148148148,0.00011574074074
909964311872,90996431187,2,0,21205043,1.0,"""[0.000125885009765",0.000139236450195,0.00014686584472600002,0.000154495239257,0.00016212463378900002,0.00016975402832,0.00017833709716700002,0.00019264221191400002,0.00020694732666000002,0.00023460388183500002," 0.0005989074707030001]""",0.0005998611450190001,0.000191688537597,5.019028186798095,0.015948696061968002,0.0,0.000154495239257,0.0006914138793940001,0.0006904602050780001,0.5057870370370371,0.505902777777777,0.00011574074074
909964311872,90996431187,2,0,21205043,1.0,"""[0.00013351440429600002",0.00014591217041000002,0.00015830993652300002,0.00017166137695300002,0.00018119812011700001,0.00018978118896400002,0.00019836425781200002,0.000205993652343,0.00021457672119100003,0.00024318695068300001," 0.0006132125854490001]""",0.0006141662597650001,0.000201225280761,4.9865498542785645,0.01659626699984,0.0,0.000154495239257,0.0006866455078120001,0.0006866455078120001,0.501967592592592,0.502083333333333,0.00011574074074
909964311872,90996431187,2,0,21205043,1.0,"""[0.000123977661132",0.000139236450195,0.00014781951904200002,0.00015640258789,0.000164985656738,0.00017356872558500002,0.00018978118896400002,0.00020885467529200002,0.00035285949707000003,0.00045394897460900003," 0.001220703125]""",0.0012130737304680002,0.000231742858886,3.35880970954895,0.009949971921741001,0.0,0.000154495239257,0.0006923675537100001,0.0006904602050780001,0.500231481481481,0.500347222222222,0.00011574074074
909964311872,90996431187,2,0,21205043,1.0,"""[0.000135421752929",0.000144004821777,0.000153541564941,0.00016307830810500002,0.00017261505126900002,0.00018215179443300001,0.00019264221191400002,0.00020217895507800002,0.00021266937255800001,0.00024032592773400003," 0.000590324401855]""",0.000590324401855,0.000195503234863,4.704329490661621,0.014234158210456002,0.0,0.000154495239257,0.000688552856445,0.0006875991821280001,0.504398148148148,0.504513888888888,0.00011574074074
909964311872,90996431187,2,0,21205043,1.0,"""[0.000115394592285",0.00013637542724600002,0.000144004821777,0.00015068054199200001,0.00015830993652300002,0.000165939331054,0.00017261505126900002,0.00018787384033200002,0.00020790100097600002,0.00026416778564400005," 0.0008316040039060001]""",0.000830650329589,0.000191688537597,4.477553844451904,0.014901083894073,0.0,0.000154495239257,0.0006904602050780001,0.000688552856445,0.500810185185185,0.500925925925925,0.00011574074074
909964311872,90996431187,2,0,21205043,1.0,"""[0.000126838684082",0.000139236450195,0.00014686584472600002,0.000153541564941,0.000161170959472,0.00016880035400300002,0.00017642974853500002,0.000191688537597,0.00020694732666000002,0.000245094299316," 0.0005998611450190001]""",0.0005998611450190001,0.000191688537597,4.918155670166015,0.016369191929697,0.0,0.000154495239257,0.0006904602050780001,0.0006875991821280001,0.502893518518518,0.503009259259259,0.00011574074074
909964311872,90996431187,2,0,21205043,1.0,"""[0.000126838684082",0.00014114379882800002,0.00015068054199200001,0.000160217285156,0.000170707702636,0.0001802444458,0.000190734863281,0.000201225280761,0.00021266937255800001,0.000247001647949," 0.000615119934082]""",0.0006141662597650001,0.000196456909179,4.708667278289794,0.013820272870361002,0.0,0.000154495239257,0.0006914138793940001,0.000689506530761,0.5069444444444441,0.507060185185185,0.00011574074074
909964311872,90996431187,2,0,21205043,1.0,"""[0.000129699707031",0.000140190124511,0.000149726867675,0.00015926361083900002,0.00016784667968700002,0.00017833709716700002,0.00018978118896400002,0.000201225280761,0.00021266937255800001,0.000247955322265," 0.000560760498046]""",0.000562667846679,0.000195503234863,4.5635762214660645,0.015737082809209,0.0,0.000154495239257,0.0006923675537100001,0.0006914138793940001,0.505208333333333,0.5053240740740741,0.00011574074074
909964311872,90996431187,2,0,21205043,1.0,"""[0.000128746032714",0.00014305114746000002,0.000155448913574,0.00016689300537100002,0.00017833709716700002,0.00018787384033200002,0.00019741058349600002,0.000205993652343,0.00021553039550700003,0.00025177001953100004," 0.000579833984375]""",0.000804901123046,0.000200271606445,4.57997179031372,0.014917486347258,0.0,0.000154495239257,0.0006923675537100001,0.0006914138793940001,0.505439814814814,0.5055555555555551,0.00011574074074
909964311872,90996431187,2,0,21205043,1.0,"""[0.00013351440429600002",0.000144004821777,0.000154495239257,0.000164985656738,0.000175476074218,0.000186920166015,0.00019931793212800002,0.00021171569824200001,0.00023651123046800003,0.000442504882812," 0.0008020401000970001]""",0.0008010864257810001,0.00022315979003900002,4.62252140045166,0.015441778115928001,0.0,0.000154495239257,0.0006942749023430001,0.0006914138793940001,0.50162037037037,0.501736111111111,0.00011574074074
909964311872,90996431187,2,0,21205043,1.0,"""[0.000130653381347",0.000139236450195,0.00014781951904200002,0.00015640258789,0.00016403198242100002,0.00017261505126900002,0.00018310546875,0.000195503234863,0.00020790100097600002,0.00022029876708900002," 0.0008821487426750001]""",0.000883102416992,0.00018978118896400002,3.897163152694702,0.012407604604959,0.0,0.000154495239257,0.000688552856445,0.0006866455078120001,0.503587962962962,0.503703703703703,0.00011574074074
909964311872,90996431187,2,0,21205043,1.0,"""[0.000128746032714",0.000140190124511,0.000149726867675,0.00015830993652300002,0.00016784667968700002,0.00017642974853500002,0.00018882751464800002,0.000200271606445,0.00021171569824200001,0.000245094299316," 0.0005102157592770001]""",0.000647544860839,0.00019264221191400002,4.780241966247558,0.015172289684414001,0.0,0.000154495239257,0.0006923675537100001,0.0006914138793940001,0.5076388888888881,0.507754629629629,0.00011574074074
909964311872,90996431187,2,0,21205043,1.0,"""[0.00013160705566400002",0.00014305114746000002,0.000153541564941,0.000164985656738,0.00017642974853500002,0.00018787384033200002,0.00019931793212800002,0.00021171569824200001,0.000260353088378,0.00045108795166," 0.00081729888916]""",0.0008163452148430001,0.00023460388183500002,2.561006069183349,0.006900954060256001,0.0,0.000154495239257,0.0006923675537100001,0.000689506530761,0.500462962962963,0.500578703703703,0.00011574074074
909964311872,90996431187,2,0,21205043,1.0,"""[0.000126838684082",0.000140190124511,0.000148773193359,0.00015640258789,0.000164985656738,0.00017356872558500002,0.00018501281738200003,0.00019741058349600002,0.00020980834960900003,0.00023651123046800003," 0.000605583190917]""",0.0006074905395500001,0.000191688537597,5.074916362762451,0.015215594321489001,0.0,0.000154495239257,0.0006875991821280001,0.0006866455078120001,0.502430555555555,0.502546296296296,0.00011574074074
909964311872,90996431187,2,0,21205043,1.0,"""[0.000115394592285",0.00014114379882800002,0.000152587890625,0.00016307830810500002,0.000174522399902,0.000186920166015,0.000200271606445,0.00021362304687500003,0.00026416778564400005,0.00046920776367100005," 0.000978469848632]""",0.000978469848632,0.00023841857910100002,2.861177206039428,0.008153938688337001,0.0,0.000154495239257,0.0006914138793940001,0.0006904602050780001,0.500694444444444,0.500810185185185,0.00011574074074
909964311872,90996431187,2,0,21205043,1.0,"""[0.00011730194091700002",0.00013732910156200002,0.000144004821777,0.00015068054199200001,0.00015830993652300002,0.000164985656738,0.00017166137695300002,0.00018310546875,0.000201225280761,0.00021934509277300002," 0.0008401870727530001]""",0.0008382797241210001,0.000185966491699,4.918155670166015,0.016369191929697,0.0,0.000154495239257,0.000688552856445,0.0006875991821280001,0.502777777777777,0.502893518518518,0.00011574074074
909964311872,90996431187,2,0,21205043,1.0,"""[0.00013256072998000002",0.00014305114746000002,0.000153541564941,0.00016403198242100002,0.00017356872558500002,0.000186920166015,0.00019931793212800002,0.00021266937255800001,0.000260353088378,0.00046157836914," 0.0008144378662100001]""",0.0008144378662100001,0.00023555755615200003,3.005112648010253,0.008520562201738,0.0,0.000154495239257,0.0006923675537100001,0.0006914138793940001,0.501388888888888,0.501504629629629,0.00011574074074
909964311872,90996431187,2,0,21205043,1.0,"""[0.00012016296386700001",0.000139236450195,0.00014781951904200002,0.000155448913574,0.00016403198242100002,0.00017261505126900002,0.00018310546875,0.000195503234863,0.00020885467529200002,0.00022983551025300002," 0.000603675842285]""",0.000605583190917,0.000191688537597,4.9866814613342285,0.0177564304322,0.0,0.000154495239257,0.0006904602050780001,0.000688552856445,0.507291666666666,0.5074074074074071,0.00011574074074
909964311872,90996431187,2,0,21205043,1.0,"""[0.000127792358398",0.000140190124511,0.000149726867675,0.00015926361083900002,0.00016784667968700002,0.00017738342285100002,0.00018882751464800002,0.000200271606445,0.00021171569824200001,0.000248908996582," 0.0008878707885740001]""",0.0008850097656250001,0.00019741058349600002,4.780241966247558,0.015172289684414001,0.0,0.000154495239257,0.0006923675537100001,0.0006914138793940001,0.507754629629629,0.5078703703703701,0.00011574074074
909964311872,90996431187,2,0,21205043,1.0,"""[0.000129699707031",0.000140190124511,0.000148773193359,0.00015640258789,0.000164985656738,0.00017356872558500002,0.00018405914306600003,0.000196456909179,0.00020885467529200002,0.000231742858886," 0.0006246566772460001]""",0.0006179809570310001,0.000191688537597,5.125969886779785,0.015449413098394002,0.0,0.000154495239257,0.0006904602050780001,0.000689506530761,0.508912037037037,0.5090277777777771,0.00011574074074
909964311872,90996431187,2,0,21205043,1.0,"""[0.000127792358398",0.000139236450195,0.00014781951904200002,0.00015640258789,0.000164985656738,0.00017356872558500002,0.00018501281738200003,0.00019741058349600002,0.00020980834960900003,0.00023937225341700002," 0.0007534027099600001]""",0.0008363723754880001,0.000195503234863,4.919811725616455,0.016197340562939002,0.0,0.000154495239257,0.0006923675537100001,0.0006904602050780001,0.509375,0.5094907407407401,0.00011574074074
909964311872,90996431187,2,0,21205043,1.0,"""[0.000123023986816",0.000139236450195,0.00014686584472600002,0.000154495239257,0.00016212463378900002,0.00016975402832,0.00017738342285100002,0.00019264221191400002,0.00020694732666000002,0.00023269653320300002," 0.000666618347167]""",0.000666618347167,0.000190734863281,4.95305061340332,0.017335446551442,0.0,0.000154495239257,0.0006933212280270001,0.0006914138793940001,0.507523148148148,0.5076388888888881,0.00011574074074
909964311872,90996431187,2,0,21205043,1.0,"""[0.00013256072998000002",0.00014114379882800002,0.000149726867675,0.00015830993652300002,0.00016689300537100002,0.000175476074218,0.000186920166015,0.00019931793212800002,0.00021076202392500003,0.00023555755615200003," 0.0006027221679680001]""",0.000603675842285,0.00019359588623000002,5.103569984436035,0.015409647487103,0.0,0.000154495239257,0.000689506530761,0.0006875991821280001,0.503935185185185,0.504050925925925,0.00011574074074
909964311872,90996431187,2,0,21205043,1.0,"""[0.00013160705566400002",0.000140190124511,0.000149726867675,0.00015830993652300002,0.00016689300537100002,0.000175476074218,0.000186920166015,0.00019931793212800002,0.00021076202392500003,0.00024223327636700001," 0.0007953643798820001]""",0.0007944107055660001,0.00019836425781200002,4.764338970184326,0.015162233263254,0.0,0.000154495239257,0.0006933212280270001,0.0006914138793940001,0.5078703703703701,0.507986111111111,0.00011574074074
909964311872,90996431187,2,0,21205043,1.0,"""[0.000127792358398",0.00014114379882800002,0.000149726867675,0.00015830993652300002,0.00016784667968700002,0.00017642974853500002,0.00018787384033200002,0.00019836425781200002,0.00020980834960900003,0.00022888183593700002," 0.0005960464477530001]""",0.0005941390991210001,0.000191688537597,4.247857093811035,0.014835655689239,0.0,0.000154495239257,0.0006933212280270001,0.0006923675537100001,0.507986111111111,0.5081018518518511,0.00011574074074
909964311872,90996431187,2,0,21205043,1.0,"""[0.00011825561523400002",0.00013732910156200002,0.000144958496093,0.000152587890625,0.000160217285156,0.00016689300537100002,0.000174522399902,0.00018978118896400002,0.000205039978027,0.00023269653320300002," 0.0008544921875]""",0.0008554458618160001,0.00018882751464800002,4.9865498542785645,0.01659626699984,0.0,0.000154495239257,0.0006875991821280001,0.0006866455078120001,0.502199074074074,0.502314814814814,0.00011574074074
909964311872,90996431187,2,0,21205043,1.0,"""[0.00013351440429600002",0.00014114379882800002,0.000149726867675,0.00015735626220700002,0.000165939331054,0.00017356872558500002,0.00018501281738200003,0.000196456909179,0.00020885467529200002,0.000221252441406," 0.00054931640625]""",0.0006313323974600001,0.000190734863281,4.919811725616455,0.016197340562939002,0.0,0.000154495239257,0.0006923675537100001,0.0006904602050780001,0.5092592592592591,0.509375,0.00011574074074
909964311872,90996431187,2,0,21205043,1.0,"""[0.000135421752929",0.000144004821777,0.000153541564941,0.00016307830810500002,0.00017166137695300002,0.00018215179443300001,0.00019264221191400002,0.00020217895507800002,0.00021266937255800001,0.000244140625," 0.000597953796386]""",0.000597953796386,0.00019741058349600002,5.056742191314697,0.015499553643167002,0.0,0.000154495239257,0.0006875991821280001,0.0006866455078120001,0.502314814814814,0.502430555555555,0.00011574074074
909964311872,90996431187,2,0,21205043,1.0,"""[0.000139236450195",0.000149726867675,0.000161170959472,0.00017261505126900002,0.00018215179443300001,0.000190734863281,0.00019931793212800002,0.00020790100097600002,0.00021743774414,0.000258445739746," 0.0008058547973630001]""",0.000804901123046,0.00020313262939400002,4.25182819366455,0.012442981824278,0.0,0.000154495239257,0.0006914138793940001,0.000689506530761,0.50636574074074,0.5064814814814811,0.00011574074074
909964311872,90996431187,2,0,21205043,1.0,"""[0.00013351440429600002",0.00014305114746000002,0.000152587890625,0.00016307830810500002,0.00017261505126900002,0.00018310546875,0.00019264221191400002,0.00020313262939400002,0.00021362304687500003,0.000247955322265," 0.0007963180541990001]""",0.0007963180541990001,0.000201225280761,4.708667278289794,0.013820272870361002,0.0,0.000154495239257,0.0006923675537100001,0.0006904602050780001,0.5067129629629631,0.506828703703703,0.00011574074074
909964311872,90996431187,2,0,21205043,1.0,"""[0.00013160705566400002",0.000144004821777,0.00015640258789,0.00016880035400300002,0.00018119812011700001,0.000191688537597,0.00020313262939400002,0.00021362304687500003,0.000310897827148,0.000473976135253," 0.0006141662597650001]""",0.0008392333984370001,0.00023841857910100002,4.477553844451904,0.014901083894073,0.0,0.000154495239257,0.0006923675537100001,0.0006904602050780001,0.500925925925925,0.501041666666666,0.00011574074074
909964311872,90996431187,2,0,21205043,1.0,"""[0.00013732910156200002",0.00014591217041000002,0.000153541564941,0.00016212463378900002,0.000170707702636,0.000179290771484,0.00018978118896400002,0.00019931793212800002,0.00020885467529200002,0.00021934509277300002," 0.000577926635742]""",0.000577926635742,0.000190734863281,5.086852073669433,0.015662377700209,0.0,0.000154495239257,0.000689506530761,0.0006875991821280001,0.5048611111111111,0.504976851851851,0.00011574074074
909964311872,90996431187,2,0,21205043,1.0,"""[0.000123023986816",0.00014114379882800002,0.000149726867675,0.00015926361083900002,0.00016784667968700002,0.00017738342285100002,0.00018882751464800002,0.000200271606445,0.00021171569824200001,0.000259399414062," 0.000605583190917]""",0.0006074905395500001,0.00019454956054600002,4.708667278289794,0.013820272870361002,0.0,0.000154495239257,0.0006904602050780001,0.000689506530761,0.506828703703703,0.5069444444444441,0.00011574074074
909964311872,90996431187,2,0,21205043,1.0,"""[0.00013160705566400002",0.000140190124511,0.000149726867675,0.00015830993652300002,0.00016689300537100002,0.00017642974853500002,0.00018787384033200002,0.000200271606445,0.00021266937255800001,0.00025272369384700004," 0.000621795654296]""",0.000623703002929,0.000196456909179,4.77560567855835,0.01476799044758,0.0,0.000154495239257,0.0006904602050780001,0.000689506530761,0.507060185185185,0.5071759259259261,0.00011574074074
909964311872,90996431187,2,0,21205043,1.0,"""[0.000129699707031",0.000144958496093,0.00015830993652300002,0.00017166137695300002,0.00018215179443300001,0.000190734863281,0.000200271606445,0.00020885467529200002,0.00021839141845700002,0.000351905822753," 0.000569343566894]""",0.000569343566894,0.00020885467529200002,2.9606094360351562,0.008330123499035,0.0,0.000154495239257,0.0006914138793940001,0.000689506530761,0.501273148148148,0.501388888888888,0.00011574074074
909964311872,90996431187,2,0,21205043,1.0,"""[0.000130653381347",0.00014114379882800002,0.00015068054199200001,0.000160217285156,0.00016975402832,0.0001802444458,0.000191688537597,0.00020313262939400002,0.00021457672119100003,0.00026130676269500003," 0.001077651977539]""",0.001077651977539,0.000205039978027,4.62252140045166,0.015441778115928001,0.0,0.000154495239257,0.0006914138793940001,0.000688552856445,0.501504629629629,0.50162037037037,0.00011574074074
909964311872,90996431187,2,0,21205043,1.0,"""[0.000123977661132",0.000135421752929,0.00014305114746000002,0.00015068054199200001,0.00015830993652300002,0.000165939331054,0.00017261505126900002,0.000185966491699,0.00020408630371000002,0.000231742858886," 0.00054931640625]""",0.000548362731933,0.00018501281738200003,4.583287715911865,0.014751709066331001,0.0,0.000154495239257,0.0006914138793940001,0.0006904602050780001,0.5055555555555551,0.505671296296296,0.00011574074074
909964311872,90996431187,2,0,21205043,1.0,"""[0.00012111663818300001",0.000140190124511,0.000149726867675,0.00015830993652300002,0.00016689300537100002,0.00017642974853500002,0.00018787384033200002,0.00019931793212800002,0.00021076202392500003,0.000248908996582," 0.000604629516601]""",0.000621795654296,0.00019836425781200002,4.175980567932128,0.013101418502628002,0.0,0.000154495239257,0.0006904602050780001,0.000688552856445,0.503819444444444,0.503935185185185,0.00011574074074
