UniqJobId,collection_id,instance_index,priority,machine_id,sample_rate,cpu_usage_distribution1,cpu_usage_distribution2,cpu_usage_distribution3,cpu_usage_distribution4,cpu_usage_distribution5,cpu_usage_distribution6,cpu_usage_distribution7,cpu_usage_distribution8,cpu_usage_distribution9,cpu_usage_distribution10,cpu_usage_distribution11,max_cpu,avg_cpu,cycles_per_instruction,memory_accesses_per_instruction,assigned_memory,page_cache_memory,max_memory,avg_memory,start_time,end_time,time_window
930627620839,9306276208,39,0,102983741786,1.0,"""[0.000123023986816",0.00013732910156200002,0.00014209747314400002,0.00014781951904200002,0.000152587890625,0.00015830993652300002,0.00016307830810500002,0.00016880035400300002,0.000174522399902,0.00021266937255800001," 0.00057315826416]""",0.000575065612792,0.00016403198242100002,3.234294414520263,0.029475959017872002,0.00390625,0.000360488891601,0.001333236694335,0.001333236694335,0.500347222222222,0.500462962962963,0.00011574074074
930627620839,9306276208,39,0,102983741786,0.9933333396911621,"""[0.00013160705566400002",0.00013828277587800002,0.000144004821777,0.000149726867675,0.00015640258789,0.00016212463378900002,0.00016880035400300002,0.000174522399902,0.000195503234863,0.000221252441406," 0.000381469726562]""",0.0007848739624020001,0.00017642974853500002,3.358199119567871,0.029721820726990002,0.00390625,0.000361442565917,0.00132942199707,0.00132942199707,0.5062500000000001,0.50636574074074,0.00011574074074
930627620839,9306276208,39,0,102983741786,1.0,"""[0.00014305114746000002",0.00014781951904200002,0.00015163421630800001,0.00015640258789,0.000161170959472,0.000165939331054,0.00016975402832,0.000174522399902,0.00019454956054600002,0.00023078918457," 0.000619888305664]""",0.000889778137207,0.00018405914306600003,3.647799491882324,0.030663583427667004,0.00390625,0.000361442565917,0.00132942199707,0.0013275146484370002,0.508680555555555,0.5087962962962961,0.00011574074074
930627620839,9306276208,39,0,102983741786,0.990000009536743,"""[0.000126838684082",0.00013637542724600002,0.00014305114746000002,0.000149726867675,0.00015640258789,0.00016307830810500002,0.00016880035400300002,0.000175476074218,0.00020694732666000002,0.000258445739746," 0.000523567199707]""",0.001516342163085,0.00017642974853500002,2.799801349639892,0.025747042149305004,0.00390625,0.000360488891601,0.001331329345703,0.001331329345703,0.500925925925925,0.501041666666666,0.00011574074074
930627620839,9306276208,39,0,102983741786,0.9933333396911621,"""[0.000130653381347",0.00013637542724600002,0.00014209747314400002,0.00014686584472600002,0.000152587890625,0.00015830993652300002,0.00016307830810500002,0.00016880035400300002,0.000174522399902,0.00020980834960900003," 0.000543594360351]""",0.000645637512207,0.000161170959472,3.296525239944458,0.030208436772227003,0.00390625,0.000361442565917,0.00132942199707,0.00132942199707,0.502893518518518,0.503009259259259,0.00011574074074
930627620839,9306276208,39,0,102983741786,0.996666669845581,"""[0.000144004821777",0.000148773193359,0.000152587890625,0.00015735626220700002,0.00016212463378900002,0.000165939331054,0.000170707702636,0.000174522399902,0.00019264221191400002,0.00021553039550700003," 0.000616073608398]""",0.000950813293457,0.00018405914306600003,3.647799491882324,0.030663583427667004,0.00390625,0.000361442565917,0.0013275146484370002,0.0013275146484370002,0.5090277777777771,0.509143518518518,0.00011574074074
930627620839,9306276208,39,0,102983741786,0.9866666793823241,"""[0.00013351440429600002",0.000140190124511,0.00014781951904200002,0.000154495239257,0.00016212463378900002,0.00016880035400300002,0.000175476074218,0.00019741058349600002,0.00022029876708900002,0.000297546386718," 0.000579833984375]""",0.00119400024414,0.00019454956054600002,3.597068786621093,0.030852571129798,0.00390625,0.000361442565917,0.00132942199707,0.00132942199707,0.503703703703703,0.503819444444444,0.00011574074074
930627620839,9306276208,39,0,102983741786,0.996666669845581,"""[0.000129699707031",0.00013732910156200002,0.00014305114746000002,0.00014781951904200002,0.000153541564941,0.00015926361083900002,0.000164985656738,0.00016975402832,0.000175476074218,0.00021171569824200001," 0.00075626373291]""",0.000889778137207,0.00017166137695300002,3.613141536712646,0.030887020751833003,0.00390625,0.000361442565917,0.001333236694335,0.001331329345703,0.503819444444444,0.503935185185185,0.00011574074074
930627620839,9306276208,39,0,102983741786,0.9933333396911621,"""[0.000134468078613",0.000140190124511,0.00014591217041000002,0.00015163421630800001,0.00015735626220700002,0.00016307830810500002,0.00016880035400300002,0.000174522399902,0.00019741058349600002,0.00023365020751900002," 0.000519752502441]""",0.000706672668457,0.000175476074218,3.214886665344238,0.029137665405869,0.00390625,0.000361442565917,0.00132942199707,0.00132942199707,0.505902777777777,0.5060185185185181,0.00011574074074
930627620839,9306276208,39,0,102983741786,0.983333349227905,"""[0.000134468078613",0.000139236450195,0.000144958496093,0.000149726867675,0.000155448913574,0.000160217285156,0.000165939331054,0.00017166137695300002,0.000179290771484,0.00020980834960900003," 0.0005950927734370001]""",0.000776290893554,0.00016975402832,1.788394212722778,0.015587242320179,0.00390625,0.000361442565917,0.001331329345703,0.00132942199707,0.504513888888888,0.504629629629629,0.00011574074074
930627620839,9306276208,39,0,102983741786,1.0,"""[0.00013351440429600002",0.00013828277587800002,0.000144004821777,0.000148773193359,0.000154495239257,0.000160217285156,0.000164985656738,0.000170707702636,0.00017642974853500002,0.00021076202392500003," 0.000507354736328]""",0.000584602355957,0.000165939331054,1.788394212722778,0.015587242320179,0.00390625,0.000361442565917,0.00132942199707,0.00132942199707,0.504629629629629,0.50474537037037,0.00011574074074
930627620839,9306276208,39,0,102983741786,0.996666669845581,"""[0.000125885009765",0.000135421752929,0.000140190124511,0.00014591217041000002,0.00015163421630800001,0.00015640258789,0.00016212463378900002,0.00016784667968700002,0.00017261505126900002,0.000200271606445," 0.00045585632324200004]""",0.000462532043457,0.00015830993652300002,1.788394212722778,0.015587242320179,0.00390625,0.000361442565917,0.001331329345703,0.00132942199707,0.50474537037037,0.5048611111111111,0.00011574074074
930627620839,9306276208,39,0,102983741786,0.996666669845581,"""[0.00014781951904200002",0.00015163421630800001,0.00015640258789,0.000161170959472,0.000164985656738,0.00016975402832,0.000174522399902,0.00018787384033200002,0.000205039978027,0.00023651123046800003," 0.00035667419433500004]""",0.00044441223144500003,0.00018405914306600003,3.358199119567871,0.029721820726990002,0.00390625,0.000361442565917,0.00132942199707,0.0013275146484370002,0.5067129629629631,0.506828703703703,0.00011574074074
930627620839,9306276208,39,0,102983741786,0.9933333396911621,"""[0.000144004821777",0.000148773193359,0.000153541564941,0.00015830993652300002,0.00016307830810500002,0.00016784667968700002,0.00017261505126900002,0.00018119812011700001,0.000201225280761,0.00022983551025300002," 0.0005578994750970001]""",0.0005578994750970001,0.00018310546875,3.358199119567871,0.029721820726990002,0.00390625,0.000361442565917,0.00132942199707,0.0013275146484370002,0.506828703703703,0.5069444444444441,0.00011574074074
930627620839,9306276208,39,0,102983741786,0.996666669845581,"""[0.00015163421630800001",0.00015640258789,0.000161170959472,0.00016689300537100002,0.00017166137695300002,0.00017738342285100002,0.00018882751464800002,0.00019931793212800002,0.00020980834960900003,0.00022315979003900002," 0.000731468200683]""",0.001535415649414,0.000195503234863,3.647799491882324,0.030663583427667004,0.00390625,0.000361442565917,0.00132942199707,0.0013275146484370002,0.5087962962962961,0.508912037037037,0.00011574074074
930627620839,9306276208,39,0,102983741786,0.9933333396911621,"""[0.000129699707031",0.00013732910156200002,0.00014209747314400002,0.00014781951904200002,0.000153541564941,0.00015830993652300002,0.00016403198242100002,0.00016975402832,0.000174522399902,0.00020790100097600002," 0.000501632690429]""",0.000986099243164,0.00016307830810500002,3.296525239944458,0.030208436772227003,0.00390625,0.000361442565917,0.001331329345703,0.00132942199707,0.50324074074074,0.503356481481481,0.00011574074074
930627620839,9306276208,39,0,102983741786,0.996666669845581,"""[0.000139236450195",0.000144004821777,0.000148773193359,0.000153541564941,0.00015830993652300002,0.00016212463378900002,0.00016689300537100002,0.00017166137695300002,0.00017833709716700002,0.00020694732666000002," 0.000567436218261]""",0.0014476776123040001,0.00017356872558500002,3.471946239471435,0.029811944812536004,0.00390625,0.000361442565917,0.0013275146484370002,0.0013256072998040001,0.5092592592592591,0.509375,0.00011574074074
930627620839,9306276208,39,0,102983741786,0.990000009536743,"""[0.000130653381347",0.00013732910156200002,0.00014305114746000002,0.000148773193359,0.000153541564941,0.00015926361083900002,0.000164985656738,0.000170707702636,0.00017642974853500002,0.00021266937255800001," 0.00033187866210900003]""",0.000889778137207,0.00016689300537100002,3.214886665344238,0.029137665405869,0.00390625,0.000361442565917,0.00132942199707,0.00132942199707,0.505439814814814,0.5055555555555551,0.00011574074074
930627620839,9306276208,39,0,102983741786,0.996666669845581,"""[0.000130653381347",0.00013732910156200002,0.00014305114746000002,0.00014781951904200002,0.000153541564941,0.00015926361083900002,0.000164985656738,0.000170707702636,0.00017642974853500002,0.00021743774414," 0.000520706176757]""",0.001247406005859,0.000170707702636,2.542995691299438,0.021132254973053002,0.00390625,0.000361442565917,0.001331329345703,0.001331329345703,0.50162037037037,0.501736111111111,0.00011574074074
930627620839,9306276208,39,0,102983741786,0.996666669845581,"""[0.000139236450195",0.000144004821777,0.000148773193359,0.000153541564941,0.00015830993652300002,0.00016307830810500002,0.00016784667968700002,0.00017261505126900002,0.00018405914306600003,0.00022029876708900002," 0.00055980682373]""",0.0005578994750970001,0.000174522399902,3.212806224822998,0.027919284999370002,0.00390625,0.000361442565917,0.0013275146484370002,0.0013275146484370002,0.507754629629629,0.5078703703703701,0.00011574074074
930627620839,9306276208,39,0,102983741786,1.0,"""[0.000139236450195",0.000144004821777,0.000148773193359,0.000153541564941,0.00015830993652300002,0.00016307830810500002,0.00016784667968700002,0.00017261505126900002,0.000186920166015,0.00021839141845700002," 0.0007047653198240001]""",0.000706672668457,0.00017642974853500002,2.891465663909912,0.024735124781727003,0.00390625,0.000361442565917,0.001331329345703,0.00132942199707,0.501967592592592,0.502083333333333,0.00011574074074
930627620839,9306276208,39,0,102983741786,0.996666669845581,"""[0.00013732910156200002",0.00014209747314400002,0.00014781951904200002,0.000153541564941,0.00015926361083900002,0.000164985656738,0.000170707702636,0.00017738342285100002,0.00020980834960900003,0.000279426574707," 0.0005521774291990001]""",0.00054931640625,0.00018501281738200003,3.212806224822998,0.027919284999370002,0.00390625,0.000361442565917,0.001331329345703,0.00132942199707,0.5078703703703701,0.507986111111111,0.00011574074074
930627620839,9306276208,39,0,102983741786,1.0,"""[0.000140190124511",0.000144958496093,0.00015068054199200001,0.000155448913574,0.000160217285156,0.000165939331054,0.000170707702636,0.00017642974853500002,0.000196456909179,0.00021743774414," 0.0005760192871090001]""",0.0008983612060540001,0.00018405914306600003,3.212806224822998,0.027919284999370002,0.00390625,0.000361442565917,0.00132942199707,0.0013275146484370002,0.508217592592592,0.5083333333333331,0.00011574074074
930627620839,9306276208,39,0,102983741786,0.9933333396911621,"""[0.00013256072998000002",0.00013732910156200002,0.00014305114746000002,0.00014781951904200002,0.000153541564941,0.00015830993652300002,0.00016403198242100002,0.00016880035400300002,0.000174522399902,0.000205039978027," 0.00047492980957000003]""",0.00103759765625,0.00016403198242100002,3.313092947006225,0.029094381257891003,0.00390625,0.000361442565917,0.001331329345703,0.001331329345703,0.502662037037037,0.502777777777777,0.00011574074074
930627620839,9306276208,39,0,102983741786,0.983333349227905,"""[0.000128746032714",0.00013732910156200002,0.000144004821777,0.000149726867675,0.00015640258789,0.00016212463378900002,0.00016880035400300002,0.000174522399902,0.000200271606445,0.000245094299316," 0.000506401062011]""",0.001176834106445,0.00017738342285100002,2.799801349639892,0.025747042149305004,0.00390625,0.000360488891601,0.001333236694335,0.001331329345703,0.500810185185185,0.500925925925925,0.00011574074074
930627620839,9306276208,39,0,102983741786,1.0,"""[0.00014114379882800002",0.00014686584472600002,0.00015163421630800001,0.00015735626220700002,0.00016212463378900002,0.00016784667968700002,0.00017261505126900002,0.00018310546875,0.000200271606445,0.00021743774414," 0.000711441040039]""",0.0013256072998040001,0.00018787384033200002,3.647799491882324,0.030663583427667004,0.00390625,0.000361442565917,0.0013275146484370002,0.0013275146484370002,0.508912037037037,0.5090277777777771,0.00011574074074
930627620839,9306276208,39,0,102983741786,0.996666669845581,"""[0.000129699707031",0.00013732910156200002,0.00014209747314400002,0.00014781951904200002,0.000152587890625,0.00015830993652300002,0.00016403198242100002,0.00016880035400300002,0.000174522399902,0.00021076202392500003," 0.000612258911132]""",0.0006017684936520001,0.00016307830810500002,3.296525239944458,0.030208436772227003,0.00390625,0.000361442565917,0.00132942199707,0.00132942199707,0.5031249999999999,0.50324074074074,0.00011574074074
930627620839,9306276208,39,0,102983741786,1.0,"""[0.00013732910156200002",0.00014209747314400002,0.00014781951904200002,0.000152587890625,0.00015830993652300002,0.00016403198242100002,0.00016880035400300002,0.000174522399902,0.000195503234863,0.00023078918457," 0.000517845153808]""",0.000514030456542,0.00017738342285100002,3.726741313934326,0.027702912688255,0.00390625,0.000361442565917,0.0013275146484370002,0.0013275146484370002,0.507060185185185,0.5071759259259261,0.00011574074074
930627620839,9306276208,39,0,102983741786,0.9933333396911621,"""[0.00014305114746000002",0.00014781951904200002,0.000152587890625,0.00015735626220700002,0.000161170959472,0.000165939331054,0.000170707702636,0.000175476074218,0.000196456909179,0.00021934509277300002," 0.000880241394042]""",0.001003265380859,0.00018310546875,3.471946239471435,0.029811944812536004,0.00390625,0.000361442565917,0.0013275146484370002,0.0013275146484370002,0.509375,0.5094907407407401,0.00011574074074
930627620839,9306276208,39,0,102983741786,0.996666669845581,"""[0.00013732910156200002",0.00014209747314400002,0.00014686584472600002,0.00015163421630800001,0.00015735626220700002,0.00016212463378900002,0.00016689300537100002,0.00017166137695300002,0.00018215179443300001,0.000226974487304," 0.000872611999511]""",0.000871658325195,0.000174522399902,3.212806224822998,0.027919284999370002,0.00390625,0.000361442565917,0.001331329345703,0.00132942199707,0.507986111111111,0.5081018518518511,0.00011574074074
930627620839,9306276208,39,0,102983741786,0.996666669845581,"""[0.00014209747314400002",0.00014686584472600002,0.00015163421630800001,0.000155448913574,0.000160217285156,0.000164985656738,0.00016975402832,0.00017356872558500002,0.00019359588623000002,0.00023555755615200003," 0.000561714172363]""",0.000566482543945,0.000179290771484,3.212806224822998,0.027919284999370002,0.00390625,0.000361442565917,0.00132942199707,0.0013275146484370002,0.5081018518518511,0.508217592592592,0.00011574074074
930627620839,9306276208,39,0,102983741786,0.996666669845581,"""[0.00013160705566400002",0.00013732910156200002,0.00014305114746000002,0.00014781951904200002,0.000153541564941,0.00015926361083900002,0.00016403198242100002,0.00016975402832,0.000175476074218,0.00021076202392500003," 0.000581741333007]""",0.000758171081542,0.00016689300537100002,3.613141536712646,0.030887020751833003,0.00390625,0.000361442565917,0.001333236694335,0.001331329345703,0.504282407407407,0.504398148148148,0.00011574074074
930627620839,9306276208,39,0,102983741786,0.996666669845581,"""[0.000125885009765",0.00013732910156200002,0.00014209747314400002,0.00014781951904200002,0.000152587890625,0.00015830993652300002,0.00016403198242100002,0.00016880035400300002,0.000174522399902,0.00020694732666000002," 0.00045394897460900003]""",0.00044441223144500003,0.00016403198242100002,2.799801349639892,0.025747042149305004,0.00390625,0.000360488891601,0.001333236694335,0.001331329345703,0.500462962962963,0.500578703703703,0.00011574074074
930627620839,9306276208,39,0,102983741786,0.9933333396911621,"""[0.00013256072998000002",0.00013828277587800002,0.00014305114746000002,0.000148773193359,0.000153541564941,0.00015926361083900002,0.00016403198242100002,0.00016975402832,0.000174522399902,0.000205039978027," 0.0005874633789060001]""",0.002616882324218,0.00016880035400300002,3.309525728225708,0.029334243386983,0.00390625,0.000361442565917,0.001331329345703,0.001331329345703,0.502777777777777,0.502893518518518,0.00011574074074
930627620839,9306276208,39,0,102983741786,1.0,"""[0.000123023986816",0.000134468078613,0.000140190124511,0.00014591217041000002,0.00015163421630800001,0.00015735626220700002,0.00016212463378900002,0.00016784667968700002,0.00017356872558500002,0.00020885467529200002," 0.0005350112915030001]""",0.0005407333374020001,0.000160217285156,2.799801349639892,0.025747042149305004,0.00390625,0.000360488891601,0.001331329345703,0.001331329345703,0.501041666666666,0.501157407407407,0.00011574074074
930627620839,9306276208,39,0,102983741786,0.9933333396911621,"""[0.000134468078613",0.000139236450195,0.000144004821777,0.000149726867675,0.000154495239257,0.00015926361083900002,0.000164985656738,0.00016975402832,0.000174522399902,0.00020694732666000002," 0.000529289245605]""",0.0006628036499020001,0.00016689300537100002,3.214886665344238,0.029137665405869,0.00390625,0.000361442565917,0.00132942199707,0.00132942199707,0.505671296296296,0.5057870370370371,0.00011574074074
930627620839,9306276208,39,0,102983741786,0.990000009536743,"""[0.000134468078613",0.000139236450195,0.000144958496093,0.00015068054199200001,0.000155448913574,0.000161170959472,0.000165939331054,0.00017166137695300002,0.00018119812011700001,0.00021266937255800001," 0.000544548034667]""",0.0007410049438470001,0.00016975402832,3.270257711410522,0.029784599319100002,0.00390625,0.000360488891601,0.0013351440429680002,0.001333236694335,0.5001157407407401,0.500231481481481,0.00011574074074
930627620839,9306276208,39,0,102983741786,0.9933333396911621,"""[0.00013256072998000002",0.00013828277587800002,0.000144004821777,0.000148773193359,0.000154495239257,0.000160217285156,0.000165939331054,0.00017166137695300002,0.0001802444458,0.00021839141845700002," 0.000514030456542]""",0.0008544921875,0.00016975402832,3.313092947006225,0.029094381257891003,0.00390625,0.000361442565917,0.001331329345703,0.001331329345703,0.502546296296296,0.502662037037037,0.00011574074074
930627620839,9306276208,39,0,102983741786,0.996666669845581,"""[0.00013256072998000002",0.00013828277587800002,0.000144004821777,0.00015068054199200001,0.00015640258789,0.00016212463378900002,0.00016784667968700002,0.000174522399902,0.000195503234863,0.00022792816162100002," 0.0006103515625]""",0.000749588012695,0.00017356872558500002,3.358199119567871,0.029721820726990002,0.00390625,0.000361442565917,0.00132942199707,0.0013275146484370002,0.5064814814814811,0.506597222222222,0.00011574074074
930627620839,9306276208,39,0,102983741786,0.996666669845581,"""[0.00014114379882800002",0.000144958496093,0.000149726867675,0.000154495239257,0.00015926361083900002,0.00016403198242100002,0.00016880035400300002,0.00017356872558500002,0.00018978118896400002,0.00021553039550700003," 0.000537872314453]""",0.0018138885498040001,0.00017642974853500002,3.726741313934326,0.027702912688255,0.00390625,0.000361442565917,0.00132942199707,0.0013275146484370002,0.507523148148148,0.5076388888888881,0.00011574074074
930627620839,9306276208,39,0,102983741786,0.9933333396911621,"""[0.00013732910156200002",0.00014305114746000002,0.00014781951904200002,0.000153541564941,0.00015926361083900002,0.00016403198242100002,0.00016975402832,0.000174522399902,0.000195503234863,0.00022792816162100002," 0.0006446838378900001]""",0.0008630752563470001,0.00018501281738200003,3.214886665344238,0.029137665405869,0.00390625,0.000361442565917,0.00132942199707,0.00132942199707,0.5057870370370371,0.505902777777777,0.00011574074074
930627620839,9306276208,39,0,102983741786,0.9800000190734861,"""[0.000128746032714",0.00013732910156200002,0.000144004821777,0.00015068054199200001,0.00015640258789,0.00016307830810500002,0.00016975402832,0.000175476074218,0.00020694732666000002,0.000256538391113," 0.00046157836914]""",0.001064300537109,0.000175476074218,3.613141536712646,0.030887020751833003,0.00390625,0.000361442565917,0.001331329345703,0.001331329345703,0.503935185185185,0.504050925925925,0.00011574074074
930627620839,9306276208,39,0,102983741786,0.996666669845581,"""[0.00013160705566400002",0.00013732910156200002,0.00014209747314400002,0.00014781951904200002,0.000152587890625,0.00015735626220700002,0.00016307830810500002,0.00016784667968700002,0.00017356872558500002,0.00019741058349600002," 0.000584602355957]""",0.000593185424804,0.000161170959472,2.799801349639892,0.025747042149305004,0.00390625,0.000360488891601,0.001333236694335,0.001331329345703,0.500578703703703,0.500694444444444,0.00011574074074
930627620839,9306276208,39,0,102983741786,0.990000009536743,"""[0.00013637542724600002",0.00014114379882800002,0.00014686584472600002,0.00015163421630800001,0.00015640258789,0.000161170959472,0.00016689300537100002,0.00017166137695300002,0.000179290771484,0.00020980834960900003," 0.000489234924316]""",0.001047134399414,0.00016880035400300002,3.214886665344238,0.029137665405869,0.00390625,0.000361442565917,0.00132942199707,0.0013275146484370002,0.5055555555555551,0.505671296296296,0.00011574074074
930627620839,9306276208,39,0,102983741786,1.0,"""[0.000135421752929",0.00014114379882800002,0.00014686584472600002,0.000152587890625,0.00015830993652300002,0.00016403198242100002,0.00016975402832,0.000175476074218,0.00019741058349600002,0.000231742858886," 0.000494003295898]""",0.0005578994750970001,0.00017833709716700002,3.226808786392211,0.029186261817812004,0.00390625,0.000361442565917,0.00132942199707,0.00132942199707,0.5060185185185181,0.506134259259259,0.00011574074074
930627620839,9306276208,39,0,102983741786,0.9933333396911621,"""[0.00013351440429600002",0.00013828277587800002,0.000144004821777,0.000148773193359,0.000154495239257,0.00015926361083900002,0.00016403198242100002,0.00016975402832,0.000174522399902,0.00021076202392500003," 0.000483512878417]""",0.0008544921875,0.000165939331054,3.613141536712646,0.030887020751833003,0.00390625,0.000361442565917,0.001331329345703,0.001331329345703,0.504166666666666,0.504282407407407,0.00011574074074
930627620839,9306276208,39,0,102983741786,0.9866666793823241,"""[0.00014114379882800002",0.00014591217041000002,0.00015068054199200001,0.00015640258789,0.000161170959472,0.000165939331054,0.00017166137695300002,0.00017833709716700002,0.00019836425781200002,0.00021839141845700002," 0.000517845153808]""",0.000819206237792,0.00017642974853500002,3.358199119567871,0.029721820726990002,0.00390625,0.000361442565917,0.00132942199707,0.00132942199707,0.506134259259259,0.5062500000000001,0.00011574074074
930627620839,9306276208,39,0,102983741786,1.0,"""[0.000135421752929",0.000140190124511,0.00014591217041000002,0.00015068054199200001,0.000155448913574,0.000161170959472,0.000165939331054,0.00017166137695300002,0.00017738342285100002,0.00021362304687500003," 0.0008668899536130001]""",0.001054763793945,0.00017261505126900002,3.313092947006225,0.029094381257891003,0.00390625,0.000361442565917,0.001333236694335,0.001331329345703,0.502430555555555,0.502546296296296,0.00011574074074
930627620839,9306276208,39,0,102983741786,0.990000009536743,"""[0.00013637542724600002",0.00014209747314400002,0.00014781951904200002,0.000153541564941,0.000160217285156,0.000165939331054,0.00017166137695300002,0.00018310546875,0.000205039978027,0.000258445739746," 0.0011520385742180002]""",0.001665115356445,0.00018882751464800002,2.100528001785278,0.018204359337687,0.00390625,0.000361442565917,0.001331329345703,0.001331329345703,0.504398148148148,0.504513888888888,0.00011574074074
930627620839,9306276208,39,0,102983741786,0.996666669845581,"""[0.000134468078613",0.000140190124511,0.000144958496093,0.00015068054199200001,0.000155448913574,0.000161170959472,0.000165939331054,0.00017166137695300002,0.0001802444458,0.000205993652343," 0.00054931640625]""",0.00054931640625,0.00016880035400300002,3.358199119567871,0.029721820726990002,0.00390625,0.000361442565917,0.001331329345703,0.00132942199707,0.50636574074074,0.5064814814814811,0.00011574074074
930627620839,9306276208,39,0,102983741786,1.0,"""[0.00014209747314400002",0.00014591217041000002,0.00015068054199200001,0.000155448913574,0.000160217285156,0.000164985656738,0.00016975402832,0.000174522399902,0.00019359588623000002,0.00021839141845700002," 0.0007467269897460001]""",0.0007410049438470001,0.00017833709716700002,3.657040357589721,0.028084741905331,0.00390625,0.000361442565917,0.00132942199707,0.0013275146484370002,0.5069444444444441,0.507060185185185,0.00011574074074
930627620839,9306276208,39,0,102983741786,0.996666669845581,"""[0.000128746032714",0.00013637542724600002,0.00014209747314400002,0.00014686584472600002,0.000152587890625,0.00015830993652300002,0.00016307830810500002,0.00016880035400300002,0.000174522399902,0.000201225280761," 0.00045680999755800004]""",0.000627517700195,0.000161170959472,2.799801349639892,0.025747042149305004,0.00390625,0.000360488891601,0.001333236694335,0.001331329345703,0.501157407407407,0.501273148148148,0.00011574074074
930627620839,9306276208,39,0,102983741786,0.9933333396911621,"""[0.000124931335449",0.00013637542724600002,0.00014114379882800002,0.00014686584472600002,0.000152587890625,0.00015830993652300002,0.00016307830810500002,0.00016880035400300002,0.000174522399902,0.00020694732666000002," 0.0005226135253900001]""",0.0005407333374020001,0.000161170959472,1.788394212722778,0.015587242320179,0.00390625,0.000361442565917,0.001331329345703,0.00132942199707,0.5050925925925921,0.505208333333333,0.00011574074074
930627620839,9306276208,39,0,102983741786,0.9933333396911621,"""[0.000125885009765",0.00013637542724600002,0.00014209747314400002,0.00014686584472600002,0.000152587890625,0.00015735626220700002,0.00016307830810500002,0.00016784667968700002,0.00017356872558500002,0.00020217895507800002," 0.000430107116699]""",0.00042724609375,0.00016307830810500002,2.591720342636108,0.022007836028933,0.00390625,0.000360488891601,0.001333236694335,0.001331329345703,0.501273148148148,0.501388888888888,0.00011574074074
930627620839,9306276208,39,0,102983741786,0.9933333396911621,"""[0.00013351440429600002",0.000139236450195,0.000144958496093,0.00015068054199200001,0.00015640258789,0.00016212463378900002,0.00016784667968700002,0.00017356872558500002,0.00019454956054600002,0.00024318695068300001," 0.000776290893554]""",0.000776290893554,0.000175476074218,2.063444852828979,0.018199982121586,0.00390625,0.000361442565917,0.001331329345703,0.00132942199707,0.505208333333333,0.5053240740740741,0.00011574074074
930627620839,9306276208,39,0,102983741786,1.0,"""[0.00014209747314400002",0.00014591217041000002,0.00015068054199200001,0.000155448913574,0.000160217285156,0.000164985656738,0.00016880035400300002,0.00017356872558500002,0.00018882751464800002,0.00021362304687500003," 0.0006942749023430001]""",0.000688552856445,0.0001802444458,3.6458101272583,0.030653949826955,0.00390625,0.000361442565917,0.0013275146484370002,0.0013275146484370002,0.509143518518518,0.5092592592592591,0.00011574074074
930627620839,9306276208,39,0,102983741786,0.990000009536743,"""[0.000135421752929",0.00014114379882800002,0.00014591217041000002,0.00015163421630800001,0.00015735626220700002,0.00016307830810500002,0.00016880035400300002,0.000174522399902,0.00019454956054600002,0.00022506713867100002," 0.0005350112915030001]""",0.001220703125,0.00017738342285100002,3.214886665344238,0.029137665405869,0.00390625,0.000361442565917,0.00132942199707,0.00132942199707,0.5053240740740741,0.505439814814814,0.00011574074074
930627620839,9306276208,39,0,102983741786,0.9933333396911621,"""[0.000127792358398",0.00013637542724600002,0.00014114379882800002,0.00014686584472600002,0.00015163421630800001,0.00015735626220700002,0.00016307830810500002,0.00016784667968700002,0.00017356872558500002,0.000201225280761," 0.0005531311035150001]""",0.00054931640625,0.00015926361083900002,2.542995691299438,0.021132254973053002,0.00390625,0.000360488891601,0.001333236694335,0.001331329345703,0.501504629629629,0.50162037037037,0.00011574074074
930627620839,9306276208,39,0,102983741786,0.9733333587646481,"""[0.000139236450195",0.000144004821777,0.000148773193359,0.000153541564941,0.00015830993652300002,0.00016307830810500002,0.00016689300537100002,0.00017166137695300002,0.000179290771484,0.00020790100097600002," 0.000507354736328]""",0.0033378601074210003,0.00017356872558500002,3.296525239944458,0.030208436772227003,0.00390625,0.000361442565917,0.001331329345703,0.00132942199707,0.503472222222222,0.503587962962962,0.00011574074074
930627620839,9306276208,39,0,102983741786,0.936666667461395,"""[0.000134468078613",0.000140190124511,0.00014591217041000002,0.000152587890625,0.00015830993652300002,0.00016403198242100002,0.00016975402832,0.000175476074218,0.000205039978027,0.000279426574707," 0.000369071960449]""",0.0019798278808590003,0.000185966491699,3.296525239944458,0.030208436772227003,0.00390625,0.000361442565917,0.00132942199707,0.00132942199707,0.503587962962962,0.503703703703703,0.00011574074074
930627620839,9306276208,39,0,102983741786,0.990000009536743,"""[0.00013351440429600002",0.00013828277587800002,0.00014305114746000002,0.000148773193359,0.000153541564941,0.00015926361083900002,0.00016403198242100002,0.00016975402832,0.000174522399902,0.00020790100097600002," 0.00036239624023400003]""",0.0010986328125,0.000164985656738,1.788394212722778,0.015587242320179,0.00390625,0.000361442565917,0.001331329345703,0.00132942199707,0.5048611111111111,0.504976851851851,0.00011574074074
930627620839,9306276208,39,0,102983741786,0.996666669845581,"""[0.00013256072998000002",0.00013828277587800002,0.00014305114746000002,0.000148773193359,0.000154495239257,0.000160217285156,0.000165939331054,0.00017166137695300002,0.00018119812011700001,0.00021266937255800001," 0.000524520874023]""",0.0006017684936520001,0.00016784667968700002,3.296525239944458,0.030208436772227003,0.00390625,0.000361442565917,0.001331329345703,0.00132942199707,0.503009259259259,0.5031249999999999,0.00011574074074
930627620839,9306276208,39,0,102983741786,0.9933333396911621,"""[0.000134468078613",0.000140190124511,0.000144958496093,0.00015068054199200001,0.000155448913574,0.000161170959472,0.000165939331054,0.00017166137695300002,0.000179290771484,0.00021457672119100003," 0.00046539306640600004]""",0.0006017684936520001,0.00016880035400300002,1.788394212722778,0.015587242320179,0.00390625,0.000361442565917,0.00132942199707,0.00132942199707,0.504976851851851,0.5050925925925921,0.00011574074074
930627620839,9306276208,39,0,102983741786,1.0,"""[0.00013637542724600002",0.00014114379882800002,0.00014686584472600002,0.00015163421630800001,0.00015735626220700002,0.00016212463378900002,0.00016784667968700002,0.00017261505126900002,0.00018978118896400002,0.00022411346435500002," 0.000543594360351]""",0.0005407333374020001,0.00017166137695300002,3.726741313934326,0.027702912688255,0.00390625,0.000361442565917,0.00132942199707,0.0013275146484370002,0.5071759259259261,0.507291666666666,0.00011574074074
930627620839,9306276208,39,0,102983741786,1.0,"""[0.00013828277587800002",0.00014305114746000002,0.00014781951904200002,0.000152587890625,0.00015830993652300002,0.00016307830810500002,0.00016880035400300002,0.00017356872558500002,0.000190734863281,0.00022029876708900002," 0.00068187713623]""",0.0006799697875970001,0.00017738342285100002,3.442451000213623,0.027822604402899003,0.00390625,0.000361442565917,0.0013275146484370002,0.0013275146484370002,0.5076388888888881,0.507754629629629,0.00011574074074
930627620839,9306276208,39,0,102983741786,0.9800000190734861,"""[0.00013351440429600002",0.000139236450195,0.000144004821777,0.000149726867675,0.000154495239257,0.000160217285156,0.000165939331054,0.000170707702636,0.00017738342285100002,0.00021934509277300002," 0.00046157836914]""",0.00107192993164,0.00017261505126900002,3.270257711410522,0.029784599319100002,0.00390625,0.000360488891601,0.001333236694335,0.001333236694335,0.500231481481481,0.500347222222222,0.00011574074074
930627620839,9306276208,39,0,102983741786,0.996666669845581,"""[0.000144958496093",0.000148773193359,0.000153541564941,0.00015735626220700002,0.00016212463378900002,0.000165939331054,0.000170707702636,0.000175476074218,0.000200271606445,0.000249862670898," 0.0006141662597650001]""",0.0006103515625,0.000185966491699,3.358199119567871,0.029721820726990002,0.00390625,0.000361442565917,0.00132942199707,0.00132942199707,0.506597222222222,0.5067129629629631,0.00011574074074
930627620839,9306276208,39,0,102983741786,1.0,"""[0.000144004821777",0.000148773193359,0.000154495239257,0.00015926361083900002,0.00016403198242100002,0.00016880035400300002,0.000174522399902,0.000186920166015,0.00020408630371000002,0.00022506713867100002," 0.00062084197998]""",0.000645637512207,0.00018310546875,3.647799491882324,0.030663583427667004,0.00390625,0.000361442565917,0.0013275146484370002,0.0013275146484370002,0.5085648148148141,0.508680555555555,0.00011574074074
930627620839,9306276208,39,0,102983741786,0.996666669845581,"""[0.000134468078613",0.000140190124511,0.00014591217041000002,0.00015068054199200001,0.00015640258789,0.00016212463378900002,0.00016784667968700002,0.00017356872558500002,0.00018978118896400002,0.00021266937255800001," 0.0005226135253900001]""",0.000654220581054,0.000175476074218,3.296525239944458,0.030208436772227003,0.00390625,0.000361442565917,0.001331329345703,0.00132942199707,0.503356481481481,0.503472222222222,0.00011574074074
930627620839,9306276208,39,0,102983741786,0.996666669845581,"""[0.000135421752929",0.000140190124511,0.00014591217041000002,0.00015068054199200001,0.00015640258789,0.000161170959472,0.000165939331054,0.00017166137695300002,0.0001802444458,0.00022411346435500002," 0.0005998611450190001]""",0.000593185424804,0.000174522399902,3.726741313934326,0.027702912688255,0.00390625,0.000361442565917,0.00132942199707,0.0013275146484370002,0.507291666666666,0.5074074074074071,0.00011574074074
930627620839,9306276208,39,0,102983741786,1.0,"""[0.000140190124511",0.000144958496093,0.000149726867675,0.000154495239257,0.000160217285156,0.000164985656738,0.00016975402832,0.000174522399902,0.000196456909179,0.00022792816162100002," 0.000529289245605]""",0.000532150268554,0.00017833709716700002,3.726741313934326,0.027702912688255,0.00390625,0.000361442565917,0.00132942199707,0.0013275146484370002,0.5074074074074071,0.507523148148148,0.00011574074074
930627620839,9306276208,39,0,102983741786,0.9933333396911621,"""[0.000134468078613",0.000140190124511,0.00014591217041000002,0.00015163421630800001,0.00015735626220700002,0.00016307830810500002,0.00016880035400300002,0.000175476074218,0.00020313262939400002,0.000266075134277," 0.0005655288696280001]""",0.00079345703125,0.000179290771484,2.542995691299438,0.021132254973053002,0.00390625,0.000361442565917,0.001331329345703,0.001331329345703,0.501736111111111,0.501851851851851,0.00011574074074
930627620839,9306276208,39,0,102983741786,0.9933333396911621,"""[0.000129699707031",0.00013732910156200002,0.00014305114746000002,0.00014781951904200002,0.000153541564941,0.00015926361083900002,0.000164985656738,0.00016975402832,0.000175476074218,0.00020980834960900003," 0.0004968643188470001]""",0.0006189346313470001,0.00016689300537100002,2.542995691299438,0.021132254973053002,0.00390625,0.000361442565917,0.001331329345703,0.001331329345703,0.501851851851851,0.501967592592592,0.00011574074074
