UniqJobId,collection_id,instance_index,priority,machine_id,sample_rate,cpu_usage_distribution1,cpu_usage_distribution2,cpu_usage_distribution3,cpu_usage_distribution4,cpu_usage_distribution5,cpu_usage_distribution6,cpu_usage_distribution7,cpu_usage_distribution8,cpu_usage_distribution9,cpu_usage_distribution10,cpu_usage_distribution11,max_cpu,avg_cpu,cycles_per_instruction,memory_accesses_per_instruction,assigned_memory,page_cache_memory,max_memory,avg_memory,start_time,end_time,time_window
930627620814,9306276208,14,0,32981222790,1.0,"""[0.000126838684082",0.000148773193359,0.000170707702636,0.00018310546875,0.000191688537597,0.000200271606445,0.00020885467529200002,0.00021839141845700002,0.000257492065429,0.000379562377929," 0.00063419342041]""",0.0007057189941400001,0.00022506713867100002,3.576452016830444,0.014426520094275001,0.00390625,1.1444091796875002e-05,0.0009651184082030001,0.000964164733886,0.504282407407407,0.504398148148148,0.00011574074074
930627620814,9306276208,14,0,32981222790,1.0,"""[0.00011730194091700002",0.000128746032714,0.000144958496093,0.00016307830810500002,0.0001802444458,0.00019264221191400002,0.000205039978027,0.00021839141845700002,0.000258445739746,0.000317573547363," 0.000440597534179]""",0.0007057189941400001,0.00020694732666000002,3.642332553863525,0.019302625209093,0.00390625,1.4305114746093752e-05,0.000964164733886,0.000964164733886,0.5083333333333331,0.508449074074074,0.00011574074074
930627620814,9306276208,14,0,32981222790,1.0,"""[0.00011730194091700002",0.00013351440429600002,0.000144004821777,0.000154495239257,0.000164985656738,0.000175476074218,0.00018787384033200002,0.00019931793212800002,0.00021076202392500003,0.000231742858886," 0.000616073608398]""",0.000609397888183,0.00018405914306600003,4.422492504119873,0.021672265604138003,0.00390625,1.52587890625e-05,0.0009660720825190001,0.000964164733886,0.508680555555555,0.5087962962962961,0.00011574074074
930627620814,9306276208,14,0,32981222790,1.0,"""[0.000109672546386",0.000128746032714,0.00015068054199200001,0.00017356872558500002,0.000186920166015,0.00019931793212800002,0.00021171569824200001,0.00023365020751900002,0.00027847290039,0.000329971313476," 0.0006265640258780001]""",0.000665664672851,0.00021743774414,4.326300144195556,0.020371640101075002,0.00390625,1.1444091796875002e-05,0.000964164733886,0.000964164733886,0.505208333333333,0.5053240740740741,0.00011574074074
930627620814,9306276208,14,0,32981222790,1.0,"""[0.00010585784912100001",0.00014305114746000002,0.000160217285156,0.00017738342285100002,0.00018882751464800002,0.000201225280761,0.00021362304687500003,0.00023460388183500002,0.000269889831542,0.000340461730957," 0.000775337219238]""",0.0007781982421870001,0.00022029876708900002,3.479220390319824,0.01620758883655,0.00390625,1.1444091796875002e-05,0.0009660720825190001,0.0009651184082030001,0.501504629629629,0.50162037037037,0.00011574074074
930627620814,9306276208,14,0,32981222790,1.0,"""[0.000112533569335",0.000144004821777,0.00015926361083900002,0.000174522399902,0.00018501281738200003,0.00019454956054600002,0.000205039978027,0.00021457672119100003,0.00023937225341700002,0.000310897827148," 0.000683784484863]""",0.00068187713623,0.00020980834960900003,3.496241569519043,0.016287593171000002,0.00390625,1.1444091796875002e-05,0.0009660720825190001,0.0009651184082030001,0.501736111111111,0.501851851851851,0.00011574074074
930627620814,9306276208,14,0,32981222790,1.0,"""[0.000126838684082",0.00017738342285100002,0.00018882751464800002,0.000200271606445,0.00021171569824200001,0.00022411346435500002,0.00024318695068300001,0.00026130676269500003,0.000318527221679,0.000349044799804," 0.000731468200683]""",0.000730514526367,0.000244140625,4.277465343475341,0.019959608092904,0.00390625,1.1444091796875002e-05,0.0009660720825190001,0.0009651184082030001,0.501851851851851,0.501967592592592,0.00011574074074
930627620814,9306276208,14,0,32981222790,0.996666669845581,"""[0.000107765197753",0.000164985656738,0.000185966491699,0.00019741058349600002,0.00020980834960900003,0.000222206115722,0.000250816345214,0.000287055969238,0.000321388244628,0.00034713745117100005," 0.0007362365722650001]""",0.003120422363281,0.000249862670898,3.504382848739624,0.016554832458496,0.00390625,1.1444091796875002e-05,0.0009651184082030001,0.000964164733886,0.505902777777777,0.5060185185185181,0.00011574074074
930627620814,9306276208,14,0,32981222790,1.0,"""[0.00010871887207",0.00013828277587800002,0.00016784667968700002,0.000185966491699,0.00019931793212800002,0.00021266937255800001,0.00023460388183500002,0.00026512145996000004,0.00030326843261700004,0.000335693359375," 0.00048828124999999995]""",0.001155853271484,0.00022983551025300002,3.642332553863525,0.019302625209093,0.00390625,1.4305114746093752e-05,0.000964164733886,0.00096321105957,0.508217592592592,0.5083333333333331,0.00011574074074
930627620814,9306276208,14,0,32981222790,1.0,"""[0.00010585784912100001",0.000112533569335,0.00012016296386700001,0.000126838684082,0.000135421752929,0.00014781951904200002,0.00015926361083900002,0.00017166137695300002,0.00019836425781200002,0.00028324127197200004," 0.000421524047851]""",0.00041675567626900005,0.00016689300537100002,4.324049472808837,0.019793145358562,0.00390625,1.1444091796875002e-05,0.0009651184082030001,0.000964164733886,0.500694444444444,0.500810185185185,0.00011574074074
930627620814,9306276208,14,0,32981222790,1.0,"""[0.00012111663818300001",0.000170707702636,0.00018501281738200003,0.000195503234863,0.000205039978027,0.00021553039550700003,0.00024032592773400003,0.00029277801513600003,0.00032901763916,0.00035476684570300005," 0.00065803527832]""",0.0006742477416990001,0.000247001647949,4.294763088226318,0.020616998896002003,0.00390625,1.1444091796875002e-05,0.000964164733886,0.00096321105957,0.5048611111111111,0.504976851851851,0.00011574074074
930627620814,9306276208,14,0,32981222790,1.0,"""[0.000111579895019",0.000148773193359,0.000174522399902,0.00018405914306600003,0.00019359588623000002,0.00020217895507800002,0.00021076202392500003,0.00022029876708900002,0.000250816345214,0.000311851501464," 0.000767707824707]""",0.0007705688476560001,0.00021743774414,4.225168704986572,0.018680442124605002,0.00390625,1.1444091796875002e-05,0.000964164733886,0.00096321105957,0.501157407407407,0.501273148148148,0.00011574074074
930627620814,9306276208,14,0,32981222790,1.0,"""[0.00011825561523400002",0.00016307830810500002,0.00018501281738200003,0.000200271606445,0.00021457672119100003,0.00023269653320300002,0.00025463104248,0.000288009643554,0.00032234191894500003,0.000349044799804," 0.000708580017089]""",0.000714302062988,0.000247001647949,4.110257148742675,0.019484108313918003,0.00390625,1.4305114746093752e-05,0.0009651184082030001,0.000964164733886,0.5071759259259261,0.507291666666666,0.00011574074074
930627620814,9306276208,14,0,32981222790,1.0,"""[0.000123023986816",0.00014686584472600002,0.00017642974853500002,0.00018787384033200002,0.00019931793212800002,0.00021076202392500003,0.000226020812988,0.000258445739746,0.000327110290527,0.00038528442382800005," 0.0007019042968750001]""",0.000995635986328,0.00024318695068300001,4.326300144195556,0.020371640101075002,0.00390625,1.1444091796875002e-05,0.0009651184082030001,0.0009651184082030001,0.505439814814814,0.5055555555555551,0.00011574074074
930627620814,9306276208,14,0,32981222790,1.0,"""[0.000109672546386",0.00014781951904200002,0.000175476074218,0.000186920166015,0.00019836425781200002,0.00020980834960900003,0.000222206115722,0.00026226043701100003,0.000317573547363,0.00035476684570300005," 0.000791549682617]""",0.0007944107055660001,0.00023937225341700002,4.041626453399658,0.018556388095021,0.00390625,1.1444091796875002e-05,0.0009660720825190001,0.000964164733886,0.503703703703703,0.503819444444444,0.00011574074074
930627620814,9306276208,14,0,32981222790,1.0,"""[0.00010871887207",0.00013637542724600002,0.000161170959472,0.00018119812011700001,0.00019359588623000002,0.000205993652343,0.00021839141845700002,0.00025177001953100004,0.000309944152832,0.000357627868652," 0.0008153915405270001]""",0.000818252563476,0.00022983551025300002,4.426194190979003,0.023283949121832,0.00390625,1.4305114746093752e-05,0.0009651184082030001,0.00096321105957,0.507754629629629,0.5078703703703701,0.00011574074074
930627620814,9306276208,14,0,32981222790,1.0,"""[0.000109672546386",0.000124931335449,0.00014114379882800002,0.00015640258789,0.00017166137695300002,0.00018310546875,0.00019454956054600002,0.000205039978027,0.00021553039550700003,0.000250816345214," 0.000518798828125]""",0.000609397888183,0.000186920166015,4.15655517578125,0.019512904807925002,0.00390625,1.1444091796875002e-05,0.000964164733886,0.000964164733886,0.503935185185185,0.504050925925925,0.00011574074074
930627620814,9306276208,14,0,32981222790,1.0,"""[0.000112533569335",0.00012016296386700001,0.000128746032714,0.00014114379882800002,0.00015735626220700002,0.000174522399902,0.000190734863281,0.00020790100097600002,0.000249862670898,0.00036430358886700004," 0.0006265640258780001]""",0.0008258819580070001,0.000201225280761,3.970255851745605,0.017879419028759003,0.00390625,1.1444091796875002e-05,0.0009660720825190001,0.0009651184082030001,0.504050925925925,0.504166666666666,0.00011574074074
930627620814,9306276208,14,0,32981222790,0.996666669845581,"""[0.00012016296386700001",0.00018119812011700001,0.000191688537597,0.00020313262939400002,0.00021457672119100003,0.00023078918457,0.00025463104248,0.000287055969238,0.00032329559326100003,0.000358581542968," 0.000715255737304]""",0.002021789550781,0.00025463104248,3.868460893630981,0.017836919054389,0.00390625,1.1444091796875002e-05,0.0009660720825190001,0.0009651184082030001,0.5060185185185181,0.506134259259259,0.00011574074074
930627620814,9306276208,14,0,32981222790,1.0,"""[0.00010490417480400001",0.00012111663818300001,0.00013732910156200002,0.00015163421630800001,0.000165939331054,0.00018119812011700001,0.000200271606445,0.00021934509277300002,0.000280380249023,0.00033473968505800004," 0.000592231750488]""",0.0007543563842770001,0.00021266937255800001,2.156453371047973,0.009408478625118,0.00390625,1.1444091796875002e-05,0.000964164733886,0.000964164733886,0.500231481481481,0.500347222222222,0.00011574074074
930627620814,9306276208,14,0,32981222790,1.0,"""[0.00011920928955000001",0.00017166137695300002,0.000186920166015,0.00019741058349600002,0.00020885467529200002,0.00022029876708900002,0.000248908996582,0.000289916992187,0.00032520294189400005,0.00035285949707000003," 0.0005569458007810001]""",0.000609397888183,0.000248908996582,4.066128253936767,0.018532996997237,0.00390625,1.1444091796875002e-05,0.0009660720825190001,0.0009651184082030001,0.506134259259259,0.5062500000000001,0.00011574074074
930627620814,9306276208,14,0,32981222790,1.0,"""[0.000125885009765",0.000148773193359,0.00016880035400300002,0.00018405914306600003,0.000196456909179,0.00020885467529200002,0.00022315979003900002,0.000258445739746,0.000327110290527,0.00038433074951100003," 0.000757217407226]""",0.000761985778808,0.00024318695068300001,4.157569408416748,0.018660577014088003,0.00390625,1.1444091796875002e-05,0.0009670257568350001,0.0009651184082030001,0.5064814814814811,0.506597222222222,0.00011574074074
930627620814,9306276208,14,0,32981222790,1.0,"""[0.000111579895019",0.000128746032714,0.00014591217041000002,0.00016212463378900002,0.00017833709716700002,0.000191688537597,0.00020408630371000002,0.00021743774414,0.00026226043701100003,0.000349044799804," 0.000554084777832]""",0.0005531311035150001,0.00020885467529200002,4.294763088226318,0.020616998896002003,0.00390625,1.1444091796875002e-05,0.000964164733886,0.00096321105957,0.504629629629629,0.50474537037037,0.00011574074074
930627620814,9306276208,14,0,32981222790,1.0,"""[0.000116348266601",0.00012016296386700001,0.000124931335449,0.000128746032714,0.000134468078613,0.00014305114746000002,0.000152587890625,0.000161170959472,0.00016975402832,0.00019931793212800002," 0.0005226135253900001]""",0.00063419342041,0.00015640258789,4.422492504119873,0.021672265604138003,0.00390625,1.4305114746093752e-05,0.0009651184082030001,0.000964164733886,0.5085648148148141,0.508680555555555,0.00011574074074
930627620814,9306276208,14,0,32981222790,1.0,"""[0.000125885009765",0.000185966491699,0.00019931793212800002,0.00021171569824200001,0.00022792816162100002,0.000247001647949,0.000269889831542,0.00031375885009700004,0.00033760070800700005,0.00036811828613200005," 0.0006494522094720001]""",0.0006494522094720001,0.00026512145996000004,4.234736919403076,0.018768243491649003,0.00390625,1.4305114746093752e-05,0.0009670257568350001,0.0009651184082030001,0.506828703703703,0.5069444444444441,0.00011574074074
930627620814,9306276208,14,0,32981222790,1.0,"""[0.00012111663818300001",0.000144958496093,0.000165939331054,0.00018215179443300001,0.00019359588623000002,0.000205039978027,0.00021553039550700003,0.00023937225341700002,0.00027847290039,0.00036239624023400003," 0.0005712509155270001]""",0.000569343566894,0.000226020812988,4.4820942878723145,0.020922807976603,0.00390625,1.52587890625e-05,0.000964164733886,0.00096321105957,0.5090277777777771,0.509143518518518,0.00011574074074
930627620814,9306276208,14,0,32981222790,1.0,"""[0.000107765197753",0.00014209747314400002,0.000155448913574,0.00016975402832,0.00018215179443300001,0.00019359588623000002,0.00020408630371000002,0.00021553039550700003,0.000248908996582,0.000310897827148," 0.000591278076171]""",0.000585556030273,0.00020885467529200002,4.118197917938232,0.018325828015804003,0.00390625,1.1444091796875002e-05,0.0009660720825190001,0.0009651184082030001,0.501388888888888,0.501504629629629,0.00011574074074
930627620814,9306276208,14,0,32981222790,1.0,"""[0.000126838684082",0.00018215179443300001,0.000196456909179,0.00021076202392500003,0.000226020812988,0.00024318695068300001,0.000259399414062,0.000296592712402,0.000336647033691,0.00037384033203100004," 0.000699996948242]""",0.000738143920898,0.00026130676269500003,3.974085092544555,0.017994256690144,0.00390625,1.1444091796875002e-05,0.000964164733886,0.000964164733886,0.503356481481481,0.503472222222222,0.00011574074074
930627620814,9306276208,14,0,32981222790,0.996666669845581,"""[0.0001220703125",0.00015926361083900002,0.00018119812011700001,0.000190734863281,0.000201225280761,0.00021171569824200001,0.00022506713867100002,0.000260353088378,0.00030326843261700004,0.000335693359375," 0.000646591186523]""",0.0008668899536130001,0.00023365020751900002,3.974085092544555,0.017994256690144,0.00390625,1.1444091796875002e-05,0.000964164733886,0.00096321105957,0.503587962962962,0.503703703703703,0.00011574074074
930627620814,9306276208,14,0,32981222790,1.0,"""[0.00011825561523400002",0.00018405914306600003,0.000200271606445,0.000216484069824,0.00023365020751900002,0.000249862670898,0.000268936157226,0.000299453735351,0.000340461730957,0.000380516052246," 0.0006484985351560001]""",0.0006494522094720001,0.000267028808593,3.504382848739624,0.016554832458496,0.00390625,1.1444091796875002e-05,0.0009670257568350001,0.0009651184082030001,0.5057870370370371,0.505902777777777,0.00011574074074
930627620814,9306276208,14,0,32981222790,1.0,"""[0.00013160705566400002",0.000155448913574,0.00017738342285100002,0.00018787384033200002,0.00019836425781200002,0.00020790100097600002,0.00021839141845700002,0.00024127960205000003,0.000275611877441,0.000372886657714," 0.000848770141601]""",0.0008506774902340001,0.00023078918457,3.576452016830444,0.014426520094275001,0.00390625,1.1444091796875002e-05,0.0009670257568350001,0.0009651184082030001,0.504166666666666,0.504282407407407,0.00011574074074
930627620814,9306276208,14,0,32981222790,1.0,"""[0.00011825561523400002",0.000128746032714,0.00014305114746000002,0.00015735626220700002,0.00017166137695300002,0.00019264221191400002,0.00021743774414,0.00026130676269500003,0.00031280517578100004,0.000361442565917," 0.000786781311035]""",0.0007858276367180001,0.000221252441406,4.338223934173584,0.021416310220956,0.00390625,1.4305114746093752e-05,0.0009651184082030001,0.000964164733886,0.508449074074074,0.5085648148148141,0.00011574074074
930627620814,9306276208,14,0,32981222790,1.0,"""[0.00010871887207",0.000148773193359,0.000175476074218,0.00018882751464800002,0.000201225280761,0.00021457672119100003,0.00023555755615200003,0.00026226043701100003,0.000308036804199,0.00034332275390600004," 0.000651359558105]""",0.000738143920898,0.00023651123046800003,4.294763088226318,0.020616998896002003,0.00390625,1.1444091796875002e-05,0.000964164733886,0.00096321105957,0.50474537037037,0.5048611111111111,0.00011574074074
930627620814,9306276208,14,0,32981222790,1.0,"""[0.00015830993652300002",0.00017833709716700002,0.00018501281738200003,0.000191688537597,0.00019931793212800002,0.000205993652343,0.00021266937255800001,0.00021934509277300002,0.00024032592773400003,0.00026226043701100003," 0.000811576843261]""",0.000810623168945,0.00022506713867100002,4.422492504119873,0.021672265604138003,0.00390625,1.52587890625e-05,0.0009660720825190001,0.0009651184082030001,0.5087962962962961,0.508912037037037,0.00011574074074
930627620814,9306276208,14,0,32981222790,1.0,"""[0.000127792358398",0.000164985656738,0.00018405914306600003,0.00019454956054600002,0.000205039978027,0.00021553039550700003,0.00023937225341700002,0.00027275085449200004,0.00031661987304600005,0.00034332275390600004," 0.000531196594238]""",0.000537872314453,0.00024318695068300001,4.110257148742675,0.019484108313918003,0.00390625,1.4305114746093752e-05,0.000964164733886,0.000964164733886,0.507291666666666,0.5074074074074071,0.00011574074074
930627620814,9306276208,14,0,32981222790,1.0,"""[0.00011825561523400002",0.000127792358398,0.00013828277587800002,0.000149726867675,0.000161170959472,0.00017261505126900002,0.00018882751464800002,0.00020694732666000002,0.000245094299316,0.000330924987792," 0.0005998611450190001]""",0.0006017684936520001,0.000196456909179,4.4820942878723145,0.020922807976603,0.00390625,1.52587890625e-05,0.00096321105957,0.0009622573852530001,0.5092592592592591,0.509375,0.00011574074074
930627620814,9306276208,14,0,32981222790,1.0,"""[0.000125885009765",0.0001802444458,0.000190734863281,0.00020217895507800002,0.00021362304687500003,0.00022983551025300002,0.000255584716796,0.000289916992187,0.00032520294189400005,0.000360488891601," 0.000749588012695]""",0.000810623168945,0.00025463104248,2.748884677886962,0.012204102240502002,0.00390625,1.1444091796875002e-05,0.0009651184082030001,0.000964164733886,0.5001157407407401,0.500231481481481,0.00011574074074
930627620814,9306276208,14,0,32981222790,1.0,"""[0.000109672546386",0.00014781951904200002,0.00017833709716700002,0.000191688537597,0.000205993652343,0.00021934509277300002,0.00024127960205000003,0.00026416778564400005,0.00030136108398400003,0.000342369079589," 0.0006103515625]""",0.0006179809570310001,0.00023651123046800003,3.642332553863525,0.019302625209093,0.00390625,1.4305114746093752e-05,0.0009651184082030001,0.000964164733886,0.507986111111111,0.5081018518518511,0.00011574074074
930627620814,9306276208,14,0,32981222790,1.0,"""[0.000114440917968",0.000152587890625,0.0001802444458,0.000190734863281,0.000201225280761,0.00021171569824200001,0.00022792816162100002,0.000281333923339,0.00033187866210900003,0.00036811828613200005," 0.0007591247558590001]""",0.000761985778808,0.00024127960205000003,3.576452016830444,0.014426520094275001,0.00390625,1.1444091796875002e-05,0.0009651184082030001,0.000964164733886,0.504398148148148,0.504513888888888,0.00011574074074
930627620814,9306276208,14,0,32981222790,1.0,"""[0.000155448913574",0.00018119812011700001,0.000191688537597,0.00020217895507800002,0.00021362304687500003,0.00022888183593700002,0.000253677368164,0.00030136108398400003,0.00033473968505800004,0.000369071960449," 0.0006446838378900001]""",0.0006742477416990001,0.000260353088378,4.324049472808837,0.019793145358562,0.00390625,1.1444091796875002e-05,0.0009651184082030001,0.000964164733886,0.500578703703703,0.500694444444444,0.00011574074074
930627620814,9306276208,14,0,32981222790,1.0,"""[0.000124931335449",0.00018405914306600003,0.000196456909179,0.00020885467529200002,0.000221252441406,0.00023841857910100002,0.000255584716796,0.000290870666503,0.00035667419433500004,0.00039672851562500005," 0.0008754730224600001]""",0.001251220703125,0.000267028808593,3.82925534248352,0.016744408756494,0.00390625,1.1444091796875002e-05,0.0009651184082030001,0.000964164733886,0.502777777777777,0.502893518518518,0.00011574074074
930627620814,9306276208,14,0,32981222790,1.0,"""[0.000123977661132",0.00014305114746000002,0.000154495239257,0.000165939331054,0.00017738342285100002,0.00018787384033200002,0.00019741058349600002,0.00020790100097600002,0.00021743774414,0.00025177001953100004," 0.0006265640258780001]""",0.0006256103515620001,0.00019836425781200002,4.225168704986572,0.018680442124605002,0.00390625,1.1444091796875002e-05,0.000964164733886,0.00096321105957,0.501041666666666,0.501157407407407,0.00011574074074
930627620814,9306276208,14,0,32981222790,0.996666669845581,"""[0.000123977661132",0.00017738342285100002,0.00018882751464800002,0.000201225280761,0.00021266937255800001,0.00022792816162100002,0.000249862670898,0.000281333923339,0.00033473968505800004,0.00038433074951100003," 0.0008392333984370001]""",0.000842094421386,0.000256538391113,4.191308975219726,0.019017992541193,0.00390625,1.4305114746093752e-05,0.0009651184082030001,0.000964164733886,0.5069444444444441,0.507060185185185,0.00011574074074
930627620814,9306276208,14,0,32981222790,1.0,"""[0.00012016296386700001",0.00017261505126900002,0.000185966491699,0.00019741058349600002,0.00020790100097600002,0.00021934509277300002,0.000247955322265,0.000308990478515,0.00034618377685500005,0.000378608703613," 0.0007238388061520001]""",0.0007705688476560001,0.000255584716796,4.325531959533691,0.020377613604068003,0.00390625,1.1444091796875002e-05,0.0009651184082030001,0.000964164733886,0.5050925925925921,0.505208333333333,0.00011574074074
930627620814,9306276208,14,0,32981222790,1.0,"""[0.00011920928955000001",0.00017833709716700002,0.00018787384033200002,0.00019741058349600002,0.00020694732666000002,0.000216484069824,0.00023937225341700002,0.00027370452880800004,0.000320434570312,0.00035381317138600003," 0.0007705688476560001]""",0.0012035369873040001,0.000247001647949,4.110257148742675,0.019484108313918003,0.00390625,1.4305114746093752e-05,0.000964164733886,0.000964164733886,0.507060185185185,0.5071759259259261,0.00011574074074
930627620814,9306276208,14,0,32981222790,1.0,"""[0.000126838684082",0.00018119812011700001,0.00018978118896400002,0.00019836425781200002,0.00020790100097600002,0.000216484069824,0.00023365020751900002,0.000258445739746,0.00031471252441400005,0.00034427642822200004," 0.000520706176757]""",0.0006017684936520001,0.00024318695068300001,4.164375305175781,0.0201349966228,0.00390625,1.4305114746093752e-05,0.0009651184082030001,0.000964164733886,0.5074074074074071,0.507523148148148,0.00011574074074
930627620814,9306276208,14,0,32981222790,1.0,"""[0.000111579895019",0.00011920928955000001,0.000127792358398,0.00013637542724600002,0.000144958496093,0.000153541564941,0.00016212463378900002,0.00017166137695300002,0.00018787384033200002,0.00021362304687500003," 0.000440597534179]""",0.000441551208496,0.000164985656738,3.897851705551147,0.018716664984822003,0.00390625,1.52587890625e-05,0.00096321105957,0.0009622573852530001,0.509375,0.5094907407407401,0.00011574074074
930627620814,9306276208,14,0,32981222790,1.0,"""[0.00011825561523400002",0.00017833709716700002,0.00018787384033200002,0.00019836425781200002,0.00020885467529200002,0.00021839141845700002,0.00023841857910100002,0.000259399414062,0.000329971313476,0.000371932983398," 0.000640869140625]""",0.000641822814941,0.000247955322265,4.426194190979003,0.023283949121832,0.00390625,1.4305114746093752e-05,0.000964164733886,0.000964164733886,0.507523148148148,0.5076388888888881,0.00011574074074
930627620814,9306276208,14,0,32981222790,1.0,"""[0.000115394592285",0.00017356872558500002,0.000185966491699,0.000196456909179,0.000205993652343,0.000216484069824,0.00023555755615200003,0.000260353088378,0.000308990478515,0.00036239624023400003," 0.0007781982421870001]""",0.0007781982421870001,0.00024127960205000003,4.277465343475341,0.019959608092904,0.00390625,1.1444091796875002e-05,0.0009679794311520001,0.0009670257568350001,0.501967592592592,0.502083333333333,0.00011574074074
930627620814,9306276208,14,0,32981222790,1.0,"""[0.000112533569335",0.00013732910156200002,0.00016212463378900002,0.00018119812011700001,0.00019264221191400002,0.00020408630371000002,0.000216484069824,0.000247001647949,0.00031280517578100004,0.000358581542968," 0.000622749328613]""",0.0006179809570310001,0.00022792816162100002,2.156453371047973,0.009408478625118,0.00390625,1.1444091796875002e-05,0.0009651184082030001,0.000964164733886,0.500347222222222,0.500462962962963,0.00011574074074
930627620814,9306276208,14,0,32981222790,0.996666669845581,"""[0.000129699707031",0.000179290771484,0.000190734863281,0.00020217895507800002,0.00021266937255800001,0.00022792816162100002,0.000247001647949,0.00027370452880800004,0.00034618377685500005,0.000391006469726," 0.000497817993164]""",0.0012435913085930002,0.000258445739746,3.819397926330566,0.016000811010599,0.00390625,1.1444091796875002e-05,0.0009651184082030001,0.000964164733886,0.5031249999999999,0.50324074074074,0.00011574074074
930627620814,9306276208,14,0,32981222790,1.0,"""[0.000109672546386",0.00014781951904200002,0.000175476074218,0.00018882751464800002,0.000201225280761,0.00021362304687500003,0.00023746490478500002,0.000277519226074,0.000329971313476,0.000382423400878," 0.0007839202880850001]""",0.0007858276367180001,0.000247001647949,3.479220390319824,0.01620758883655,0.00390625,1.1444091796875002e-05,0.0009660720825190001,0.0009651184082030001,0.50162037037037,0.501736111111111,0.00011574074074
930627620814,9306276208,14,0,32981222790,0.9933333396911621,"""[0.000112533569335",0.000149726867675,0.00016975402832,0.00018215179443300001,0.000191688537597,0.000201225280761,0.00021076202392500003,0.00022315979003900002,0.00027847290039,0.000342369079589," 0.0007524490356440001]""",0.001211166381835,0.00022315979003900002,4.277465343475341,0.019959608092904,0.00390625,1.1444091796875002e-05,0.0009651184082030001,0.000964164733886,0.502199074074074,0.502314814814814,0.00011574074074
930627620814,9306276208,14,0,32981222790,0.996666669845581,"""[0.000113487243652",0.00014305114746000002,0.000175476074218,0.000185966491699,0.000195503234863,0.000205039978027,0.00021553039550700003,0.000247001647949,0.000296592712402,0.00036334991455000003," 0.000639915466308]""",0.0012435913085930002,0.00023460388183500002,3.660639524459838,0.015152055770158001,0.00390625,1.1444091796875002e-05,0.000964164733886,0.00096321105957,0.504513888888888,0.504629629629629,0.00011574074074
930627620814,9306276208,14,0,32981222790,1.0,"""[0.000129699707031",0.00018787384033200002,0.00020408630371000002,0.00022029876708900002,0.00023555755615200003,0.000250816345214,0.000268936157226,0.00033378601074200004,0.00039577484130800004,0.00043582916259700004," 0.000713348388671]""",0.000714302062988,0.000289916992187,3.858861207962036,0.018977696076035,0.00390625,1.1444091796875002e-05,0.0009651184082030001,0.000964164733886,0.502662037037037,0.502777777777777,0.00011574074074
930627620814,9306276208,14,0,32981222790,1.0,"""[0.000113487243652",0.000126838684082,0.00013828277587800002,0.00014781951904200002,0.00015735626220700002,0.00016689300537100002,0.00017738342285100002,0.00019264221191400002,0.00020885467529200002,0.00024127960205000003," 0.000574111938476]""",0.000577926635742,0.00018119812011700001,4.324049472808837,0.019793145358562,0.00390625,1.1444091796875002e-05,0.000964164733886,0.00096321105957,0.500810185185185,0.500925925925925,0.00011574074074
930627620814,9306276208,14,0,32981222790,1.0,"""[0.000144958496093",0.00018405914306600003,0.00019454956054600002,0.000205039978027,0.00021553039550700003,0.000231742858886,0.00025272369384700004,0.000290870666503,0.00033283233642500003,0.00037574768066400005," 0.0008459091186520001]""",0.000810623168945,0.00026321411132800005,4.234736919403076,0.018768243491649003,0.00390625,1.2397766113281252e-05,0.0009679794311520001,0.0009660720825190001,0.5067129629629631,0.506828703703703,0.00011574074074
930627620814,9306276208,14,0,32981222790,1.0,"""[0.000115394592285",0.000124931335449,0.00013637542724600002,0.000148773193359,0.000161170959472,0.00017356872558500002,0.000190734863281,0.00020885467529200002,0.000258445739746,0.00035285949707000003," 0.00051212310791]""",0.000513076782226,0.000201225280761,4.326300144195556,0.020371640101075002,0.00390625,1.1444091796875002e-05,0.0009660720825190001,0.000964164733886,0.5053240740740741,0.505439814814814,0.00011574074074
930627620814,9306276208,14,0,32981222790,1.0,"""[0.000116348266601",0.00014209747314400002,0.000170707702636,0.000186920166015,0.00019931793212800002,0.00021171569824200001,0.00023460388183500002,0.000281333923339,0.00033473968505800004,0.00037479400634700004," 0.000676155090332]""",0.0006742477416990001,0.00023841857910100002,3.622498989105224,0.017103340476751,0.00390625,1.1444091796875002e-05,0.0009651184082030001,0.000964164733886,0.5055555555555551,0.505671296296296,0.00011574074074
930627620814,9306276208,14,0,32981222790,1.0,"""[0.000123977661132",0.00014591217041000002,0.00017738342285100002,0.000190734863281,0.000205039978027,0.00021839141845700002,0.00024127960205000003,0.000268936157226,0.000335693359375,0.00038433074951100003," 0.000639915466308]""",0.000665664672851,0.000250816345214,3.504382848739624,0.016554832458496,0.00390625,1.1444091796875002e-05,0.0009679794311520001,0.0009660720825190001,0.505671296296296,0.5057870370370371,0.00011574074074
930627620814,9306276208,14,0,32981222790,1.0,"""[0.000139236450195",0.00017261505126900002,0.000186920166015,0.00019931793212800002,0.00021076202392500003,0.00022792816162100002,0.000258445739746,0.000310897827148,0.000342369079589,0.00038528442382800005," 0.000609397888183]""",0.000609397888183,0.000260353088378,4.426194190979003,0.023283949121832,0.00390625,1.4305114746093752e-05,0.0009651184082030001,0.000964164733886,0.5076388888888881,0.507754629629629,0.00011574074074
930627620814,9306276208,14,0,32981222790,1.0,"""[0.000116348266601",0.000160217285156,0.00018310546875,0.00019359588623000002,0.00020408630371000002,0.00021457672119100003,0.00023365020751900002,0.00026321411132800005,0.00029182434082000003,0.00032520294189400005," 0.0008678436279290001]""",0.0008668899536130001,0.00023269653320300002,4.395570755004882,0.023128408938646,0.00390625,1.4305114746093752e-05,0.0009651184082030001,0.00096321105957,0.5078703703703701,0.507986111111111,0.00011574074074
930627620814,9306276208,14,0,32981222790,1.0,"""[0.00010585784912100001",0.000113487243652,0.0001220703125,0.000129699707031,0.00014305114746000002,0.00015926361083900002,0.000175476074218,0.000195503234863,0.00021553039550700003,0.00031566619873000005," 0.0008850097656250001]""",0.000890731811523,0.00018405914306600003,3.91291069984436,0.019104478880763002,0.00390625,1.1444091796875002e-05,0.0009660720825190001,0.000964164733886,0.502314814814814,0.502430555555555,0.00011574074074
930627620814,9306276208,14,0,32981222790,0.996666669845581,"""[0.000110626220703",0.00013732910156200002,0.000161170959472,0.0001802444458,0.000190734863281,0.00020217895507800002,0.00021266937255800001,0.00023651123046800003,0.000308036804199,0.00037479400634700004," 0.000706672668457]""",0.0016117095947260002,0.00022888183593700002,2.749059438705444,0.012247575446963001,0.00390625,1.1444091796875002e-05,0.0009660720825190001,0.0009651184082030001,0.500462962962963,0.500578703703703,0.00011574074074
930627620814,9306276208,14,0,32981222790,1.0,"""[0.000112533569335",0.00012111663818300001,0.000130653381347,0.000149726867675,0.00017261505126900002,0.00018882751464800002,0.00020408630371000002,0.00021934509277300002,0.00026226043701100003,0.00036811828613200005," 0.0005149841308590001]""",0.001131057739257,0.00020980834960900003,3.858861207962036,0.018977696076035,0.00390625,1.1444091796875002e-05,0.000964164733886,0.000964164733886,0.502430555555555,0.502546296296296,0.00011574074074
930627620814,9306276208,14,0,32981222790,1.0,"""[0.000125885009765",0.00016784667968700002,0.00018215179443300001,0.00018978118896400002,0.00019836425781200002,0.000205993652343,0.00021362304687500003,0.000226020812988,0.00025272369384700004,0.000330924987792," 0.000651359558105]""",0.001155853271484,0.000226020812988,3.858861207962036,0.018977696076035,0.00390625,1.1444091796875002e-05,0.000964164733886,0.00096321105957,0.502546296296296,0.502662037037037,0.00011574074074
930627620814,9306276208,14,0,32981222790,1.0,"""[0.000135421752929",0.000179290771484,0.000190734863281,0.00020313262939400002,0.00021457672119100003,0.00023269653320300002,0.00025463104248,0.000297546386718,0.00034332275390600004,0.000379562377929," 0.000908851623535]""",0.000914573669433,0.000258445739746,4.234736919403076,0.018768243491649003,0.00390625,1.1444091796875002e-05,0.0009670257568350001,0.0009651184082030001,0.506597222222222,0.5067129629629631,0.00011574074074
930627620814,9306276208,14,0,32981222790,1.0,"""[0.000107765197753",0.00014114379882800002,0.000160217285156,0.00017738342285100002,0.00018882751464800002,0.00019931793212800002,0.00020980834960900003,0.00022029876708900002,0.00026512145996000004,0.000348091125488," 0.000773429870605]""",0.0007705688476560001,0.000221252441406,4.225168704986572,0.018680442124605002,0.00390625,1.1444091796875002e-05,0.0009651184082030001,0.000964164733886,0.501273148148148,0.501388888888888,0.00011574074074
930627620814,9306276208,14,0,32981222790,1.0,"""[0.000148773193359",0.000161170959472,0.00017356872558500002,0.00018310546875,0.000191688537597,0.000200271606445,0.00020885467529200002,0.00021743774414,0.000257492065429,0.000341415405273," 0.0006179809570310001]""",0.0007858276367180001,0.000221252441406,4.15655517578125,0.019512904807925002,0.00390625,1.1444091796875002e-05,0.000964164733886,0.000964164733886,0.503819444444444,0.503935185185185,0.00011574074074
930627620814,9306276208,14,0,32981222790,1.0,"""[0.000113487243652",0.00014209747314400002,0.0001802444458,0.00019264221191400002,0.000205039978027,0.00021743774414,0.000246047973632,0.000288009643554,0.00032424926757800005,0.000350952148437," 0.0008239746093750001]""",0.0008258819580070001,0.00024318695068300001,3.642332553863525,0.019302625209093,0.00390625,1.4305114746093752e-05,0.000964164733886,0.00096321105957,0.5081018518518511,0.508217592592592,0.00011574074074
930627620814,9306276208,14,0,32981222790,1.0,"""[0.000107765197753",0.000113487243652,0.00011920928955000001,0.000124931335449,0.000130653381347,0.000144958496093,0.000161170959472,0.0001802444458,0.00021839141845700002,0.00031280517578100004," 0.000781059265136]""",0.0007781982421870001,0.00017642974853500002,4.066128253936767,0.018532996997237,0.00390625,1.1444091796875002e-05,0.0009651184082030001,0.0009651184082030001,0.5062500000000001,0.50636574074074,0.00011574074074
930627620814,9306276208,14,0,32981222790,1.0,"""[0.00013256072998000002",0.00017833709716700002,0.000186920166015,0.00019454956054600002,0.00020217895507800002,0.00021076202392500003,0.00021839141845700002,0.00024318695068300001,0.000284194946289,0.00037384033203100004," 0.0007648468017570001]""",0.000761985778808,0.00023746490478500002,4.066128253936767,0.018532996997237,0.00390625,1.1444091796875002e-05,0.0009670257568350001,0.0009651184082030001,0.50636574074074,0.5064814814814811,0.00011574074074
930627620814,9306276208,14,0,32981222790,1.0,"""[0.00011730194091700002",0.0001802444458,0.000190734863281,0.000201225280761,0.00021171569824200001,0.00022411346435500002,0.000249862670898,0.00029373168945300005,0.000350952148437,0.00037765502929600005," 0.0005226135253900001]""",0.0006742477416990001,0.00025463104248,3.819397926330566,0.016000811010599,0.00390625,1.1444091796875002e-05,0.0009651184082030001,0.000964164733886,0.502893518518518,0.503009259259259,0.00011574074074
930627620814,9306276208,14,0,32981222790,1.0,"""[0.000111579895019",0.000126838684082,0.000149726867675,0.00017642974853500002,0.00018978118896400002,0.00020217895507800002,0.00021553039550700003,0.000256538391113,0.00031471252441400005,0.000361442565917," 0.0005836486816400001]""",0.000890731811523,0.00022506713867100002,4.294763088226318,0.020616998896002003,0.00390625,1.1444091796875002e-05,0.0009651184082030001,0.000964164733886,0.504976851851851,0.5050925925925921,0.00011574074074
930627620814,9306276208,14,0,32981222790,1.0,"""[0.00012016296386700001",0.000149726867675,0.000170707702636,0.00018405914306600003,0.00019454956054600002,0.000205039978027,0.00021553039550700003,0.00024032592773400003,0.000318527221679,0.000378608703613," 0.0006065368652340001]""",0.000609397888183,0.00023365020751900002,4.4820942878723145,0.020922807976603,0.00390625,1.52587890625e-05,0.00096321105957,0.0009622573852530001,0.509143518518518,0.5092592592592591,0.00011574074074
