UniqJobId,collection_id,instance_index,priority,machine_id,sample_rate,cpu_usage_distribution1,cpu_usage_distribution2,cpu_usage_distribution3,cpu_usage_distribution4,cpu_usage_distribution5,cpu_usage_distribution6,cpu_usage_distribution7,cpu_usage_distribution8,cpu_usage_distribution9,cpu_usage_distribution10,cpu_usage_distribution11,max_cpu,avg_cpu,cycles_per_instruction,memory_accesses_per_instruction,assigned_memory,page_cache_memory,max_memory,avg_memory,start_time,end_time,time_window
937106884939,93710688493,9,0,2958492681,1.0,"""[7.2479248046875e-05",8.106231689453125e-05,8.964538574218751e-05,9.536743164062501e-05,0.00010204315185500001,0.00010871887207,0.000114440917968,0.00012111663818300001,0.000126838684082,0.00015163421630800001," 0.00046730041503900005]""",0.000513076782226,0.000109672546386,3.42950701713562,0.013520603999495001,0.04217529296875,0.000823020935058,0.013336181640625002,0.013168334960937,0.5062500000000001,0.50636574074074,0.00011574074074
937106884939,93710688493,9,0,2958492681,1.0,"""[7.152557373046875e-05",7.43865966796875e-05,7.82012939453125e-05,8.20159912109375e-05,8.487701416015626e-05,8.964538574218751e-05,0.00010013580322200001,0.000110626220703,0.00012111663818300001,0.00013160705566400002," 0.00045108795166]""",0.000513076782226,9.727478027343751e-05,3.722180843353271,0.015940120443701,0.04217529296875,0.000823020935058,0.011611938476562,0.011611938476562,0.508217592592592,0.5083333333333331,0.00011574074074
937106884939,93710688493,9,0,2958492681,1.0,"""[8.392333984375001e-05",8.964538574218751e-05,9.536743164062501e-05,0.00010108947753900001,0.000106811523437,0.000112533569335,0.00011825561523400002,0.000123977661132,0.000129699707031,0.000164985656738," 0.00048065185546800006]""",0.000513076782226,0.00011825561523400002,3.794949769973754,0.017156802117824003,0.04217529296875,0.000823020935058,0.012649536132812,0.012481689453125002,0.5064814814814811,0.506597222222222,0.00011574074074
937106884939,93710688493,9,0,2958492681,1.0,"""[6.961822509765625e-05",7.43865966796875e-05,7.915496826171875e-05,8.392333984375001e-05,8.964538574218751e-05,9.727478027343751e-05,0.00010585784912100001,0.000114440917968,0.000123023986816,0.000130653381347," 0.00051212310791]""",0.000513076782226,0.00010108947753900001,3.407082080841064,0.012936882674694,0.04217529296875,0.000823020935058,0.011520385742187,0.011520385742187,0.5048611111111111,0.504976851851851,0.00011574074074
937106884939,93710688493,9,0,2958492681,1.0,"""[7.82012939453125e-05",9.346008300781251e-05,0.00010013580322200001,0.00010585784912100001,0.000112533569335,0.00011920928955000001,0.000124931335449,0.00013160705566400002,0.000155448913574,0.00019359588623000002," 0.0004920959472650001]""",0.000513076782226,0.00013160705566400002,4.97958517074585,0.02464042790234,0.04217529296875,0.000823020935058,0.011611938476562,0.0115966796875,0.5087962962962961,0.508912037037037,0.00011574074074
937106884939,93710688493,9,0,2958492681,1.0,"""[6.580352783203125e-05",7.152557373046875e-05,7.62939453125e-05,8.106231689453125e-05,8.678436279296876e-05,9.441375732421876e-05,0.00010395050048800001,0.000112533569335,0.00012111663818300001,0.000130653381347," 0.00038337707519500003]""",0.000513076782226,9.918212890625001e-05,2.864332437515258,0.011820249259471002,0.04217529296875,0.000823020935058,0.01153564453125,0.011520385742187,0.501273148148148,0.501388888888888,0.00011574074074
937106884939,93710688493,9,0,2958492681,1.0,"""[6.29425048828125e-05",6.866455078125e-05,7.43865966796875e-05,7.915496826171875e-05,8.487701416015626e-05,9.155273437500001e-05,0.00010204315185500001,0.000111579895019,0.0001220703125,0.00013160705566400002," 0.0005111694335930001]""",0.000513076782226,0.00010108947753900001,1.976217865943908,0.007867674343287001,0.04217529296875,0.000823020935058,0.01153564453125,0.01153564453125,0.50324074074074,0.503356481481481,0.00011574074074
937106884939,93710688493,9,0,2958492681,1.0,"""[6.67572021484375e-05",7.152557373046875e-05,7.62939453125e-05,8.106231689453125e-05,8.487701416015626e-05,9.155273437500001e-05,0.00010108947753900001,0.000111579895019,0.00012111663818300001,0.000130653381347," 0.000431060791015]""",0.000513076782226,0.00010108947753900001,1.731753230094909,0.006809157319366,0.04217529296875,0.000823020935058,0.01153564453125,0.01153564453125,0.503356481481481,0.503472222222222,0.00011574074074
937106884939,93710688493,9,0,2958492681,1.0,"""[6.29425048828125e-05",6.771087646484375e-05,7.2479248046875e-05,7.724761962890625e-05,8.20159912109375e-05,8.678436279296876e-05,9.536743164062501e-05,0.000107765197753,0.00012016296386700001,0.00013160705566400002," 0.00026130676269500003]""",0.000513076782226,9.918212890625001e-05,4.025720119476318,0.019289556890726003,0.04217529296875,0.000823020935058,0.011611938476562,0.011611938476562,0.507433641975308,0.507523148148148,8.950617283950616e-05
937106884939,93710688493,9,0,2958492681,1.0,"""[7.82012939453125e-05",8.487701416015626e-05,9.155273437500001e-05,9.727478027343751e-05,0.00010299682617100001,0.00010871887207,0.000114440917968,0.00012111663818300001,0.000126838684082,0.00013637542724600002," 0.00041389465332000003]""",0.000513076782226,0.000107765197753,3.516366481781005,0.014237413182854002,0.04217529296875,0.000823020935058,0.01153564453125,0.01153564453125,0.503935185185185,0.504050925925925,0.00011574074074
937106884939,93710688493,9,0,2958492681,1.0,"""[6.67572021484375e-05",7.05718994140625e-05,7.43865966796875e-05,7.915496826171875e-05,8.296966552734376e-05,8.773803710937501e-05,9.727478027343751e-05,0.00010871887207,0.00011920928955000001,0.000130653381347," 0.00036239624023400003]""",0.000513076782226,9.632110595703126e-05,3.269217491149902,0.013353181071579002,0.04217529296875,0.000823020935058,0.01153564453125,0.01153564453125,0.501041666666666,0.501157407407407,0.00011574074074
937106884939,93710688493,9,0,2958492681,1.0,"""[6.29425048828125e-05",6.961822509765625e-05,7.534027099609375e-05,8.20159912109375e-05,8.869171142578126e-05,9.822845458984376e-05,0.000107765197753,0.000116348266601,0.000125885009765,0.000153541564941," 0.00035572052001900005]""",0.000513076782226,0.00010299682617100001,3.023146390914917,0.012400808744132002,0.04217529296875,0.000823020935058,0.01153564453125,0.01153564453125,0.5031249999999999,0.50319598765432,7.098765432098765e-05
937106884939,93710688493,9,0,2958492681,1.0,"""[7.343292236328125e-05",7.724761962890625e-05,8.106231689453125e-05,8.487701416015626e-05,9.059906005859376e-05,9.822845458984376e-05,0.000106811523437,0.000115394592285,0.000123977661132,0.00013256072998000002," 0.000473022460937]""",0.000513076782226,0.00010395050048800001,3.380346059799194,0.012929962947964,0.04217529296875,0.000823020935058,0.011520385742187,0.011520385742187,0.5050925925925921,0.505208333333333,0.00011574074074
937106884939,93710688493,9,0,2958492681,1.0,"""[8.296966552734376e-05",9.250640869140626e-05,9.822845458984376e-05,0.00010395050048800001,0.000109672546386,0.000115394592285,0.00012111663818300001,0.000126838684082,0.000135421752929,0.00016689300537100002," 0.000513076782226]""",0.000513076782226,0.000123023986816,4.145873069763183,0.019028913229703,0.04217529296875,0.000823020935058,0.011611938476562,0.011611938476562,0.507060185185185,0.5071759259259261,0.00011574074074
937106884939,93710688493,9,0,2958492681,1.0,"""[0.00014686584472600002",0.00018787384033200002,0.000200271606445,0.00021266937255800001,0.00022506713867100002,0.00023651123046800003,0.000247001647949,0.000258445739746,0.00027847290039,0.000308036804199," 0.0005569458007810001]""",0.00054931640625,0.000253677368164,5.134910106658935,0.024382077157497004,0.04217529296875,0.000823020935058,0.014877319335937,0.01470947265625,0.509143518518518,0.5092592592592591,0.00011574074074
937106884939,93710688493,9,0,2958492681,1.0,"""[7.62939453125e-05",9.059906005859376e-05,9.632110595703126e-05,0.00010204315185500001,0.000107765197753,0.000113487243652,0.00011920928955000001,0.000124931335449,0.000130653381347,0.00016689300537100002," 0.00047874450683500004]""",0.000513076782226,0.00012111663818300001,3.460691452026367,0.012836479581892001,0.04217529296875,0.000823020935058,0.014373779296875002,0.014190673828125002,0.505902777777777,0.5060185185185181,0.00011574074074
937106884939,93710688493,9,0,2958492681,1.0,"""[6.4849853515625e-05",7.62939453125e-05,8.773803710937501e-05,0.00015163421630800001,0.00022983551025300002,0.000542640686035,0.002399444580078,0.006736755371093001,0.010604858398437,0.02008056640625," 0.024200439453125003]""",0.0472412109375,0.0050048828125,3.200173616409301,0.014233050867915,0.04217529296875,0.000823020935058,0.013717651367187,0.012481689453125002,0.502083333333333,0.502199074074074,0.00011574074074
937106884939,93710688493,9,0,2958492681,1.0,"""[7.343292236328125e-05",8.296966552734376e-05,9.059906005859376e-05,9.727478027343751e-05,0.00010299682617100001,0.00010871887207,0.000114440917968,0.00012111663818300001,0.000126838684082,0.000144004821777," 0.000501632690429]""",0.000513076782226,0.000109672546386,3.415480136871337,0.013830631040036002,0.04217529296875,0.000823020935058,0.012985229492187,0.0128173828125,0.50636574074074,0.5064814814814811,0.00011574074074
937106884939,93710688493,9,0,2958492681,1.0,"""[7.82012939453125e-05",8.392333984375001e-05,8.964538574218751e-05,9.536743164062501e-05,0.00010204315185500001,0.00010871887207,0.000114440917968,0.00012111663818300001,0.000127792358398,0.00015640258789," 0.000537872314453]""",0.000513076782226,0.000111579895019,3.512535333633422,0.013976486399769,0.04217529296875,0.000823020935058,0.011520385742187,0.011520385742187,0.504513888888888,0.504608024691358,9.413580246913581e-05
937106884939,93710688493,9,0,2958492681,1.0,"""[7.152557373046875e-05",7.534027099609375e-05,8.0108642578125e-05,8.392333984375001e-05,8.773803710937501e-05,9.632110595703126e-05,0.00010490417480400001,0.000113487243652,0.0001220703125,0.000130653381347," 0.000490188598632]""",0.000513076782226,0.00010299682617100001,4.014510154724121,0.017155032604932,0.04217529296875,0.000822067260742,0.011550903320312,0.01153564453125,0.500694444444444,0.500810185185185,0.00011574074074
937106884939,93710688493,9,0,2958492681,1.0,"""[7.152557373046875e-05",7.724761962890625e-05,8.392333984375001e-05,8.964538574218751e-05,9.632110595703126e-05,0.00010395050048800001,0.000110626220703,0.00011730194091700002,0.000123977661132,0.00013160705566400002," 0.00040817260742100005]""",0.000513076782226,0.00010299682617100001,4.014510154724121,0.017155032604932,0.04217529296875,0.000822067260742,0.01153564453125,0.01153564453125,0.500810185185185,0.500925925925925,0.00011574074074
937106884939,93710688493,9,0,2958492681,1.0,"""[7.534027099609375e-05",8.20159912109375e-05,8.773803710937501e-05,9.441375732421876e-05,0.00010108947753900001,0.000107765197753,0.000114440917968,0.00012016296386700001,0.000126838684082,0.00015163421630800001," 0.000531196594238]""",0.000513076782226,0.000111579895019,4.208393573760986,0.018607351928949002,0.04217529296875,0.000823020935058,0.011627197265625002,0.011611938476562,0.506828703703703,0.5069444444444441,0.00011574074074
937106884939,93710688493,9,0,2958492681,1.0,"""[7.152557373046875e-05",8.678436279296876e-05,9.346008300781251e-05,9.918212890625001e-05,0.00010585784912100001,0.000111579895019,0.00011730194091700002,0.000123023986816,0.000129699707031,0.00016307830810500002," 0.0005273818969720001]""",0.000513076782226,0.000114440917968,4.072020053863525,0.019526896998286,0.04217529296875,0.000823020935058,0.011611938476562,0.011611938476562,0.5071759259259261,0.507291666666666,0.00011574074074
937106884939,93710688493,9,0,2958492681,1.0,"""[6.4849853515625e-05",6.866455078125e-05,7.2479248046875e-05,7.62939453125e-05,8.0108642578125e-05,8.487701416015626e-05,8.964538574218751e-05,0.00010299682617100001,0.000116348266601,0.000129699707031," 0.0005569458007810001]""",0.000513076782226,9.632110595703126e-05,2.545275211334228,0.010423997417092,0.04217529296875,0.000823020935058,0.01153564453125,0.011520385742187,0.501388888888888,0.501504629629629,0.00011574074074
937106884939,93710688493,9,0,2958492681,1.0,"""[6.961822509765625e-05",7.534027099609375e-05,8.0108642578125e-05,8.583068847656251e-05,9.250640869140626e-05,0.00010013580322200001,0.000107765197753,0.000116348266601,0.000123977661132,0.000135421752929," 0.00042915344238200005]""",0.000513076782226,0.00010299682617100001,1.731753230094909,0.006809157319366,0.04217529296875,0.000823020935058,0.01153564453125,0.01153564453125,0.503472222222222,0.503587962962962,0.00011574074074
937106884939,93710688493,9,0,2958492681,1.0,"""[7.152557373046875e-05",7.534027099609375e-05,7.915496826171875e-05,8.296966552734376e-05,8.678436279296876e-05,9.536743164062501e-05,0.00010490417480400001,0.000113487243652,0.000123023986816,0.00013256072998000002," 0.000388145446777]""",0.000513076782226,0.00010108947753900001,3.962292432785034,0.018964415416121,0.04217529296875,0.000823020935058,0.011611938476562,0.011611938476562,0.507523148148148,0.5076388888888881,0.00011574074074
937106884939,93710688493,9,0,2958492681,1.0,"""[6.866455078125e-05",7.2479248046875e-05,7.534027099609375e-05,7.915496826171875e-05,8.296966552734376e-05,8.583068847656251e-05,9.346008300781251e-05,0.000106811523437,0.00011920928955000001,0.00013160705566400002," 0.00040054321289]""",0.000513076782226,9.918212890625001e-05,4.017035484313964,0.018688719719648,0.04217529296875,0.000823020935058,0.011611938476562,0.011611938476562,0.5076388888888881,0.507754629629629,0.00011574074074
937106884939,93710688493,9,0,2958492681,1.0,"""[6.389617919921875e-05",6.67572021484375e-05,7.05718994140625e-05,7.343292236328125e-05,7.724761962890625e-05,8.106231689453125e-05,8.392333984375001e-05,8.773803710937501e-05,0.00010204315185500001,0.00011825561523400002," 0.000149726867675]""",0.000513076782226,8.869171142578126e-05,3.023146390914917,0.012400808744132002,0.04217529296875,0.000823020935058,0.01153564453125,0.01153564453125,0.50319598765432,0.50324074074074,4.475308641975308e-05
937106884939,93710688493,9,0,2958492681,1.0,"""[6.4849853515625e-05",6.866455078125e-05,7.152557373046875e-05,7.43865966796875e-05,7.724761962890625e-05,8.106231689453125e-05,8.392333984375001e-05,8.678436279296876e-05,0.00010299682617100001,0.000124931335449," 0.00040721893310500005]""",0.000513076782226,8.869171142578126e-05,3.016962766647338,0.011735337786376001,0.04217529296875,0.000823020935058,0.011520385742187,0.011520385742187,0.501967592592592,0.502083333333333,0.00011574074074
937106884939,93710688493,9,0,2958492681,1.0,"""[0.0001802444458",0.00018978118896400002,0.00019836425781200002,0.00020790100097600002,0.00021743774414,0.000226974487304,0.00023746490478500002,0.000247001647949,0.000257492065429,0.00028228759765600004," 0.000622749328613]""",0.000528335571289,0.00023651123046800003,3.200173616409301,0.014233050867915,0.04217529296875,0.000823020935058,0.013626098632812,0.013473510742187,0.502199074074074,0.502314814814814,0.00011574074074
937106884939,93710688493,9,0,2958492681,1.0,"""[7.915496826171875e-05",8.773803710937501e-05,9.441375732421876e-05,0.00010013580322200001,0.00010585784912100001,0.000112533569335,0.00011825561523400002,0.000123977661132,0.000130653381347,0.00016212463378900002," 0.00046730041503900005]""",0.000513076782226,0.000116348266601,3.467527627944946,0.012680223211646,0.04217529296875,0.000823020935058,0.013671875,0.013504028320312,0.506134259259259,0.5062500000000001,0.00011574074074
937106884939,93710688493,9,0,2958492681,1.0,"""[7.05718994140625e-05",7.62939453125e-05,8.20159912109375e-05,8.773803710937501e-05,9.536743164062501e-05,0.00010299682617100001,0.000109672546386,0.00011730194091700002,0.000124931335449,0.00013160705566400002," 0.000430107116699]""",0.000513076782226,0.00010585784912100001,3.649743556976318,0.016367075964808003,0.04217529296875,0.000823020935058,0.011611938476562,0.0115966796875,0.508449074074074,0.5085648148148141,0.00011574074074
937106884939,93710688493,9,0,2958492681,0.996666669845581,"""[6.961822509765625e-05",7.2479248046875e-05,7.62939453125e-05,8.0108642578125e-05,8.392333984375001e-05,8.678436279296876e-05,9.632110595703126e-05,0.000107765197753,0.00011920928955000001,0.000130653381347," 0.00042438507080000003]""",0.001026153564453,9.727478027343751e-05,3.512535333633422,0.013976486399769,0.04217529296875,0.000823020935058,0.011520385742187,0.011520385742187,0.504629629629629,0.50474537037037,0.00011574074074
937106884939,93710688493,9,0,2958492681,1.0,"""[6.67572021484375e-05",7.43865966796875e-05,8.106231689453125e-05,8.869171142578126e-05,9.536743164062501e-05,0.00010299682617100001,0.000109672546386,0.00011730194091700002,0.000123977661132,0.00013160705566400002," 0.00062084197998]""",0.000514030456542,0.00010585784912100001,3.48990774154663,0.013753414154052,0.04217529296875,0.000823020935058,0.011520385742187,0.011520385742187,0.50474537037037,0.5048611111111111,0.00011574074074
937106884939,93710688493,9,0,2958492681,1.0,"""[6.4849853515625e-05",7.05718994140625e-05,7.62939453125e-05,8.106231689453125e-05,8.678436279296876e-05,9.536743164062501e-05,0.00010490417480400001,0.000114440917968,0.000124931335449,0.00015068054199200001," 0.000432968139648]""",0.000513076782226,0.00010299682617100001,2.801373720169067,0.010619096457958001,0.04217529296875,0.000823020935058,0.011581420898437,0.01153564453125,0.502893518518518,0.503009259259259,0.00011574074074
937106884939,93710688493,9,0,2958492681,1.0,"""[8.487701416015626e-05",0.000112533569335,0.00015163421630800001,0.00018978118896400002,0.00020790100097600002,0.00022792816162100002,0.000250816345214,0.00027370452880800004,0.00029563903808500004,0.000338554382324," 0.0031280517578120004]""",0.0030822753906250004,0.000245094299316,5.134910106658935,0.024382077157497004,0.04217529296875,0.000823020935058,0.014541625976562,0.014358520507812,0.5092592592592591,0.509375,0.00011574074074
937106884939,93710688493,9,0,2958492681,1.0,"""[6.771087646484375e-05",7.343292236328125e-05,7.915496826171875e-05,8.392333984375001e-05,9.059906005859376e-05,9.822845458984376e-05,0.000106811523437,0.000114440917968,0.000123023986816,0.000130653381347," 0.0005826950073240001]""",0.000513076782226,0.00010395050048800001,2.299148797988891,0.009733843617141,0.04217529296875,0.000823020935058,0.01153564453125,0.01153564453125,0.503587962962962,0.503703703703703,0.00011574074074
937106884939,93710688493,9,0,2958492681,1.0,"""[0.00017738342285100002",0.00018882751464800002,0.000201225280761,0.00021266937255800001,0.00022411346435500002,0.00023365020751900002,0.000244140625,0.000253677368164,0.00026416778564400005,0.000297546386718," 0.0005874633789060001]""",0.001026153564453,0.000247955322265,3.417672157287597,0.013819748535752002,0.04217529296875,0.000823020935058,0.015060424804687,0.014877319335937,0.505671296296296,0.5057870370370371,0.00011574074074
937106884939,93710688493,9,0,2958492681,1.0,"""[7.82012939453125e-05",0.0001802444458,0.00018787384033200002,0.000195503234863,0.00020313262939400002,0.00021171569824200001,0.00021934509277300002,0.00023460388183500002,0.000250816345214,0.000285148620605," 0.0024070739746090003]""",0.002567291259765,0.00023460388183500002,3.417672157287597,0.013819748535752002,0.04217529296875,0.000823020935058,0.014678955078125002,0.014541625976562,0.5057870370370371,0.505902777777777,0.00011574074074
937106884939,93710688493,9,0,2958492681,1.0,"""[7.43865966796875e-05",8.392333984375001e-05,9.155273437500001e-05,9.727478027343751e-05,0.00010299682617100001,0.000109672546386,0.000115394592285,0.00012111663818300001,0.000127792358398,0.00015068054199200001," 0.000473022460937]""",0.000513076782226,0.000111579895019,3.700824737548828,0.015487280674278,0.04217529296875,0.000823020935058,0.01153564453125,0.01153564453125,0.504050925925925,0.504166666666666,0.00011574074074
937106884939,93710688493,9,0,2958492681,1.0,"""[6.67572021484375e-05",7.152557373046875e-05,7.724761962890625e-05,8.20159912109375e-05,8.678436279296876e-05,9.536743164062501e-05,0.00010585784912100001,0.000115394592285,0.000124931335449,0.000148773193359," 0.000548362731933]""",0.000513076782226,0.00010299682617100001,2.899070262908935,0.011115033179521,0.04217529296875,0.000823020935058,0.011917114257812,0.011749267578125002,0.502777777777777,0.502893518518518,0.00011574074074
937106884939,93710688493,9,0,2958492681,1.0,"""[8.296966552734376e-05",9.346008300781251e-05,9.918212890625001e-05,0.00010490417480400001,0.000110626220703,0.000116348266601,0.000123023986816,0.000128746032714,0.00014781951904200002,0.000191688537597," 0.00046634674072200004]""",0.000513076782226,0.000128746032714,4.918093681335449,0.024257868528366002,0.04217529296875,0.000823020935058,0.011611938476562,0.0115966796875,0.508680555555555,0.5087962962962961,0.00011574074074
937106884939,93710688493,9,0,2958492681,1.0,"""[7.152557373046875e-05",7.62939453125e-05,8.20159912109375e-05,8.678436279296876e-05,9.441375732421876e-05,0.00010204315185500001,0.000109672546386,0.00011730194091700002,0.000124931335449,0.00014114379882800002," 0.0005655288696280001]""",0.000513076782226,0.00010395050048800001,2.963908195495605,0.011924895457923001,0.04217529296875,0.000823020935058,0.01153564453125,0.01153564453125,0.503009259259259,0.5031249999999999,0.00011574074074
937106884939,93710688493,9,0,2958492681,1.0,"""[7.915496826171875e-05",8.964538574218751e-05,9.536743164062501e-05,0.00010204315185500001,0.000107765197753,0.000114440917968,0.00012016296386700001,0.000125885009765,0.000134468078613,0.00016784667968700002," 0.000665664672851]""",0.0005216598510740001,0.000116348266601,4.208393573760986,0.018607351928949002,0.04217529296875,0.000823020935058,0.011611938476562,0.011611938476562,0.5069444444444441,0.507060185185185,0.00011574074074
937106884939,93710688493,9,0,2958492681,1.0,"""[6.580352783203125e-05",6.866455078125e-05,7.2479248046875e-05,7.724761962890625e-05,8.106231689453125e-05,8.487701416015626e-05,8.869171142578126e-05,0.00010299682617100001,0.00011730194091700002,0.000130653381347," 0.000369071960449]""",0.000513076782226,9.441375732421876e-05,3.137342453002929,0.012853889726102002,0.04217529296875,0.000823020935058,0.01153564453125,0.01153564453125,0.501157407407407,0.501273148148148,0.00011574074074
937106884939,93710688493,9,0,2958492681,1.0,"""[6.771087646484375e-05",7.152557373046875e-05,7.62939453125e-05,8.106231689453125e-05,8.487701416015626e-05,9.155273437500001e-05,0.00010108947753900001,0.000111579895019,0.00012111663818300001,0.000130653381347," 0.00038337707519500003]""",0.000513076782226,9.918212890625001e-05,1.9902675151824951,0.007995185442268,0.04217529296875,0.000823020935058,0.01153564453125,0.011520385742187,0.501504629629629,0.50162037037037,0.00011574074074
937106884939,93710688493,9,0,2958492681,1.0,"""[6.198883056640625e-05",6.580352783203125e-05,6.961822509765625e-05,7.343292236328125e-05,7.724761962890625e-05,8.106231689453125e-05,8.487701416015626e-05,9.250640869140626e-05,0.000109672546386,0.000126838684082," 0.000359535217285]""",0.000513076782226,9.059906005859376e-05,1.9902675151824951,0.007995185442268,0.04217529296875,0.000823020935058,0.011520385742187,0.011520385742187,0.50162037037037,0.501736111111111,0.00011574074074
937106884939,93710688493,9,0,2958492681,1.0,"""[8.392333984375001e-05",9.250640869140626e-05,9.822845458984376e-05,0.00010395050048800001,0.00010871887207,0.000114440917968,0.00011920928955000001,0.000124931335449,0.000129699707031,0.00015926361083900002," 0.0007467269897460001]""",0.000608444213867,0.000116348266601,3.103160858154296,0.013551901094615001,0.04217529296875,0.000822067260742,0.012802124023437,0.01263427734375,0.500231481481481,0.500347222222222,0.00011574074074
937106884939,93710688493,9,0,2958492681,1.0,"""[6.580352783203125e-05",7.05718994140625e-05,7.43865966796875e-05,7.82012939453125e-05,8.296966552734376e-05,8.678436279296876e-05,9.632110595703126e-05,0.000107765197753,0.00011920928955000001,0.000130653381347," 0.000399589538574]""",0.000513076782226,9.918212890625001e-05,3.989344120025634,0.017442252486944,0.04217529296875,0.000823020935058,0.01153564453125,0.01153564453125,0.504282407407407,0.504398148148148,0.00011574074074
937106884939,93710688493,9,0,2958492681,1.0,"""[6.961822509765625e-05",8.296966552734376e-05,9.250640869140626e-05,0.00010013580322200001,0.000106811523437,0.000114440917968,0.00012111663818300001,0.000128746032714,0.000148773193359,0.000185966491699," 0.0006027221679680001]""",0.000513076782226,0.000123023986816,4.97958517074585,0.02464042790234,0.04217529296875,0.000823020935058,0.011611938476562,0.0115966796875,0.508912037037037,0.5090277777777771,0.00011574074074
937106884939,93710688493,9,0,2958492681,1.0,"""[7.152557373046875e-05",7.43865966796875e-05,7.724761962890625e-05,8.106231689453125e-05,8.392333984375001e-05,8.678436279296876e-05,9.632110595703126e-05,0.000107765197753,0.00011920928955000001,0.000130653381347," 0.000500679016113]""",0.000513076782226,9.727478027343751e-05,4.150625705718994,0.018015943467617,0.04217529296875,0.000823020935058,0.011611938476562,0.011611938476562,0.507754629629629,0.5078703703703701,0.00011574074074
937106884939,93710688493,9,0,2958492681,1.0,"""[6.866455078125e-05",7.534027099609375e-05,8.296966552734376e-05,8.964538574218751e-05,9.727478027343751e-05,0.00010395050048800001,0.000111579895019,0.00011825561523400002,0.000125885009765,0.000140190124511," 0.000591278076171]""",0.001026153564453,0.000107765197753,3.989344120025634,0.017442252486944,0.04217529296875,0.000823020935058,0.01153564453125,0.01153564453125,0.504166666666666,0.504282407407407,0.00011574074074
937106884939,93710688493,9,0,2958492681,1.0,"""[7.343292236328125e-05",7.915496826171875e-05,8.583068847656251e-05,9.250640869140626e-05,9.918212890625001e-05,0.000106811523437,0.000113487243652,0.00012016296386700001,0.000127792358398,0.00014781951904200002," 0.00038433074951100003]""",0.000513076782226,0.000107765197753,3.392900228500366,0.013066225685179001,0.04217529296875,0.000823020935058,0.012603759765625002,0.012435913085937,0.502546296296296,0.502662037037037,0.00011574074074
937106884939,93710688493,9,0,2958492681,1.0,"""[7.915496826171875e-05",8.964538574218751e-05,9.536743164062501e-05,0.00010108947753900001,0.00010585784912100001,0.000111579895019,0.00011730194091700002,0.000123023986816,0.000128746032714,0.000154495239257," 0.000528335571289]""",0.001026153564453,0.000112533569335,4.159311771392822,0.01906512491405,0.04217529296875,0.000823020935058,0.011962890625,0.011795043945312,0.5067129629629631,0.506828703703703,0.00011574074074
937106884939,93710688493,9,0,2958492681,1.0,"""[6.961822509765625e-05",7.43865966796875e-05,7.915496826171875e-05,8.392333984375001e-05,8.869171142578126e-05,9.727478027343751e-05,0.00010585784912100001,0.000114440917968,0.000123023986816,0.000130653381347," 0.000412940979003]""",0.000513076782226,0.00010108947753900001,3.697329521179199,0.015537047758698002,0.04217529296875,0.000822067260742,0.01153564453125,0.01153564453125,0.500925925925925,0.501041666666666,0.00011574074074
937106884939,93710688493,9,0,2958492681,1.0,"""[6.771087646484375e-05",7.05718994140625e-05,7.343292236328125e-05,7.724761962890625e-05,8.0108642578125e-05,8.392333984375001e-05,8.678436279296876e-05,9.727478027343751e-05,0.000110626220703,0.000123023986816," 0.00045776367187500005]""",0.000513076782226,9.059906005859376e-05,4.072020053863525,0.019526896998286,0.04217529296875,0.000823020935058,0.011611938476562,0.011611938476562,0.5074074074074071,0.507433641975308,2.623456790123457e-05
937106884939,93710688493,9,0,2958492681,1.0,"""[7.43865966796875e-05",8.0108642578125e-05,8.583068847656251e-05,9.250640869140626e-05,9.918212890625001e-05,0.00010585784912100001,0.000112533569335,0.00011920928955000001,0.000125885009765,0.000144958496093," 0.000433921813964]""",0.000513076782226,0.000107765197753,3.446993827819824,0.014766266569495002,0.04217529296875,0.000823020935058,0.01153564453125,0.01153564453125,0.503819444444444,0.503935185185185,0.00011574074074
937106884939,93710688493,9,0,2958492681,1.0,"""[8.20159912109375e-05",9.250640869140626e-05,9.822845458984376e-05,0.00010299682617100001,0.00010871887207,0.000114440917968,0.00012016296386700001,0.000125885009765,0.000130653381347,0.000170707702636," 0.000635147094726]""",0.000513076782226,0.000123023986816,3.467527627944946,0.012680223211646,0.04217529296875,0.000823020935058,0.014007568359375002,0.013839721679687,0.506021219135802,0.506134259259259,0.00011304012345600001
937106884939,93710688493,9,0,2958492681,1.0,"""[6.67572021484375e-05",7.05718994140625e-05,7.534027099609375e-05,8.106231689453125e-05,8.583068847656251e-05,9.250640869140626e-05,0.00010108947753900001,0.00010871887207,0.00011730194091700002,0.000124931335449," 0.000161170959472]""",0.000513076782226,9.155273437500001e-05,3.512535333633422,0.013976486399769,0.04217529296875,0.000823020935058,0.011520385742187,0.011520385742187,0.504608024691358,0.504629629629629,2.1604938271604934e-05
937106884939,93710688493,9,0,2958492681,1.0,"""[7.534027099609375e-05",8.773803710937501e-05,9.346008300781251e-05,9.918212890625001e-05,0.00010490417480400001,0.000110626220703,0.000115394592285,0.00012111663818300001,0.000126838684082,0.00013732910156200002," 0.000350952148437]""",0.000513076782226,0.000111579895019,3.386957168579101,0.015562995336949001,0.04217529296875,0.000822067260742,0.012466430664062,0.012283325195312,0.500347222222222,0.500462962962963,0.00011574074074
937106884939,93710688493,9,0,2958492681,1.0,"""[7.43865966796875e-05",9.059906005859376e-05,9.632110595703126e-05,0.00010204315185500001,0.000107765197753,0.000113487243652,0.00011920928955000001,0.000125885009765,0.00013160705566400002,0.000161170959472," 0.00042724609375]""",0.000513076782226,0.00011825561523400002,3.334014654159545,0.010302239097654,0.04217529296875,0.000823020935058,0.012939453125,0.012771606445312,0.502430555555555,0.502546296296296,0.00011574074074
937106884939,93710688493,9,0,2958492681,1.0,"""[7.43865966796875e-05",7.82012939453125e-05,8.20159912109375e-05,8.583068847656251e-05,9.059906005859376e-05,9.918212890625001e-05,0.000106811523437,0.000115394592285,0.000123977661132,0.00013637542724600002," 0.00037574768066400005]""",0.000513076782226,0.00010299682617100001,3.839879035949707,0.016355840489268,0.04217529296875,0.000823020935058,0.01153564453125,0.011520385742187,0.504398148148148,0.504513888888888,0.00011574074074
937106884939,93710688493,9,0,2958492681,1.0,"""[7.152557373046875e-05",8.296966552734376e-05,9.155273437500001e-05,9.727478027343751e-05,0.00010299682617100001,0.00010871887207,0.000114440917968,0.00012016296386700001,0.000125885009765,0.00013160705566400002," 0.00050926208496]""",0.000513076782226,0.000109672546386,3.846297025680542,0.017386885359883,0.04217529296875,0.000822067260742,0.01177978515625,0.011627197265625002,0.500578703703703,0.500694444444444,0.00011574074074
937106884939,93710688493,9,0,2958492681,1.0,"""[8.0108642578125e-05",9.059906005859376e-05,9.632110595703126e-05,0.00010108947753900001,0.000106811523437,0.000112533569335,0.00011825561523400002,0.000123977661132,0.000129699707031,0.00016307830810500002," 0.00039672851562500005]""",0.000513076782226,0.000116348266601,4.088263034820556,0.019727785140275,0.04217529296875,0.000823020935058,0.012313842773437,0.01214599609375,0.506597222222222,0.5067129629629631,0.00011574074074
937106884939,93710688493,9,0,2958492681,1.0,"""[7.534027099609375e-05",8.0108642578125e-05,8.583068847656251e-05,9.155273437500001e-05,9.822845458984376e-05,0.00010490417480400001,0.000111579895019,0.00011825561523400002,0.000124931335449,0.000130653381347," 0.00044822692871000004]""",0.000513076782226,0.00010395050048800001,3.047539710998535,0.01284381467849,0.04217529296875,0.000823020935058,0.011520385742187,0.011520385742187,0.505439814814814,0.5055555555555551,0.00011574074074
937106884939,93710688493,9,0,2958492681,1.0,"""[6.771087646484375e-05",0.000149726867675,0.00017356872558500002,0.00018405914306600003,0.00019264221191400002,0.000201225280761,0.00020980834960900003,0.00021839141845700002,0.00023746490478500002,0.000259399414062," 0.002655029296875]""",0.002567291259765,0.00021934509277300002,3.3328857421875,0.010335396043956,0.04217529296875,0.000823020935058,0.0133056640625,0.01312255859375,0.502314814814814,0.502430555555555,0.00011574074074
937106884939,93710688493,9,0,2958492681,1.0,"""[7.05718994140625e-05",7.62939453125e-05,8.106231689453125e-05,8.678436279296876e-05,9.441375732421876e-05,0.00010204315185500001,0.000109672546386,0.00011825561523400002,0.000125885009765,0.00014591217041000002," 0.00036239624023400003]""",0.000513076782226,0.00010585784912100001,3.406173229217529,0.013689233921468001,0.04217529296875,0.000823020935058,0.012252807617187,0.0120849609375,0.502662037037037,0.502777777777777,0.00011574074074
937106884939,93710688493,9,0,2958492681,1.0,"""[7.534027099609375e-05",8.20159912109375e-05,8.869171142578126e-05,9.536743164062501e-05,0.00010108947753900001,0.000107765197753,0.000113487243652,0.00012016296386700001,0.000126838684082,0.000140190124511," 0.000372886657714]""",0.000513076782226,0.00010585784912100001,3.649743556976318,0.016367075964808003,0.04217529296875,0.000823020935058,0.011611938476562,0.0115966796875,0.5085648148148141,0.508680555555555,0.00011574074074
937106884939,93710688493,9,0,2958492681,1.0,"""[9.632110595703126e-05",0.000221252441406,0.00025463104248,0.00031471252441400005,0.00169563293457,0.003314971923828,0.007659912109375001,0.008255004882812,0.01025390625,0.020477294921875," 0.0262451171875]""",0.02618408203125,0.00634765625,5.119129657745361,0.024408327415585,0.04217529296875,0.000823020935058,0.014968872070312,0.013534545898437,0.5090277777777771,0.509143518518518,0.00011574074074
937106884939,93710688493,9,0,2958492681,1.0,"""[7.152557373046875e-05",7.534027099609375e-05,8.0108642578125e-05,8.392333984375001e-05,8.869171142578126e-05,9.727478027343751e-05,0.00010585784912100001,0.000113487243652,0.0001220703125,0.000130653381347," 0.000372886657714]""",0.000513076782226,0.00010108947753900001,3.047539710998535,0.01284381467849,0.04217529296875,0.000823020935058,0.011520385742187,0.011520385742187,0.505208333333333,0.5053240740740741,0.00011574074074
937106884939,93710688493,9,0,2958492681,1.0,"""[7.152557373046875e-05",7.534027099609375e-05,7.915496826171875e-05,8.296966552734376e-05,8.773803710937501e-05,9.536743164062501e-05,0.00010395050048800001,0.000112533569335,0.00012111663818300001,0.000129699707031," 0.00039005279541]""",0.000513076782226,9.918212890625001e-05,3.377792596817016,0.015293803997337001,0.04217529296875,0.000823020935058,0.01153564453125,0.01153564453125,0.503703703703703,0.503819444444444,0.00011574074074
