UniqJobId,collection_id,instance_index,priority,machine_id,sample_rate,cpu_usage_distribution1,cpu_usage_distribution2,cpu_usage_distribution3,cpu_usage_distribution4,cpu_usage_distribution5,cpu_usage_distribution6,cpu_usage_distribution7,cpu_usage_distribution8,cpu_usage_distribution9,cpu_usage_distribution10,cpu_usage_distribution11,max_cpu,avg_cpu,cycles_per_instruction,memory_accesses_per_instruction,assigned_memory,page_cache_memory,max_memory,avg_memory,start_time,end_time,time_window
949808393932,94980839393,2,0,104792275449,1.0,"""[0.000258445739746",0.000321388244628,0.000370025634765,0.000433921813964,0.000519752502441,0.0006380081176750001,0.0009422302246090001,0.0016803741455070002,0.0022087097167960003,0.007148742675781," 0.011642456054687]""",0.01129150390625,0.001781463623046,4.7496514320373535,0.048292282968759,0.0026054382324210003,0.00010585784912100001,0.0009412765502920001,0.000926971435546,0.501839506172839,0.501851851851851,1.234567901234567e-05
949808393932,94980839393,2,0,104792275449,0.995951414108276,"""[0.00020980834960900003",0.000255584716796,0.000279426574707,0.000298500061035,0.000317573547363,0.000335693359375,0.00035667419433500004,0.00041770935058500004,0.0006008148193350001,0.0008544921875," 0.0037956237792960003]""",0.005035400390625,0.000531196594238,3.7468843460083,0.046245574951171,0.0026054382324210003,0.00010585784912100001,0.0009098052978510001,0.0009078979492180001,0.503955632716049,0.504050925925925,9.529320987654323e-05
949808393932,94980839393,2,0,104792275449,1.0,"""[0.00025463104248",0.00029277801513600003,0.000318527221679,0.00033760070800700005,0.00035667419433500004,0.00037479400634700004,0.00039291381835900003,0.000441551208496,0.0006074905395500001,0.0007591247558590001," 0.001516342163085]""",0.001972198486328,0.000460624694824,3.914570808410644,0.046762701123952005,0.0026054382324210003,0.00010585784912100001,0.000908851623535,0.0009078979492180001,0.504110339506172,0.504166666666666,5.632716049382716e-05
949808393932,94980839393,2,0,104792275449,1.0,"""[0.000231742858886",0.00029563903808500004,0.000319480895996,0.00033760070800700005,0.00035572052001900005,0.000379562377929,0.00040626525878900005,0.000452041625976,0.000611305236816,0.0009431838989250001," 0.004241943359375]""",0.004058837890625,0.0005350112915030001,3.7386598587036133,0.043681025505065,0.0026054382324210003,0.00010585784912100001,0.0009288787841790001,0.0009279251098630001,0.504687885802469,0.50474537037037,5.748456790123458e-05
949808393932,94980839393,2,0,104792275449,1.0,"""[0.00015735626220700002",0.00023937225341700002,0.00026798248291,0.00029373168945300005,0.000327110290527,0.000371932983398,0.00042724609375,0.000592231750488,0.0007400512695310001,0.00108528137207," 0.018157958984375]""",0.018035888671875,0.001150131225585,3.3734130859375,0.041592553257942005,0.0026054382324210003,0.00010585784912100001,0.0009174346923820001,0.000914573669433,0.506674382716049,0.506709104938271,3.472222222222222e-05
949808393932,94980839393,2,0,104792275449,0.974358975887298,"""[0.00022506713867100002",0.00023841857910100002,0.000257492065429,0.000296592712402,0.00035572052001900005,0.00037765502929600005,0.00040054321289,0.00043773651123000005,0.00047588348388600003,0.000775337219238," 0.003589630126953]""",0.003711700439453,0.0006074905395500001,3.755202054977417,0.04678862914443,0.0026054382324210003,0.00010585784912100001,0.000925064086914,0.0009231567382810001,0.501489583333333,0.501504629629629,1.504629629629629e-05
949808393932,94980839393,2,0,104792275449,0.9941520690917961,"""[0.00022792816162100002",0.00027370452880800004,0.00030517578125,0.00032901763916,0.000351905822753,0.000378608703613,0.00040817260742100005,0.00044822692871000004,0.0005044937133780001,0.0008277893066400001," 0.001186370849609]""",0.001216888427734,0.00044536590576100003,3.814554214477539,0.045953597873449006,0.0026054382324210003,0.00010585784912100001,0.0009241104125970001,0.0009231567382810001,0.50502662037037,0.5050925925925921,6.597222222222222e-05
949808393932,94980839393,2,0,104792275449,1.0,"""[0.00018405914306600003",0.00021362304687500003,0.00023841857910100002,0.00026130676269500003,0.000287055969238,0.00031280517578100004,0.00033950805664,0.00038623809814400005,0.00051212310791,0.0007028579711910001," 0.002586364746093]""",0.005821228027343001,0.00041961669921800006,3.542380332946777,0.041814543306827004,0.0026054382324210003,0.00010585784912100001,0.0009279251098630001,0.0009174346923820001,0.500488425925925,0.500551697530864,6.32716049382716e-05
949808393932,94980839393,2,0,104792275449,1.0,"""[0.000195503234863",0.000222206115722,0.00026130676269500003,0.000289916992187,0.000320434570312,0.00035667419433500004,0.000422477722167,0.0005884170532220001,0.0008983612060540001,0.002674102783203," 0.008468627929687]""",0.00872802734375,0.001031875610351,3.92793345451355,0.046803906559944,0.0026054382324210003,0.00010585784912100001,0.0009117126464840001,0.0009098052978510001,0.504294753086419,0.504320987654321,2.623456790123457e-05
949808393932,94980839393,2,0,104792275449,1.0,"""[0.00021266937255800001",0.000275611877441,0.000318527221679,0.000341415405273,0.000378608703613,0.00044727325439400005,0.0005216598510740001,0.0006933212280270001,0.000871658325195,0.0015411376953120002," 0.009033203125]""",0.008560180664062,0.000847816467285,3.580951452255249,0.040767926722764004,0.0026054382324210003,0.00010585784912100001,0.000925064086914,0.0009231567382810001,0.505703703703703,0.5057492283950611,4.552469135802469e-05
949808393932,94980839393,2,0,104792275449,1.0,"""[0.00019359588623000002",0.00021266937255800001,0.00023365020751900002,0.00025272369384700004,0.00027084350585900003,0.000288009643554,0.00030517578125,0.000358581542968,0.00044441223144500003,0.000640869140625," 0.000758171081542]""",0.0013866424560540001,0.00035572052001900005,3.829035997390747,0.0428267121315,0.0026054382324210003,0.00010585784912100001,0.000914573669433,0.000913619995117,0.5062337962962961,0.5062500000000001,1.62037037037037e-05
949808393932,94980839393,2,0,104792275449,0.9897959232330321,"""[0.00018882751464800002",0.00023269653320300002,0.000250816345214,0.000269889831542,0.000288963317871,0.000308036804199,0.00033950805664,0.000369071960449,0.00040531158447200004,0.0005836486816400001," 0.001514434814453]""",0.001565933227539,0.000370025634765,3.269863843917846,0.04195804148912401,0.0026054382324210003,0.00010585784912100001,0.0009078979492180001,0.0009069442749020001,0.503665895061728,0.503703703703703,3.780864197530864e-05
949808393932,94980839393,2,0,104792275449,1.0,"""[0.000201225280761",0.00025177001953100004,0.00027275085449200004,0.00028610229492100005,0.000298500061035,0.00031280517578100004,0.000330924987792,0.000348091125488,0.000391006469726,0.000519752502441," 0.0009670257568350001]""",0.001871109008789,0.00035285949707000003,3.911274671554565,0.046261064708232005,0.0026054382324210003,0.00010585784912100001,0.0009479522705070001,0.0009469985961910001,0.5089537037037031,0.5090277777777771,7.407407407407409e-05
949808393932,94980839393,2,0,104792275449,1.0,"""[0.00033378601074200004",0.00034427642822200004,0.000361442565917,0.000381469726562,0.00040054321289,0.00041866302490200006,0.00043582916259700004,0.0005455017089840001,0.000730514526367,0.000871658325195," 0.0010128021240230001]""",0.00099754333496,0.000514030456542,2.4707577228546143,0.022498901933431,0.0026054382324210003,0.00010585784912100001,0.0009479522705070001,0.0009469985961910001,0.5078703703703701,0.507883487654321,1.3117283950617281e-05
949808393932,94980839393,2,0,104792275449,1.0,"""[0.0001802444458",0.000266075134277,0.00029468536376900005,0.00033378601074200004,0.00036811828613200005,0.00039386749267500003,0.00042533874511700004,0.00053596496582,0.0007629394531250001,0.001033782958984," 0.011856079101562]""",0.019317626953125,0.0008850097656250001,3.593061923980712,0.046365823596715004,0.0026054382324210003,0.00010585784912100001,0.0009393692016600001,0.0009384155273430001,0.502199074074074,0.5022322530864191,3.317901234567901e-05
949808393932,94980839393,2,0,104792275449,1.0,"""[0.000205993652343",0.000246047973632,0.00027179718017500003,0.000288963317871,0.000306129455566,0.00033378601074200004,0.00036334991455000003,0.00039291381835900003,0.00043487548828100004,0.000578880310058," 0.0008754730224600001]""",0.001665115356445,0.00037765502929600005,3.829035997390747,0.0428267121315,0.0026054382324210003,0.00010585784912100001,0.000914573669433,0.000913619995117,0.506134259259259,0.506186342592592,5.208333333333334e-05
949808393932,94980839393,2,0,104792275449,1.0,"""[0.00021743774414",0.000245094299316,0.00027084350585900003,0.00029182434082000003,0.000310897827148,0.00032901763916,0.00034713745117100005,0.00039005279541,0.00045585632324200004,0.000612258911132," 0.004219055175781]""",0.005172729492187,0.00043773651123000005,3.712518692016601,0.045252189040184,0.0026054382324210003,0.00010585784912100001,0.0009412765502920001,0.0009393692016600001,0.5081018518518511,0.508133101851851,3.125e-05
949808393932,94980839393,2,0,104792275449,1.0,"""[0.000191688537597",0.00022315979003900002,0.000244140625,0.000266075134277,0.00029182434082000003,0.00032615661621000004,0.00037670135498000005,0.0005111694335930001,0.000664710998535,0.000775337219238," 0.00131607055664]""",0.0017452239990230001,0.000411033630371,3.542380332946777,0.041814543306827004,0.0026054382324210003,0.00010585784912100001,0.0009126663208000001,0.0009117126464840001,0.500462962962963,0.500488425925925,2.546296296296296e-05
949808393932,94980839393,2,0,104792275449,0.996666669845581,"""[0.00020790100097600002",0.00027275085449200004,0.000296592712402,0.00032234191894500003,0.000349044799804,0.00038433074951100003,0.000442504882812,0.000523567199707,0.000654220581054,0.0008363723754880001," 0.003318786621093]""",0.005805969238281,0.000517845153808,3.311108350753784,0.034992326050996,0.0026054382324210003,0.00010585784912100001,0.0009374618530270001,0.0009355545043940001,0.508449074074074,0.5085648148148141,0.00011574074074
949808393932,94980839393,2,0,104792275449,1.0,"""[0.00020694732666000002",0.00023651123046800003,0.000259399414062,0.000280380249023,0.00030136108398400003,0.00032520294189400005,0.000350952148437,0.00041389465332000003,0.000560760498046,0.0007209777832030001," 0.0012359619140620002]""",0.002399444580078,0.000411033630371,3.3734130859375,0.041592553257942005,0.0026054382324210003,0.00010585784912100001,0.00091552734375,0.000914573669433,0.506597222222222,0.506674382716049,7.716049382716049e-05
949808393932,94980839393,2,0,104792275449,1.0,"""[0.00024318695068300001",0.000275611877441,0.000296592712402,0.00031661987304600005,0.000336647033691,0.000358581542968,0.00038719177246000004,0.000442504882812,0.0005331039428710001,0.000749588012695," 0.004890441894531]""",0.005119323730468001,0.00048446655273400003,3.93056321144104,0.045558508485555003,0.0026054382324210003,0.00010585784912100001,0.000933647155761,0.0009317398071280001,0.5092592592592591,0.509307098765432,4.7839506172839504e-05
949808393932,94980839393,2,0,104792275449,1.0,"""[0.00020313262939400002",0.000259399414062,0.000280380249023,0.000298500061035,0.000320434570312,0.00034523010253900005,0.00038433074951100003,0.0005149841308590001,0.000658988952636,0.000834465026855," 0.0028533935546870004]""",0.003303527832031,0.00048637390136700004,3.814554214477539,0.045953597873449006,0.0026054382324210003,0.00010585784912100001,0.000925064086914,0.0009241104125970001,0.5049915123456791,0.50502662037037,3.5108024691358025e-05
949808393932,94980839393,2,0,104792275449,1.0,"""[0.000222206115722",0.00026512145996000004,0.000280380249023,0.00029563903808500004,0.000311851501464,0.000327110290527,0.000342369079589,0.00036811828613200005,0.00046634674072200004,0.000775337219238," 0.001222610473632]""",0.001455307006835,0.000409126281738,3.269863843917846,0.04195804148912401,0.0026054382324210003,0.00010585784912100001,0.0009078979492180001,0.0009069442749020001,0.503422067901234,0.503472222222222,5.015432098765432e-05
949808393932,94980839393,2,0,104792275449,0.9927536249160761,"""[0.000244140625",0.00029277801513600003,0.000321388244628,0.00034713745117100005,0.000378608703613,0.00042533874511700004,0.000483512878417,0.0006256103515620001,0.0008573532104490001,0.001153945922851," 0.006660461425781]""",0.006980895996093001,0.0006866455078120001,3.965224266052246,0.044296063482761,0.0026054382324210003,0.00010585784912100001,0.000933647155761,0.000932693481445,0.5094907407407401,0.5095439814814811,5.324074074074075e-05
949808393932,94980839393,2,0,104792275449,1.0,"""[0.000185966491699",0.00022315979003900002,0.00024127960205000003,0.000260353088378,0.000287055969238,0.000317573547363,0.000349044799804,0.00040626525878900005,0.000501632690429,0.0007247924804680001," 0.009185791015625]""",0.025421142578125003,0.000665664672851,3.755202054977417,0.04678862914443,0.0026054382324210003,0.00010585784912100001,0.0009279251098630001,0.000920295715332,0.501429012345679,0.501489583333333,6.057098765432098e-05
949808393932,94980839393,2,0,104792275449,0.9866666793823241,"""[0.00017833709716700002",0.000247955322265,0.000277519226074,0.000300407409667,0.00032234191894500003,0.00034427642822200004,0.00038337707519500003,0.00043487548828100004,0.000514030456542,0.0006685256958000001," 0.0018386840820310002]""",0.002811431884765,0.000411987304687,3.292149305343627,0.037084400653839,0.0026054382324210003,0.00010585784912100001,0.000913619995117,0.0009126663208000001,0.5001157407407401,0.500231481481481,0.00011574074074
949808393932,94980839393,2,0,104792275449,1.0,"""[0.000185966491699",0.000200271606445,0.00022411346435500002,0.000247001647949,0.000275611877441,0.000319480895996,0.000370025634765,0.00041580200195300005,0.0005111694335930001,0.000622749328613," 0.0007534027099600001]""",0.001407623291015,0.00038337707519500003,3.92793345451355,0.046803906559944,0.0026054382324210003,0.00010585784912100001,0.0009098052978510001,0.000908851623535,0.504282407407407,0.504294753086419,1.234567901234567e-05
949808393932,94980839393,2,0,104792275449,1.0,"""[0.000175476074218",0.00024318695068300001,0.00027179718017500003,0.00029468536376900005,0.00031661987304600005,0.000336647033691,0.00036239624023400003,0.00041770935058500004,0.0005350112915030001,0.0007028579711910001," 0.013641357421875002]""",0.023651123046875003,0.000585556030273,3.829035997390747,0.0428267121315,0.0026054382324210003,0.00010585784912100001,0.0009174346923820001,0.000913619995117,0.5062500000000001,0.50636574074074,0.00011574074074
949808393932,94980839393,2,0,104792275449,0.9896907210350031,"""[0.000205993652343",0.00023651123046800003,0.000266075134277,0.00028228759765600004,0.000298500061035,0.000318527221679,0.000341415405273,0.00036811828613200005,0.00040054321289,0.0005111694335930001," 0.0007896423339840001]""",0.001251220703125,0.00034713745117100005,3.542380332946777,0.041814543306827004,0.0026054382324210003,0.00010585784912100001,0.0009279251098630001,0.000926971435546,0.500694444444444,0.50073186728395,3.742283950617283e-05
949808393932,94980839393,2,0,104792275449,1.0,"""[0.000260353088378",0.000276565551757,0.000300407409667,0.00032234191894500003,0.00034332275390600004,0.00036430358886700004,0.00038528442382800005,0.000442504882812,0.000519752502441,0.000823020935058," 0.001018524169921]""",0.001626968383789,0.00042438507080000003,3.374600410461425,0.03882548213005,0.0026054382324210003,0.00010585784912100001,0.0009307861328120001,0.0009298324584960001,0.502662037037037,0.5026844135802471,2.237654320987654e-05
949808393932,94980839393,2,0,104792275449,1.0,"""[0.000221252441406",0.000250816345214,0.00030231475830000003,0.000338554382324,0.00036811828613200005,0.00039577484130800004,0.00047588348388600003,0.0006866455078120001,0.000798225402832,0.000889778137207," 0.0011577606201170001]""",0.001766204833984,0.000524520874023,3.814554214477539,0.045953597873449006,0.0026054382324210003,0.00010585784912100001,0.0009241104125970001,0.0009241104125970001,0.504976851851851,0.5049915123456791,1.4660493827160491e-05
949808393932,94980839393,2,0,104792275449,0.990740716457366,"""[0.00022983551025300002",0.00026512145996000004,0.00029468536376900005,0.000318527221679,0.00033760070800700005,0.00036239624023400003,0.00040817260742100005,0.0005149841308590001,0.000604629516601,0.000768661499023," 0.00102424621582]""",0.0031700134277340003,0.00045394897460900003,3.571746349334716,0.039886076003313,0.0026054382324210003,0.00010585784912100001,0.0009479522705070001,0.0009469985961910001,0.508912037037037,0.5089537037037031,4.1666666666666665e-05
949808393932,94980839393,2,0,104792275449,1.0,"""[0.000248908996582",0.000275611877441,0.00029277801513600003,0.000309944152832,0.000328063964843,0.00034523010253900005,0.000370979309082,0.00040817260742100005,0.000501632690429,0.0006856918334960001," 0.0019054412841790001]""",0.00185203552246,0.00041961669921800006,4.352649211883544,0.046392060816287,0.0026054382324210003,0.00010585784912100001,0.00092601776123,0.000925064086914,0.5031249999999999,0.50316049382716,3.549382716049382e-05
949808393932,94980839393,2,0,104792275449,1.0,"""[0.00020980834960900003",0.000245094299316,0.000274658203125,0.000299453735351,0.00032520294189400005,0.00035285949707000003,0.00039577484130800004,0.000520706176757,0.000772476196289,0.001031875610351," 0.012741088867187]""",0.012191772460937,0.0007209777832030001,3.911274671554565,0.046261064708232005,0.0026054382324210003,0.00010585784912100001,0.0009498596191400001,0.0009422302246090001,0.509143518518518,0.5092592592592591,0.00011574074074
949808393932,94980839393,2,0,104792275449,1.0,"""[0.000190734863281",0.00022029876708900002,0.000247001647949,0.00027084350585900003,0.00029373168945300005,0.00031661987304600005,0.000341415405273,0.000379562377929,0.000463485717773,0.0006570816040030001," 0.0015106201171870002]""",0.0037879943847650005,0.00039768218994100005,3.755202054977417,0.04678862914443,0.0026054382324210003,0.00010585784912100001,0.0009193420410150001,0.0009183883666990001,0.501388888888888,0.501429012345679,4.012345679012345e-05
949808393932,94980839393,2,0,104792275449,1.0,"""[0.000221252441406",0.00026512145996000004,0.00028610229492100005,0.000307083129882,0.00033283233642500003,0.000358581542968,0.00038719177246000004,0.000432014465332,0.0005273818969720001,0.000725746154785," 0.00958251953125]""",0.008895874023437,0.0005226135253900001,3.580951452255249,0.040767926722764004,0.0026054382324210003,0.00010585784912100001,0.0009241104125970001,0.000922203063964,0.5055555555555551,0.505671296296296,0.00011574074074
949808393932,94980839393,2,0,104792275449,1.0,"""[0.000216484069824",0.00024318695068300001,0.000268936157226,0.000288009643554,0.000307083129882,0.00032615661621000004,0.00034427642822200004,0.000378608703613,0.000452041625976,0.0005941390991210001," 0.004249572753906]""",0.004356384277343001,0.00042629241943300004,2.4707577228546143,0.022498901933431,0.0026054382324210003,0.00010585784912100001,0.0009469985961910001,0.0009460449218750001,0.507523148148148,0.507629629629629,0.00010648148148100001
949808393932,94980839393,2,0,104792275449,1.0,"""[0.00021266937255800001",0.00027847290039,0.000308036804199,0.000335693359375,0.00036430358886700004,0.00039386749267500003,0.00045490264892500003,0.0005836486816400001,0.0007781982421870001,0.0013866424560540001," 0.009552001953125]""",0.009994506835937,0.0008325576782220001,3.580951452255249,0.040767926722764004,0.0026054382324210003,0.00010585784912100001,0.00092601776123,0.0009231567382810001,0.505671296296296,0.505703703703703,3.24074074074074e-05
949808393932,94980839393,2,0,104792275449,1.0,"""[0.000195503234863",0.00023555755615200003,0.000257492065429,0.000275611877441,0.00029277801513600003,0.000310897827148,0.000349998474121,0.00043582916259700004,0.0005722045898430001,0.000792503356933," 0.00482177734375]""",0.004661560058593001,0.0004911422729490001,4.7496514320373535,0.048292282968759,0.0026054382324210003,0.00010585784912100001,0.0009403228759760001,0.0009393692016600001,0.501851851851851,0.5019189814814811,6.712962962962963e-05
949808393932,94980839393,2,0,104792275449,1.0,"""[0.00022315979003900002",0.00027275085449200004,0.000289916992187,0.000307083129882,0.00032234191894500003,0.00033760070800700005,0.00035381317138600003,0.00037574768066400005,0.00039768218994100005,0.000441551208496," 0.000609397888183]""",0.001028060913085,0.00035572052001900005,3.593061923980712,0.046365823596715004,0.0026054382324210003,0.00010585784912100001,0.0009374618530270001,0.0009365081787100001,0.502172067901234,0.502199074074074,2.7006172839506174e-05
949808393932,94980839393,2,0,104792275449,0.990740716457366,"""[0.00022315979003900002",0.000248908996582,0.00027370452880800004,0.00029182434082000003,0.000310897827148,0.000329971313476,0.000349998474121,0.000411987304687,0.000580787658691,0.000800132751464," 0.001176834106445]""",0.0016784667968750002,0.00042438507080000003,3.965224266052246,0.044296063482761,0.0026054382324210003,0.00010585784912100001,0.000932693481445,0.000932693481445,0.509307098765432,0.5093487654320981,4.1666666666666665e-05
949808393932,94980839393,2,0,104792275449,1.0,"""[0.000200271606445",0.00023841857910100002,0.00026416778564400005,0.00028610229492100005,0.000308036804199,0.000327110290527,0.00034523010253900005,0.000380516052246,0.00045108795166,0.000609397888183," 0.001272201538085]""",0.003028869628906,0.000391006469726,3.7386598587036133,0.043681025505065,0.0026054382324210003,0.00010585784912100001,0.0009231567382810001,0.0009231567382810001,0.5048175154320981,0.5048611111111111,4.359567901234568e-05
949808393932,94980839393,2,0,104792275449,1.0,"""[0.000174522399902",0.00025177001953100004,0.000308990478515,0.00034332275390600004,0.00037384033203100004,0.00040435791015600004,0.00043869018554600005,0.00050926208496,0.0006074905395500001,0.000933647155761," 0.004875183105468001]""",0.004776000976562,0.000569343566894,3.580951452255249,0.040767926722764004,0.0026054382324210003,0.00010585784912100001,0.000925064086914,0.0009231567382810001,0.5057492283950611,0.5057870370370371,3.780864197530864e-05
949808393932,94980839393,2,0,104792275449,1.0,"""[0.000190734863281",0.00023937225341700002,0.000275611877441,0.000297546386718,0.00032234191894500003,0.000349044799804,0.00039482116699200004,0.00051212310791,0.0006675720214840001,0.0008573532104490001," 0.004135131835937]""",0.004005432128906,0.000518798828125,3.542380332946777,0.041814543306827004,0.0026054382324210003,0.00010585784912100001,0.0009279251098630001,0.000926971435546,0.50073186728395,0.500800154320987,6.828703703703704e-05
949808393932,94980839393,2,0,104792275449,1.0,"""[0.000216484069824",0.00027847290039,0.000308990478515,0.00033187866210900003,0.00035572052001900005,0.000378608703613,0.00040626525878900005,0.00046157836914,0.000577926635742,0.00091552734375," 0.006996154785156]""",0.00799560546875,0.000593185424804,3.5965137481689453,0.046363405883312,0.0026054382324210003,0.00010585784912100001,0.0009393692016600001,0.0009384155273430001,0.5022322530864191,0.502314814814814,8.256172839506173e-05
949808393932,94980839393,2,0,104792275449,1.0,"""[0.00021553039550700003",0.00027847290039,0.000307083129882,0.000335693359375,0.00036430358886700004,0.00039291381835900003,0.00044918060302700006,0.000585556030273,0.000669479370117,0.0010662078857420001," 0.0038566589355460003]""",0.0035667419433590003,0.000575065612792,3.829035997390747,0.0428267121315,0.0026054382324210003,0.00010585784912100001,0.00091552734375,0.00091552734375,0.506432098765432,0.5064652777777771,3.317901234567901e-05
949808393932,94980839393,2,0,104792275449,0.996666669845581,"""[0.00020313262939400002",0.000267028808593,0.00029182434082000003,0.00031375885009700004,0.000330924987792,0.000349044799804,0.00037670135498000005,0.00041770935058500004,0.000507354736328,0.000750541687011," 0.004463195800781]""",0.004310607910156,0.000462532043457,3.814554214477539,0.045953597873449006,0.0026054382324210003,0.00010585784912100001,0.0009241104125970001,0.0009231567382810001,0.5050925925925921,0.505208333333333,0.00011574074074
949808393932,94980839393,2,0,104792275449,1.0,"""[0.000174522399902",0.00022029876708900002,0.000244140625,0.00026798248291,0.000289916992187,0.00031375885009700004,0.000349044799804,0.00039577484130800004,0.000591278076171,0.000739097595214," 0.002304077148437]""",0.006149291992187,0.00041866302490200006,3.755202054977417,0.04678862914443,0.0026054382324210003,0.00010585784912100001,0.000922203063964,0.0009193420410150001,0.501273148148148,0.501388888888888,0.00011574074074
949808393932,94980839393,2,0,104792275449,1.0,"""[0.00022315979003900002",0.000244140625,0.000269889831542,0.00029277801513600003,0.00031375885009700004,0.00032901763916,0.00034523010253900005,0.000371932983398,0.00045776367187500005,0.0006866455078120001," 0.0010356903076170001]""",0.000986099243164,0.000380516052246,3.580951452255249,0.040767926722764004,0.0026054382324210003,0.00010585784912100001,0.0009241104125970001,0.0009231567382810001,0.505439814814814,0.505467592592592,2.777777777777777e-05
949808393932,94980839393,2,0,104792275449,1.0,"""[0.00021553039550700003",0.00025272369384700004,0.00027370452880800004,0.000287055969238,0.000300407409667,0.000319480895996,0.00034713745117100005,0.00041866302490200006,0.000529289245605,0.0006990432739250001," 0.0013656616210930002]""",0.00148582458496,0.00040054321289,3.496111154556274,0.043991584330797,0.0026054382324210003,0.00010585784912100001,0.000908851623535,0.0009059906005850001,0.503703703703703,0.503819444444444,0.00011574074074
949808393932,94980839393,2,0,104792275449,1.0,"""[0.00021743774414",0.00027084350585900003,0.000298500061035,0.00032520294189400005,0.000350952148437,0.00039291381835900003,0.000433921813964,0.0005035400390620001,0.000654220581054,0.0009765625," 0.0078125]""",0.007644653320312,0.0006799697875970001,3.269863843917846,0.04195804148912401,0.0026054382324210003,0.00010585784912100001,0.000908851623535,0.0009078979492180001,0.503601466049382,0.503665895061728,6.4429012345679e-05
949808393932,94980839393,2,0,104792275449,1.0,"""[0.000186920166015",0.000247955322265,0.000279426574707,0.00030517578125,0.00033187866210900003,0.000370025634765,0.0004911422729490001,0.000597953796386,0.0008087158203120001,0.0018539428710930002," 0.008102416992187]""",0.008392333984375,0.000699996948242,3.92793345451355,0.046803906559944,0.0026054382324210003,0.00010585784912100001,0.0009117126464840001,0.0009098052978510001,0.504320987654321,0.504398148148148,7.716049382716049e-05
949808393932,94980839393,2,0,104792275449,1.0,"""[0.000174522399902",0.00022029876708900002,0.000245094299316,0.00027084350585900003,0.000299453735351,0.000320434570312,0.00033760070800700005,0.00036239624023400003,0.00043773651123000005,0.000699996948242," 0.000864028930664]""",0.0014705657958980001,0.0003662109375,3.755202054977417,0.04678862914443,0.0026054382324210003,0.00010585784912100001,0.000920295715332,0.0009193420410150001,0.5012484567901231,0.501273148148148,2.4691358024691353e-05
949808393932,94980839393,2,0,104792275449,1.0,"""[0.000201225280761",0.00027370452880800004,0.00030136108398400003,0.00032234191894500003,0.00033950805664,0.00036430358886700004,0.000421524047851,0.000514030456542,0.000658988952636,0.000776290893554," 0.0013866424560540001]""",0.002155303955078,0.000463485717773,3.593061923980712,0.046365823596715004,0.0026054382324210003,0.00010585784912100001,0.0009384155273430001,0.0009374618530270001,0.5019976851851851,0.502083333333333,8.564814814814813e-05
949808393932,94980839393,2,0,104792275449,1.0,"""[0.000205993652343",0.000258445739746,0.000279426574707,0.000296592712402,0.000317573547363,0.000342369079589,0.00037574768066400005,0.00044727325439400005,0.0006265640258780001,0.0008449554443350001," 0.004478454589843001]""",0.005455017089843001,0.0005350112915030001,3.182403326034545,0.033995471894741,0.0026054382324210003,0.00010585784912100001,0.0009317398071280001,0.00092601776123,0.502929783950617,0.503009259259259,7.94753086419753e-05
949808393932,94980839393,2,0,104792275449,1.0,"""[0.00020408630371000002",0.00023365020751900002,0.000253677368164,0.00027275085449200004,0.000289916992187,0.000307083129882,0.00033473968505800004,0.000370979309082,0.000440597534179,0.00080394744873," 0.006912231445312]""",0.006919860839843001,0.0005264282226560001,4.371258735656738,0.047662019729614,0.0026054382324210003,0.00010585784912100001,0.0009393692016600001,0.0009384155273430001,0.5019189814814811,0.501967592592592,4.86111111111111e-05
949808393932,94980839393,2,0,104792275449,1.0,"""[0.00020790100097600002",0.000268936157226,0.00029373168945300005,0.00031566619873000005,0.00033283233642500003,0.000350952148437,0.000382423400878,0.00041675567626900005,0.000473022460937,0.00062084197998," 0.0009822845458980001]""",0.001901626586914,0.000403404235839,3.482522010803222,0.042214896529912005,0.0026054382324210003,0.00010585784912100001,0.00091552734375,0.000914573669433,0.507211805555555,0.507291666666666,7.986111111111112e-05
949808393932,94980839393,2,0,104792275449,1.0,"""[0.00021839141845700002",0.000257492065429,0.000297546386718,0.000320434570312,0.000338554382324,0.000357627868652,0.00038433074951100003,0.00042819976806600005,0.00048828124999999995,0.000664710998535," 0.00151252746582]""",0.0015869140625,0.000421524047851,3.3734130859375,0.041592553257942005,0.0026054382324210003,0.00010585784912100001,0.00091552734375,0.000914573669433,0.5069112654320981,0.5069444444444441,3.317901234567901e-05
949808393932,94980839393,2,0,104792275449,1.0,"""[0.00020980834960900003",0.00025177001953100004,0.000285148620605,0.000311851501464,0.000330924987792,0.000349044799804,0.000382423400878,0.00043773651123000005,0.0005216598510740001,0.0007171630859370001," 0.001251220703125]""",0.00145149230957,0.00042629241943300004,3.7386598587036133,0.043681025505065,0.0026054382324210003,0.00010585784912100001,0.0009231567382810001,0.000922203063964,0.504775462962962,0.5048175154320981,4.205246913580246e-05
949808393932,94980839393,2,0,104792275449,1.0,"""[0.000200271606445",0.00022411346435500002,0.00026226043701100003,0.00032424926757800005,0.000349044799804,0.00038528442382800005,0.000452995300292,0.000482559204101,0.0006294250488280001,0.0006866455078120001," 0.000896453857421]""",0.001094818115234,0.000430107116699,3.482522010803222,0.042214896529912005,0.0026054382324210003,0.00010585784912100001,0.0009489059448240001,0.0009489059448240001,0.507391975308642,0.5074074074074071,1.5432098765432103e-05
949808393932,94980839393,2,0,104792275449,1.0,"""[0.00021934509277300002",0.000246047973632,0.000281333923339,0.000311851501464,0.000329971313476,0.000348091125488,0.0003662109375,0.00038623809814400005,0.00041389465332000003,0.00046825408935500005," 0.001291275024414]""",0.001346588134765,0.00038433074951100003,3.482522010803222,0.042214896529912005,0.0026054382324210003,0.00010585784912100001,0.0009164810180660001,0.00091552734375,0.507149691358024,0.5071759259259261,2.623456790123457e-05
949808393932,94980839393,2,0,104792275449,1.0,"""[0.000267028808593",0.000267028808593,0.000279426574707,0.00029563903808500004,0.00031280517578100004,0.000329971313476,0.000348091125488,0.000378608703613,0.00041389465332000003,0.0013504028320310002," 0.0013504028320310002]""",0.002704620361328,0.000520706176757,3.3734130859375,0.041592553257942005,0.0026054382324210003,0.00010585784912100001,0.0009164810180660001,0.000914573669433,0.506709104938271,0.5067129629629631,3.858024691358024e-06
949808393932,94980839393,2,0,104792275449,1.0,"""[0.000222206115722",0.000268936157226,0.000290870666503,0.00031375885009700004,0.00033760070800700005,0.000361442565917,0.00038337707519500003,0.00041866302490200006,0.000490188598632,0.0007295608520500001," 0.0010967254638670001]""",0.001474380493164,0.00041961669921800006,4.7496514320373535,0.048292282968759,0.0026054382324210003,0.00010585784912100001,0.000922203063964,0.000920295715332,0.501670138888888,0.501736111111111,6.597222222222222e-05
949808393932,94980839393,2,0,104792275449,1.0,"""[0.00018405914306600003",0.00024032592773400003,0.00027084350585900003,0.00029277801513600003,0.00031566619873000005,0.000340461730957,0.000372886657714,0.00041389465332000003,0.000494956970214,0.0007095336914060001," 0.005401611328125]""",0.005233764648437,0.00046825408935500005,2.864382743835449,0.030169371515512,0.0026054382324210003,0.00010585784912100001,0.0009479522705070001,0.0009469985961910001,0.5074332561728391,0.507523148148148,8.989197530864199e-05
949808393932,94980839393,2,0,104792275449,1.0,"""[0.00022411346435500002",0.000306129455566,0.00032901763916,0.000350952148437,0.00037574768066400005,0.000401496887207,0.000439643859863,0.00051212310791,0.0007219314575190001,0.001054763793945," 0.008697509765625]""",0.00836181640625,0.0006370544433590001,3.672432899475097,0.046310149133205004,0.0026054382324210003,0.00010585784912100001,0.000932693481445,0.0009307861328120001,0.502546296296296,0.502630401234567,8.410493827160495e-05
949808393932,94980839393,2,0,104792275449,1.0,"""[0.00023269653320300002",0.000267028808593,0.000288963317871,0.000310897827148,0.00032901763916,0.00034713745117100005,0.000370979309082,0.00039672851562500005,0.00045585632324200004,0.0007658004760740001," 0.0028228759765620004]""",0.0027275085449210003,0.00042819976806600005,3.7386598587036133,0.043681025505065,0.0026054382324210003,0.00010585784912100001,0.0009317398071280001,0.0009279251098630001,0.504629629629629,0.504687885802469,5.8256172839506175e-05
949808393932,94980839393,2,0,104792275449,1.0,"""[0.00016212463378900002",0.00020790100097600002,0.00023269653320300002,0.000250816345214,0.000269889831542,0.000288963317871,0.000308036804199,0.000349998474121,0.000462532043457,0.0006933212280270001," 0.001039505004882]""",0.001758575439453,0.000348091125488,4.4648213386535645,0.054560936987400006,0.0026054382324210003,0.00010585784912100001,0.0009279251098630001,0.000926971435546,0.500925925925925,0.500975308641975,4.938271604938272e-05
949808393932,94980839393,2,0,104792275449,0.9893617033958431,"""[0.00020313262939400002",0.00027179718017500003,0.00031375885009700004,0.00033473968505800004,0.000357627868652,0.00039577484130800004,0.0005722045898430001,0.000651359558105,0.000737190246582,0.0009689331054680001," 0.007369995117187]""",0.014846801757812,0.0008821487426750001,3.182403326034545,0.033995471894741,0.0026054382324210003,0.00010585784912100001,0.0009288787841790001,0.00092601776123,0.502893518518518,0.502929783950617,3.626543209876543e-05
949808393932,94980839393,2,0,104792275449,1.0,"""[0.000185966491699",0.000260353088378,0.00028324127197200004,0.00030517578125,0.000328063964843,0.000351905822753,0.00038528442382800005,0.00045394897460900003,0.000577926635742,0.000730514526367," 0.004890441894531]""",0.005081176757812,0.000473976135253,3.3734130859375,0.041592553257942005,0.0026054382324210003,0.00010585784912100001,0.0009164810180660001,0.000914573669433,0.506828703703703,0.5069112654320981,8.256172839506173e-05
949808393932,94980839393,2,0,104792275449,1.0,"""[0.000222206115722",0.00027084350585900003,0.00029468536376900005,0.000318527221679,0.000341415405273,0.00036716461181600005,0.00039577484130800004,0.000433921813964,0.0006141662597650001,0.0008363723754880001," 0.02081298828125]""",0.01995849609375,0.0007228851318350001,3.482522010803222,0.042214896529912005,0.0026054382324210003,0.00010585784912100001,0.0009498596191400001,0.000914573669433,0.507291666666666,0.507391975308642,0.000100308641975
949808393932,94980839393,2,0,104792275449,1.0,"""[0.00018215179443300001",0.00025463104248,0.00028324127197200004,0.000307083129882,0.00033378601074200004,0.00036430358886700004,0.00040626525878900005,0.00047779083251900005,0.000612258911132,0.0008096694946280001," 0.006866455078125001]""",0.006759643554687,0.0005464553833000001,4.059370517730712,0.047248546034097005,0.0026054382324210003,0.00010585784912100001,0.0009241104125970001,0.000922203063964,0.501504629629629,0.50162037037037,0.00011574074074
949808393932,94980839393,2,0,104792275449,1.0,"""[0.000191688537597",0.00024223327636700001,0.000275611877441,0.00030231475830000003,0.000351905822753,0.00037384033203100004,0.00041866302490200006,0.000494956970214,0.0005722045898430001,0.0007705688476560001," 0.00174331665039]""",0.001873016357421,0.000439643859863,3.542380332946777,0.041814543306827004,0.0026054382324210003,0.00010585784912100001,0.0009317398071280001,0.000926971435546,0.500800154320987,0.500810185185185,1.003086419753086e-05
949808393932,94980839393,2,0,104792275449,1.0,"""[0.00023460388183500002",0.00028228759765600004,0.00031375885009700004,0.000340461730957,0.0003662109375,0.00039291381835900003,0.00041389465332000003,0.00043487548828100004,0.000543594360351,0.0007352828979490001," 0.0014266967773430002]""",0.00148582458496,0.000441551208496,3.580951452255249,0.040767926722764004,0.0026054382324210003,0.00010585784912100001,0.0009241104125970001,0.0009231567382810001,0.505940586419753,0.505987654320987,4.7067901234567906e-05
949808393932,94980839393,2,0,104792275449,1.0,"""[0.00023937225341700002",0.00027084350585900003,0.00028610229492100005,0.000300407409667,0.000328063964843,0.00036525726318300004,0.00039768218994100005,0.000420570373535,0.0005111694335930001,0.000761985778808," 0.000852584838867]""",0.0009050369262690001,0.000411987304687,3.672432899475097,0.046310149133205004,0.0026054382324210003,0.00010585784912100001,0.0009298324584960001,0.0009298324584960001,0.502415509259259,0.502430555555555,1.504629629629629e-05
949808393932,94980839393,2,0,104792275449,1.0,"""[0.000155448913574",0.00017356872558500002,0.00019836425781200002,0.000222206115722,0.00024223327636700001,0.00026226043701100003,0.000287055969238,0.000319480895996,0.00042915344238200005,0.0006494522094720001," 0.01617431640625]""",0.015594482421875002,0.000635147094726,4.4648213386535645,0.054560936987400006,0.0026054382324210003,0.00010585784912100001,0.0009307861328120001,0.000926971435546,0.501076774691358,0.501157407407407,8.063271604938273e-05
949808393932,94980839393,2,0,104792275449,1.0,"""[0.00021076202392500003",0.000231742858886,0.000247001647949,0.00026321411132800005,0.000279426574707,0.00029563903808500004,0.00031471252441400005,0.00034427642822200004,0.000442504882812,0.0006027221679680001," 0.0007629394531250001]""",0.001321792602539,0.000348091125488,3.593061923980712,0.046365823596715004,0.0026054382324210003,0.00010585784912100001,0.0009384155273430001,0.0009374618530270001,0.501967592592592,0.5019976851851851,3.0092592592592593e-05
949808393932,94980839393,2,0,104792275449,0.9795918464660641,"""[0.00023555755615200003",0.000274658203125,0.000299453735351,0.000338554382324,0.00036811828613200005,0.00039005279541,0.000411987304687,0.000433921813964,0.000473022460937,0.000737190246582," 0.001796722412109]""",0.002079010009765,0.00045108795166,3.580951452255249,0.040767926722764004,0.0026054382324210003,0.00010585784912100001,0.0009241104125970001,0.0009231567382810001,0.505902777777777,0.505940586419753,3.780864197530864e-05
949808393932,94980839393,2,0,104792275449,0.996666669845581,"""[0.00021171569824200001",0.000266075134277,0.000289916992187,0.00031280517578100004,0.000330924987792,0.000349044799804,0.000379562377929,0.000421524047851,0.000516891479492,0.0007524490356440001," 0.0123291015625]""",0.0211181640625,0.000677108764648,3.712518692016601,0.045252189040184,0.0026054382324210003,0.00010585784912100001,0.0009469985961910001,0.0009412765502920001,0.507986111111111,0.5081018518518511,0.00011574074074
949808393932,94980839393,2,0,104792275449,1.0,"""[0.00023078918457",0.00026130676269500003,0.00028228759765600004,0.00030136108398400003,0.000330924987792,0.00036525726318300004,0.00042724609375,0.000499725341796,0.000636100769042,0.0007400512695310001," 0.0011730194091790001]""",0.002288818359375,0.000452041625976,3.7386598587036133,0.043681025505065,0.0026054382324210003,0.00010585784912100001,0.0009107589721670001,0.000908851623535,0.504513888888888,0.504550925925925,3.7037037037037037e-05
949808393932,94980839393,2,0,104792275449,0.996666669845581,"""[0.00016307830810500002",0.000247955322265,0.000276565551757,0.000299453735351,0.00032234191894500003,0.00034427642822200004,0.00037479400634700004,0.00041866302490200006,0.0005111694335930001,0.000666618347167," 0.0010223388671870002]""",0.003131866455078,0.000412940979003,3.534435272216796,0.042028717696666,0.0026054382324210003,0.00010585784912100001,0.0009164810180660001,0.000914573669433,0.5064814814814811,0.506597222222222,0.00011574074074
949808393932,94980839393,2,0,104792275449,0.9933333396911621,"""[0.00017833709716700002",0.00023841857910100002,0.000279426574707,0.000308990478515,0.000330924987792,0.00035476684570300005,0.00038433074951100003,0.00042533874511700004,0.0005578994750970001,0.000802993774414," 0.010757446289062]""",0.023529052734375003,0.000744819641113,3.3734130859375,0.041592553257942005,0.0026054382324210003,0.00010585784912100001,0.0009174346923820001,0.000914573669433,0.5067129629629631,0.506828703703703,0.00011574074074
949808393932,94980839393,2,0,104792275449,1.0,"""[0.00020980834960900003",0.000269889831542,0.00030136108398400003,0.00033283233642500003,0.00036811828613200005,0.000409126281738,0.00045967102050700005,0.0005760192871090001,0.0006570816040030001,0.0009622573852530001," 0.009780883789062]""",0.010238647460937,0.0006933212280270001,3.482522010803222,0.042214896529912005,0.0026054382324210003,0.00010585784912100001,0.0009174346923820001,0.00091552734375,0.507060185185185,0.507149691358024,8.950617283950616e-05
949808393932,94980839393,2,0,104792275449,1.0,"""[0.00021171569824200001",0.00025463104248,0.00031566619873000005,0.00033283233642500003,0.000349998474121,0.00038528442382800005,0.00042819976806600005,0.000558853149414,0.000986099243164,0.0033416748046870004," 0.013290405273437]""",0.0137939453125,0.00102424621582,3.482522010803222,0.042214896529912005,0.0026054382324210003,0.00010585784912100001,0.0009498596191400001,0.0009479522705070001,0.5074074074074071,0.5074332561728391,2.5848765432098764e-05
949808393932,94980839393,2,0,104792275449,1.0,"""[0.00023078918457",0.00025177001953100004,0.00027275085449200004,0.000289916992187,0.000307083129882,0.000328063964843,0.000349044799804,0.00037479400634700004,0.00047588348388600003,0.000678062438964," 0.0009365081787100001]""",0.0019798278808590003,0.000409126281738,2.4707577228546143,0.022498901933431,0.0026054382324210003,0.00010585784912100001,0.0009469985961910001,0.0009460449218750001,0.5076388888888881,0.5076751543209871,3.626543209876543e-05
949808393932,94980839393,2,0,104792275449,1.0,"""[0.00025177001953100004",0.000268936157226,0.000284194946289,0.000299453735351,0.00031471252441400005,0.000329971313476,0.00034523010253900005,0.000381469726562,0.000493049621582,0.0007524490356440001," 0.001056671142578]""",0.0010986328125,0.000403404235839,3.7468843460083,0.046245574951171,0.0026054382324210003,0.00010585784912100001,0.0009069442749020001,0.0009059906005850001,0.503819444444444,0.5038445216049381,2.5077160493827152e-05
949808393932,94980839393,2,0,104792275449,0.9950980544090271,"""[0.000179290771484",0.00025272369384700004,0.000277519226074,0.000296592712402,0.000317573547363,0.000340461730957,0.00037765502929600005,0.000433921813964,0.000566482543945,0.0007514953613280001," 0.008590698242187]""",0.008895874023437,0.0005464553833000001,3.7386598587036133,0.043681025505065,0.0026054382324210003,0.00010585784912100001,0.0009298324584960001,0.000914573669433,0.504550925925925,0.504629629629629,7.870370370370372e-05
949808393932,94980839393,2,0,104792275449,1.0,"""[0.00021743774414",0.000277519226074,0.00030136108398400003,0.000321388244628,0.000340461730957,0.000371932983398,0.000430107116699,0.000518798828125,0.0006446838378900001,0.0008563995361320001," 0.001186370849609]""",0.001312255859375,0.000472068786621,3.911274671554565,0.046261064708232005,0.0026054382324210003,0.00010585784912100001,0.0009469985961910001,0.0009469985961910001,0.509108410493827,0.509143518518518,3.5108024691358025e-05
949808393932,94980839393,2,0,104792275449,0.9904761910438531,"""[0.00021076202392500003",0.000244140625,0.000277519226074,0.00031375885009700004,0.000335693359375,0.000360488891601,0.00039291381835900003,0.00042343139648400003,0.00047588348388600003,0.000605583190917," 0.000852584838867]""",0.001108169555664,0.000388145446777,3.580951452255249,0.040767926722764004,0.0026054382324210003,0.00010585784912100001,0.0009241104125970001,0.0009231567382810001,0.505467592592592,0.505508101851851,4.050925925925925e-05
949808393932,94980839393,2,0,104792275449,0.9509803652763361,"""[0.000186920166015",0.000249862670898,0.000276565551757,0.00029277801513600003,0.000310897827148,0.00033760070800700005,0.000372886657714,0.00041484832763600003,0.0005226135253900001,0.000767707824707," 0.001214981079101]""",0.002490997314453,0.000421524047851,3.292149305343627,0.037084400653839,0.0026054382324210003,0.00010585784912100001,0.000913619995117,0.0009117126464840001,0.50024961419753,0.500288966049382,3.935185185185186e-05
949808393932,94980839393,2,0,104792275449,1.0,"""[0.00020790100097600002",0.000244140625,0.00027370452880800004,0.00029468536376900005,0.00031566619873000005,0.000336647033691,0.000361442565917,0.000391006469726,0.00043869018554600005,0.0007400512695310001," 0.013565063476562]""",0.013992309570312,0.000682830810546,3.814554214477539,0.045953597873449006,0.0026054382324210003,0.00010585784912100001,0.00092601776123,0.000922203063964,0.5052669753086421,0.5053240740740741,5.709876543209876e-05
949808393932,94980839393,2,0,104792275449,1.0,"""[0.000153541564941",0.00018787384033200002,0.00020694732666000002,0.000226020812988,0.000244140625,0.00026321411132800005,0.00029182434082000003,0.000329971313476,0.00039577484130800004,0.000550270080566," 0.0009384155273430001]""",0.001638412475585,0.000320434570312,4.4648213386535645,0.054560936987400006,0.0026054382324210003,0.00010585784912100001,0.0009279251098630001,0.000926971435546,0.500975308641975,0.501041666666666,6.635802469135803e-05
949808393932,94980839393,2,0,104792275449,0.9937888383865351,"""[0.00024318695068300001",0.000275611877441,0.000297546386718,0.000318527221679,0.00033950805664,0.000361442565917,0.00038719177246000004,0.000432968139648,0.0005159378051750001,0.0007658004760740001," 0.002204895019531]""",0.002433776855468,0.00045108795166,3.712518692016601,0.045252189040184,0.0026054382324210003,0.00010585784912100001,0.0009403228759760001,0.0009393692016600001,0.508155478395061,0.508217592592592,6.211419753086419e-05
949808393932,94980839393,2,0,104792275449,0.9840000271797181,"""[0.00026321411132800005",0.000300407409667,0.000327110290527,0.000349044799804,0.00036716461181600005,0.00038337707519500003,0.00041389465332000003,0.0005416870117180001,0.000708580017089,0.002029418945312," 0.01165771484375]""",0.01214599609375,0.0010814666748040001,3.694733142852783,0.044797591865062006,0.0026054382324210003,0.00010585784912100001,0.0009393692016600001,0.0009365081787100001,0.508400848765432,0.508449074074074,4.8225308641975306e-05
949808393932,94980839393,2,0,104792275449,1.0,"""[0.000144004821777",0.000201225280761,0.00023555755615200003,0.000275611877441,0.000308036804199,0.00034332275390600004,0.000389099121093,0.00043487548828100004,0.0005722045898430001,0.0008859634399410001," 0.004722595214843001]""",0.004837036132812,0.000543594360351,4.283346652984619,0.052573278546333,0.0026054382324210003,0.00010585784912100001,0.000921249389648,0.0009193420410150001,0.5011894290123451,0.5012484567901231,5.902777777777779e-05
949808393932,94980839393,2,0,104792275449,1.0,"""[0.000222206115722",0.000247955322265,0.00027084350585900003,0.000285148620605,0.000298500061035,0.000317573547363,0.00034713745117100005,0.00038623809814400005,0.00043582916259700004,0.000666618347167," 0.004936218261718001]""",0.00946044921875,0.000530242919921,3.712518692016601,0.045252189040184,0.0026054382324210003,0.00010585784912100001,0.0009403228759760001,0.0009393692016600001,0.508133101851851,0.508155478395061,2.237654320987654e-05
949808393932,94980839393,2,0,104792275449,1.0,"""[0.00021839141845700002",0.00027847290039,0.000306129455566,0.00032615661621000004,0.00034618377685500005,0.00037479400634700004,0.00041770935058500004,0.000481605529785,0.000603675842285,0.0008392333984370001," 0.014495849609375002]""",0.015029907226562,0.000712394714355,3.92793345451355,0.046803906559944,0.0026054382324210003,0.00010585784912100001,0.0009107589721670001,0.0009078979492180001,0.504166666666666,0.504282407407407,0.00011574074074
949808393932,94980839393,2,0,104792275449,0.9933333396911621,"""[0.0001802444458",0.00021457672119100003,0.00023651123046800003,0.000255584716796,0.00028324127197200004,0.00031471252441400005,0.00034713745117100005,0.00042533874511700004,0.000548362731933,0.0007295608520500001," 0.003936767578125]""",0.004104614257812,0.00043869018554600005,3.460542917251586,0.040267560631036,0.0026054382324210003,0.00010585784912100001,0.000914573669433,0.0009117126464840001,0.500347222222222,0.500462962962963,0.00011574074074
949808393932,94980839393,2,0,104792275449,1.0,"""[0.00020885467529200002",0.00025177001953100004,0.000274658203125,0.000290870666503,0.000307083129882,0.000327110290527,0.00034618377685500005,0.00038433074951100003,0.000462532043457,0.000689506530761," 0.004913330078125]""",0.006355285644531,0.00046920776367100005,3.672432899475097,0.046310149133205004,0.0026054382324210003,0.00010585784912100001,0.0009384155273430001,0.000932693481445,0.502314814814814,0.502415509259259,0.000100694444444
949808393932,94980839393,2,0,104792275449,1.0,"""[0.00020694732666000002",0.00026321411132800005,0.00028324127197200004,0.00030231475830000003,0.00032234191894500003,0.000342369079589,0.00037479400634700004,0.000440597534179,0.000603675842285,0.0007896423339840001," 0.001430511474609]""",0.00174331665039,0.00043582916259700004,3.8414430618286133,0.045376878231763,0.0026054382324210003,0.00010585784912100001,0.0009098052978510001,0.000908851623535,0.504398148148148,0.504513888888888,0.00011574074074
949808393932,94980839393,2,0,104792275449,1.0,"""[0.000226974487304",0.000279426574707,0.000306129455566,0.000327110290527,0.00034713745117100005,0.00037384033203100004,0.00041580200195300005,0.000493049621582,0.0006027221679680001,0.0006799697875970001," 0.0009698867797850001]""",0.001821517944335,0.000442504882812,3.712518692016601,0.045252189040184,0.0026054382324210003,0.00010585784912100001,0.0009393692016600001,0.0009393692016600001,0.5083333333333331,0.5083649691358021,3.16358024691358e-05
949808393932,94980839393,2,0,104792275449,1.0,"""[0.00018310546875",0.000221252441406,0.00023841857910100002,0.000255584716796,0.000275611877441,0.000298500061035,0.000327110290527,0.000372886657714,0.000525474548339,0.0007038116455070001," 0.0013351440429680002]""",0.0013408660888670001,0.00037765502929600005,3.542380332946777,0.041814543306827004,0.0026054382324210003,0.00010585784912100001,0.0009279251098630001,0.000926971435546,0.500578703703703,0.500694444444444,0.00011574074074
949808393932,94980839393,2,0,104792275449,0.9876543283462521,"""[0.00021934509277300002",0.000257492065429,0.000276565551757,0.000290870666503,0.00030517578125,0.000329971313476,0.00036716461181600005,0.000433921813964,0.0005769729614250001,0.000706672668457," 0.000828742980957]""",0.001888275146484,0.000409126281738,3.311108350753784,0.034992326050996,0.0026054382324210003,0.00010585784912100001,0.0009355545043940001,0.0009346008300780001,0.5085648148148141,0.508596064814814,3.125e-05
949808393932,94980839393,2,0,104792275449,1.0,"""[0.00019741058349600002",0.000246047973632,0.000268936157226,0.00028228759765600004,0.00029468536376900005,0.000308036804199,0.000327110290527,0.00034618377685500005,0.000391006469726,0.00054931640625," 0.0031242370605460003]""",0.003070831298828,0.00037765502929600005,3.182403326034545,0.033995471894741,0.0026054382324210003,0.00010585784912100001,0.000925064086914,0.0009241104125970001,0.502777777777777,0.502863425925925,8.564814814814813e-05
949808393932,94980839393,2,0,104792275449,1.0,"""[0.000205993652343",0.00027084350585900003,0.000288963317871,0.000307083129882,0.00032424926757800005,0.000340461730957,0.00036239624023400003,0.00039577484130800004,0.000519752502441,0.000792503356933," 0.014892578125]""",0.026611328125,0.000688552856445,3.311108350753784,0.034992326050996,0.0026054382324210003,0.00010585784912100001,0.0009536743164060001,0.0009365081787100001,0.508680555555555,0.5087962962962961,0.00011574074074
949808393932,94980839393,2,0,104792275449,1.0,"""[0.000149726867675",0.00018119812011700001,0.00020217895507800002,0.00022411346435500002,0.000249862670898,0.000274658203125,0.000298500061035,0.000349998474121,0.00045967102050700005,0.00055980682373," 0.000819206237792]""",0.0010528564453120002,0.000327110290527,4.4648213386535645,0.054560936987400006,0.0026054382324210003,0.00010585784912100001,0.0009279251098630001,0.000926971435546,0.501041666666666,0.501076774691358,3.5108024691358025e-05
949808393932,94980839393,2,0,104792275449,1.0,"""[0.000247001647949",0.000250816345214,0.000258445739746,0.00027275085449200004,0.000309944152832,0.000329971313476,0.000349998474121,0.000422477722167,0.00063419342041,0.0006799697875970001," 0.0006933212280270001]""",0.0007543563842770001,0.000371932983398,3.3734130859375,0.041592553257942005,0.0026054382324210003,0.00010585784912100001,0.000914573669433,0.000914573669433,0.5069444444444441,0.506952546296296,8.10185185185185e-06
949808393932,94980839393,2,0,104792275449,1.0,"""[0.00021743774414",0.00025272369384700004,0.000279426574707,0.000300407409667,0.000320434570312,0.000338554382324,0.00036334991455000003,0.000422477722167,0.000539779663085,0.0007658004760740001," 0.003257751464843]""",0.0031547546386710003,0.000543594360351,3.482522010803222,0.042214896529912005,0.0026054382324210003,0.00010585784912100001,0.00091552734375,0.000914573669433,0.5071759259259261,0.507211805555555,3.587962962962962e-05
949808393932,94980839393,2,0,104792275449,1.0,"""[0.00022888183593700002",0.000258445739746,0.000290870666503,0.00031471252441400005,0.000329971313476,0.00034523010253900005,0.00036239624023400003,0.000379562377929,0.00039577484130800004,0.0005941390991210001," 0.000884056091308]""",0.00091552734375,0.00038528442382800005,3.269863843917846,0.04195804148912401,0.0026054382324210003,0.00010585784912100001,0.0009078979492180001,0.0009078979492180001,0.503587962962962,0.503601466049382,1.3503086419753082e-05
949808393932,94980839393,2,0,104792275449,1.0,"""[0.00029182434082000003",0.00029182434082000003,0.00030136108398400003,0.00031280517578100004,0.000321388244628,0.000329971313476,0.000338554382324,0.000348091125488,0.000370025634765,0.00048637390136700004," 0.00048637390136700004]""",0.00101089477539,0.00032615661621000004,4.352649211883544,0.046392060816287,0.0026054382324210003,0.00010585784912100001,0.000925064086914,0.0009241104125970001,0.5031215277777771,0.5031249999999999,3.4722222222222215e-06
949808393932,94980839393,2,0,104792275449,1.0,"""[0.00021934509277300002",0.000274658203125,0.000299453735351,0.000321388244628,0.000341415405273,0.00036334991455000003,0.000389099121093,0.000431060791015,0.000516891479492,0.000750541687011," 0.012832641601562]""",0.013351440429687,0.000603675842285,3.7468843460083,0.046245574951171,0.0026054382324210003,0.00010585784912100001,0.0009078979492180001,0.0009059906005850001,0.5038445216049381,0.503935185185185,9.066358024691358e-05
949808393932,94980839393,2,0,104792275449,1.0,"""[0.000221252441406",0.000249862670898,0.00027179718017500003,0.000284194946289,0.000296592712402,0.000309944152832,0.000328063964843,0.00034618377685500005,0.000379562377929,0.000499725341796," 0.0007047653198240001]""",0.000950813293457,0.00033950805664,3.965224266052246,0.044296063482761,0.0026054382324210003,0.00010585784912100001,0.000932693481445,0.000932693481445,0.5093487654320981,0.509375,2.623456790123457e-05
949808393932,94980839393,2,0,104792275449,1.0,"""[0.000175476074218",0.00026321411132800005,0.000281333923339,0.000299453735351,0.00032234191894500003,0.000349044799804,0.00039863586425700005,0.000501632690429,0.000658988952636,0.00091552734375," 0.009674072265625]""",0.017913818359375,0.00081729888916,4.352649211883544,0.046392060816287,0.0026054382324210003,0.00010585784912100001,0.000925064086914,0.00090217590332,0.50316049382716,0.50324074074074,8.024691358024692e-05
949808393932,94980839393,2,0,104792275449,1.0,"""[0.00020980834960900003",0.000248908996582,0.00027275085449200004,0.000290870666503,0.000308990478515,0.000329971313476,0.000351905822753,0.00039482116699200004,0.000530242919921,0.000749588012695," 0.003822326660156]""",0.003772735595703,0.000462532043457,3.182403326034545,0.033995471894741,0.0026054382324210003,0.00010585784912100001,0.0009307861328120001,0.0009288787841790001,0.5026844135802471,0.502777777777777,9.33641975308642e-05
949808393932,94980839393,2,0,104792275449,1.0,"""[0.00022506713867100002",0.00027847290039,0.00030326843261700004,0.00032424926757800005,0.00034427642822200004,0.0003662109375,0.000391006469726,0.00045394897460900003,0.0006303787231440001,0.0009288787841790001," 0.004714965820312]""",0.005088806152343001,0.0005531311035150001,3.311108350753784,0.034992326050996,0.0026054382324210003,0.00010585784912100001,0.0009489059448240001,0.0009479522705070001,0.508833333333333,0.508912037037037,7.870370370370372e-05
949808393932,94980839393,2,0,104792275449,1.0,"""[0.000205993652343",0.000258445739746,0.000279426574707,0.000296592712402,0.00031280517578100004,0.000327110290527,0.000340461730957,0.000357627868652,0.00041580200195300005,0.000543594360351," 0.001474380493164]""",0.0014953613281250002,0.00038433074951100003,3.311108350753784,0.034992326050996,0.0026054382324210003,0.00010585784912100001,0.0009355545043940001,0.0009355545043940001,0.508596064814814,0.508635416666666,3.935185185185186e-05
949808393932,94980839393,2,0,104792275449,1.0,"""[0.00020313262939400002",0.000248908996582,0.00027370452880800004,0.000289916992187,0.000306129455566,0.000321388244628,0.000335693359375,0.000349998474121,0.000401496887207,0.0006599426269530001," 0.0010204315185540001]""",0.00244140625,0.000372886657714,2.711442470550537,0.026909062638878004,0.0026054382324210003,0.00010585784912100001,0.0009469985961910001,0.0009469985961910001,0.507918209876543,0.507986111111111,6.790123456790123e-05
949808393932,94980839393,2,0,104792275449,1.0,"""[0.00023746490478500002",0.000266075134277,0.000284194946289,0.00030136108398400003,0.000319480895996,0.00033760070800700005,0.00035572052001900005,0.000381469726562,0.00044441223144500003,0.000741958618164," 0.0013408660888670001]""",0.001277923583984,0.00040054321289,3.311108350753784,0.034992326050996,0.0026054382324210003,0.00010585784912100001,0.0009355545043940001,0.0009355545043940001,0.508635416666666,0.508680555555555,4.513888888888889e-05
949808393932,94980839393,2,0,104792275449,1.0,"""[0.000191688537597",0.000259399414062,0.000280380249023,0.000297546386718,0.000317573547363,0.000341415405273,0.00036525726318300004,0.00039005279541,0.00044918060302700006,0.0007171630859370001," 0.010696411132812]""",0.016876220703125,0.000684738159179,2.4707577228546143,0.022498901933431,0.0026054382324210003,0.00010585784912100001,0.0009479522705070001,0.0009460449218750001,0.5076751543209871,0.507754629629629,7.94753086419753e-05
949808393932,94980839393,2,0,104792275449,1.0,"""[0.00021934509277300002",0.00023937225341700002,0.00026130676269500003,0.00028228759765600004,0.00030326843261700004,0.000320434570312,0.00033760070800700005,0.000359535217285,0.00044918060302700006,0.000775337219238," 0.0014171600341790001]""",0.002510070800781,0.00040626525878900005,3.814554214477539,0.045953597873449006,0.0026054382324210003,0.00010585784912100001,0.0009241104125970001,0.0009231567382810001,0.5052245370370371,0.5052669753086421,4.243827160493827e-05
949808393932,94980839393,2,0,104792275449,0.9916666746139521,"""[0.000247001647949",0.000269889831542,0.000285148620605,0.000299453735351,0.00031566619873000005,0.00033378601074200004,0.000351905822753,0.000389099121093,0.000440597534179,0.0005941390991210001," 0.00156021118164]""",0.001960754394531,0.000412940979003,3.911274671554565,0.046261064708232005,0.0026054382324210003,0.00010585784912100001,0.0009479522705070001,0.0009469985961910001,0.50906211419753,0.509108410493827,4.6296296296296294e-05
949808393932,94980839393,2,0,104792275449,1.0,"""[0.000186920166015",0.000253677368164,0.000307083129882,0.000341415405273,0.00037670135498000005,0.000430107116699,0.000531196594238,0.0006446838378900001,0.000781059265136,0.001214981079101," 0.007705688476562]""",0.008056640625,0.00074291229248,3.829035997390747,0.0428267121315,0.0026054382324210003,0.00010585784912100001,0.0009174346923820001,0.00091552734375,0.50636574074074,0.506432098765432,6.635802469135803e-05
949808393932,94980839393,2,0,104792275449,0.996666669845581,"""[0.00024223327636700001",0.00027370452880800004,0.00029468536376900005,0.00031375885009700004,0.000329971313476,0.00034618377685500005,0.00037574768066400005,0.000433921813964,0.0005836486816400001,0.000865936279296," 0.0030364990234370004]""",0.0032005310058590003,0.00045871734619100005,4.352649211883544,0.046392060816287,0.0026054382324210003,0.00010585784912100001,0.000908851623535,0.0009069442749020001,0.50324074074074,0.503356481481481,0.00011574074074
949808393932,94980839393,2,0,104792275449,1.0,"""[0.00019359588623000002",0.000247955322265,0.000280380249023,0.000308990478515,0.00033378601074200004,0.000358581542968,0.000381469726562,0.00043487548828100004,0.000589370727539,0.0007848739624020001," 0.002281188964843]""",0.004280090332031,0.00046539306640600004,4.7496514320373535,0.048292282968759,0.0026054382324210003,0.00010585784912100001,0.000922203063964,0.000920295715332,0.501736111111111,0.501839506172839,0.00010339506172800001
949808393932,94980839393,2,0,104792275449,0.9837398529052731,"""[0.00022983551025300002",0.000260353088378,0.00028610229492100005,0.000309944152832,0.000327110290527,0.00034332275390600004,0.00036716461181600005,0.000409126281738,0.000519752502441,0.000677108764648," 0.0010910034179680002]""",0.002166748046875,0.00041675567626900005,3.580951452255249,0.040767926722764004,0.0026054382324210003,0.00010585784912100001,0.0009241104125970001,0.0009231567382810001,0.505508101851851,0.5055555555555551,4.745370370370371e-05
949808393932,94980839393,2,0,104792275449,1.0,"""[0.000205039978027",0.00024127960205000003,0.00027370452880800004,0.00030422210693300004,0.000338554382324,0.00036716461181600005,0.00039386749267500003,0.000433921813964,0.000775337219238,0.007949829101562," 0.01318359375]""",0.017547607421875,0.0014801025390620002,3.580951452255249,0.040767926722764004,0.0026054382324210003,0.00010585784912100001,0.000925064086914,0.00091552734375,0.505987654320987,0.5060185185185181,3.0864197530864205e-05
949808393932,94980839393,2,0,104792275449,1.0,"""[0.00027084350585900003",0.000321388244628,0.000348091125488,0.00036811828613200005,0.00038719177246000004,0.00041389465332000003,0.000452041625976,0.000497817993164,0.000543594360351,0.000720024108886," 0.0012893676757810002]""",0.00136375427246,0.000473976135253,3.712518692016601,0.045252189040184,0.0026054382324210003,0.00010585784912100001,0.0009393692016600001,0.0009393692016600001,0.5083649691358021,0.508400848765432,3.587962962962962e-05
949808393932,94980839393,2,0,104792275449,0.9867549538612361,"""[0.00019264221191400002",0.00023269653320300002,0.00025177001953100004,0.000269889831542,0.00028610229492100005,0.00030231475830000003,0.00033187866210900003,0.000370979309082,0.000440597534179,0.0005836486816400001," 0.000819206237792]""",0.002388000488281,0.000358581542968,3.292149305343627,0.037084400653839,0.0026054382324210003,0.00010585784912100001,0.0009126663208000001,0.0009117126464840001,0.500288966049382,0.500347222222222,5.8256172839506175e-05
949808393932,94980839393,2,0,104792275449,1.0,"""[0.000201225280761",0.00023651123046800003,0.00026321411132800005,0.000285148620605,0.000306129455566,0.000341415405273,0.00039005279541,0.0005044937133780001,0.0010223388671870002,0.006088256835937," 0.010940551757812]""",0.01153564453125,0.0012359619140620002,3.7468843460083,0.046245574951171,0.0026054382324210003,0.00010585784912100001,0.0009078979492180001,0.0009059906005850001,0.503935185185185,0.503955632716049,2.0447530864197534e-05
949808393932,94980839393,2,0,104792275449,1.0,"""[0.00017166137695300002",0.00023651123046800003,0.00026130676269500003,0.000288009643554,0.00031280517578100004,0.00033378601074200004,0.00035572052001900005,0.000388145446777,0.00048065185546800006,0.0007638931274410001," 0.005630493164062]""",0.005401611328125,0.00048828124999999995,3.7757081985473633,0.042384158819913004,0.0026054382324210003,0.00010585784912100001,0.0009164810180660001,0.000913619995117,0.5060185185185181,0.506134259259259,0.00011574074074
949808393932,94980839393,2,0,104792275449,0.9800000190734861,"""[0.00024032592773400003",0.000281333923339,0.000310897827148,0.00032901763916,0.00034713745117100005,0.000371932983398,0.00039863586425700005,0.000452995300292,0.0005722045898430001,0.0007486343383780001," 0.002311706542968]""",0.004524230957031,0.00045394897460900003,3.712518692016601,0.045252189040184,0.0026054382324210003,0.00010585784912100001,0.0009403228759760001,0.0009393692016600001,0.508217592592592,0.5083333333333331,0.00011574074074
949808393932,94980839393,2,0,104792275449,1.0,"""[0.00014686584472600002",0.000195503234863,0.000221252441406,0.00024127960205000003,0.00026130676269500003,0.00028228759765600004,0.00030422210693300004,0.000336647033691,0.00038719177246000004,0.000523567199707," 0.00092601776123]""",0.0016784667968750002,0.000328063964843,3.9883570671081543,0.047977097332477,0.0026054382324210003,0.00010585784912100001,0.0009307861328120001,0.000926971435546,0.500810185185185,0.500925925925925,0.00011574074074
949808393932,94980839393,2,0,104792275449,1.0,"""[0.000257492065429",0.000285148620605,0.00032901763916,0.000369071960449,0.00039577484130800004,0.00041961669921800006,0.00045394897460900003,0.00057029724121,0.0008764266967770001,0.001070022583007," 0.008453369140625]""",0.008102416992187,0.0009584426879880001,3.7386598587036133,0.043681025505065,0.0026054382324210003,0.00010585784912100001,0.0009279251098630001,0.000926971435546,0.50474537037037,0.504775462962962,3.0092592592592593e-05
949808393932,94980839393,2,0,104792275449,1.0,"""[0.00022792816162100002",0.00026798248291,0.00028324127197200004,0.000297546386718,0.00031661987304600005,0.000348091125488,0.00037670135498000005,0.00040626525878900005,0.000440597534179,0.0005941390991210001," 0.001031875610351]""",0.0012645721435540001,0.000382423400878,3.911274671554565,0.046261064708232005,0.0026054382324210003,0.00010585784912100001,0.0009479522705070001,0.0009469985961910001,0.5090277777777771,0.50906211419753,3.433641975308642e-05
949808393932,94980839393,2,0,104792275449,1.0,"""[0.00023555755615200003",0.00026798248291,0.00029277801513600003,0.000317573547363,0.00034427642822200004,0.00036525726318300004,0.00038433074951100003,0.000410079956054,0.00045394897460900003,0.0006294250488280001," 0.0009536743164060001]""",0.0016613006591790001,0.00040626525878900005,4.7496514320373535,0.048292282968759,0.0026054382324210003,0.00010585784912100001,0.000922203063964,0.000921249389648,0.50162037037037,0.501670138888888,4.9768518518518516e-05
949808393932,94980839393,2,0,104792275449,1.0,"""[0.00021839141845700002",0.000280380249023,0.000310897827148,0.00033950805664,0.000370025634765,0.00040435791015600004,0.00046825408935500005,0.0006265640258780001,0.000750541687011,0.0009765625," 0.007087707519531]""",0.007209777832031,0.0006675720214840001,3.580951452255249,0.040767926722764004,0.0026054382324210003,0.00010585784912100001,0.00092601776123,0.0009231567382810001,0.5057870370370371,0.505902777777777,0.00011574074074
949808393932,94980839393,2,0,104792275449,1.0,"""[0.00021839141845700002",0.00023555755615200003,0.000257492065429,0.000274658203125,0.000289916992187,0.00030517578125,0.00033473968505800004,0.00037479400634700004,0.00045585632324200004,0.000531196594238," 0.0012035369873040001]""",0.00125503540039,0.000351905822753,3.829035997390747,0.0428267121315,0.0026054382324210003,0.00010585784912100001,0.000914573669433,0.000913619995117,0.506186342592592,0.5062337962962961,4.745370370370371e-05
949808393932,94980839393,2,0,104792275449,1.0,"""[0.00022315979003900002",0.00026416778564400005,0.000281333923339,0.000298500061035,0.00031566619873000005,0.00033378601074200004,0.00035381317138600003,0.000403404235839,0.00047969818115200006,0.0007057189941400001," 0.001007080078125]""",0.001413345336914,0.000409126281738,3.8705921173095703,0.044418029487133005,0.0026054382324210003,0.00010585784912100001,0.0009078979492180001,0.0009069442749020001,0.5033638117283951,0.503422067901234,5.8256172839506175e-05
949808393932,94980839393,2,0,104792275449,1.0,"""[0.00021934509277300002",0.00026130676269500003,0.000288963317871,0.00031280517578100004,0.000330924987792,0.000349044799804,0.000378608703613,0.00041961669921800006,0.000532150268554,0.000689506530761," 0.016815185546875]""",0.016265869140625,0.000622749328613,3.431098461151123,0.041921585798263,0.0026054382324210003,0.00010585784912100001,0.0009174346923820001,0.000914573669433,0.506952546296296,0.507060185185185,0.000107638888888
949808393932,94980839393,2,0,104792275449,1.0,"""[0.00018882751464800002",0.00023460388183500002,0.000266075134277,0.00028228759765600004,0.000299453735351,0.000318527221679,0.000340461730957,0.00036525726318300004,0.00039291381835900003,0.000544548034667," 0.001359939575195]""",0.0013408660888670001,0.0003662109375,3.292149305343627,0.037084400653839,0.0026054382324210003,0.00010585784912100001,0.000914573669433,0.0009117126464840001,0.500006944444444,0.500072145061728,6.520061728395061e-05
949808393932,94980839393,2,0,104792275449,1.0,"""[0.00022506713867100002",0.00026416778564400005,0.00029182434082000003,0.00031471252441400005,0.000330924987792,0.00034713745117100005,0.000369071960449,0.00039291381835900003,0.00042915344238200005,0.0005722045898430001," 0.001688003540039]""",0.001535415649414,0.000403404235839,3.672432899475097,0.046310149133205004,0.0026054382324210003,0.00010585784912100001,0.0009307861328120001,0.0009298324584960001,0.502630401234567,0.502662037037037,3.16358024691358e-05
949808393932,94980839393,2,0,104792275449,1.0,"""[0.00020790100097600002",0.00025272369384700004,0.000275611877441,0.00029373168945300005,0.000310897827148,0.000328063964843,0.00034427642822200004,0.00037574768066400005,0.000431060791015,0.000645637512207," 0.001150131225585]""",0.001918792724609,0.00038623809814400005,3.593061923980712,0.046365823596715004,0.0026054382324210003,0.00010585784912100001,0.0009374618530270001,0.0009365081787100001,0.502083333333333,0.502172067901234,8.873456790123456e-05
949808393932,94980839393,2,0,104792275449,1.0,"""[0.000266075134277",0.000279426574707,0.000297546386718,0.00031661987304600005,0.000340461730957,0.00036716461181600005,0.00039768218994100005,0.00043487548828100004,0.0005569458007810001,0.000651359558105," 0.00124168395996]""",0.001293182373046,0.00044822692871000004,3.292149305343627,0.037084400653839,0.0026054382324210003,0.00010585784912100001,0.0009126663208000001,0.0009126663208000001,0.500231481481481,0.50024961419753,1.8132716049382712e-05
949808393932,94980839393,2,0,104792275449,1.0,"""[0.00019454956054600002",0.000247001647949,0.000275611877441,0.000297546386718,0.000317573547363,0.00033760070800700005,0.000357627868652,0.000382423400878,0.00042819976806600005,0.000749588012695," 0.007568359375]""",0.009841918945312,0.000532150268554,3.745891571044921,0.043897569179534,0.0026054382324210003,0.00010585784912100001,0.000925064086914,0.0009231567382810001,0.5048611111111111,0.504976851851851,0.00011574074074
949808393932,94980839393,2,0,104792275449,0.9896907210350031,"""[0.00023460388183500002",0.000274658203125,0.00029277801513600003,0.000310897827148,0.00032615661621000004,0.000341415405273,0.00036430358886700004,0.00042724609375,0.000590324401855,0.0007715225219720001," 0.001346588134765]""",0.004051208496093001,0.000442504882812,4.07250690460205,0.043424472212791006,0.0026054382324210003,0.00010585784912100001,0.00092601776123,0.0009241104125970001,0.503009259259259,0.5031215277777771,0.00011226851851800001
949808393932,94980839393,2,0,104792275449,1.0,"""[0.00018215179443300001",0.000205993652343,0.000231742858886,0.00025272369384700004,0.00027084350585900003,0.00028610229492100005,0.00030136108398400003,0.00034332275390600004,0.000497817993164,0.0006561279296870001," 0.0008096694946280001]""",0.00084114074707,0.00034427642822200004,3.814554214477539,0.045953597873449006,0.0026054382324210003,0.00010585784912100001,0.0009231567382810001,0.0009231567382810001,0.505208333333333,0.5052245370370371,1.62037037037037e-05
949808393932,94980839393,2,0,104792275449,0.9933333396911621,"""[0.00016880035400300002",0.00022983551025300002,0.00026130676269500003,0.000288009643554,0.00031375885009700004,0.00034523010253900005,0.000382423400878,0.00045776367187500005,0.0005941390991210001,0.0009174346923820001," 0.0081787109375]""",0.01312255859375,0.0006065368652340001,3.814554214477539,0.045953597873449006,0.0026054382324210003,0.00010585784912100001,0.000925064086914,0.0009241104125970001,0.5053240740740741,0.505439814814814,0.00011574074074
949808393932,94980839393,2,0,104792275449,1.0,"""[0.00021839141845700002",0.000258445739746,0.000277519226074,0.00029468536376900005,0.000311851501464,0.00033378601074200004,0.000358581542968,0.00039291381835900003,0.00047016143798800006,0.0007514953613280001," 0.011322021484375002]""",0.019378662109375,0.000714302062988,3.269863843917846,0.04195804148912401,0.0026054382324210003,0.00010585784912100001,0.0009098052978510001,0.0009069442749020001,0.503472222222222,0.503587962962962,0.00011574074074
949808393932,94980839393,2,0,104792275449,0.9933333396911621,"""[0.000226020812988",0.000288009643554,0.00032234191894500003,0.000350952148437,0.00037670135498000005,0.000403404235839,0.000431060791015,0.00047492980957000003,0.0005989074707030001,0.00090217590332," 0.009292602539062]""",0.009750366210937,0.0006370544433590001,2.4707577228546143,0.022498901933431,0.0026054382324210003,0.00010585784912100001,0.0009489059448240001,0.0009469985961910001,0.507754629629629,0.5078703703703701,0.00011574074074
