UniqJobId,collection_id,instance_index,priority,machine_id,sample_rate,cpu_usage_distribution1,cpu_usage_distribution2,cpu_usage_distribution3,cpu_usage_distribution4,cpu_usage_distribution5,cpu_usage_distribution6,cpu_usage_distribution7,cpu_usage_distribution8,cpu_usage_distribution9,cpu_usage_distribution10,cpu_usage_distribution11,max_cpu,avg_cpu,cycles_per_instruction,memory_accesses_per_instruction,assigned_memory,page_cache_memory,max_memory,avg_memory,start_time,end_time,time_window
986041552440,98604155244,0,0,70609325068,1.0,"""[7.82012939453125e-05",9.155273437500001e-05,9.822845458984376e-05,0.00010490417480400001,0.000111579895019,0.00011920928955000001,0.000125885009765,0.000134468078613,0.00015735626220700002,0.00019931793212800002," 0.005401611328125]""",0.005401611328125,0.00021839141845700002,1.2312976121902461,0.010581203736364,0.001190185546875,0.00010108947753900001,0.0007467269897460001,0.000743865966796,0.5081018518518511,0.508217592592592,0.00011574074074
986041552440,98604155244,0,0,70609325068,1.0,"""[8.0108642578125e-05",9.155273437500001e-05,9.822845458984376e-05,0.00010490417480400001,0.000111579895019,0.00011825561523400002,0.000123977661132,0.000130653381347,0.000152587890625,0.000186920166015," 0.00506591796875]""",0.005126953125,0.000221252441406,1.958763480186462,0.022631328552961003,0.001190185546875,0.00010204315185500001,0.000749588012695,0.000749588012695,0.509375,0.5094907407407401,0.00011574074074
986041552440,98604155244,0,0,70609325068,1.0,"""[0.000124931335449",0.000139236450195,0.00014686584472600002,0.000155448913574,0.00016307830810500002,0.00017166137695300002,0.00018310546875,0.000200271606445,0.000216484069824,0.000274658203125," 0.004318237304687]""",0.00714111328125,0.000277519226074,2.699748039245605,0.029417278245091,0.001190185546875,0.00020694732666000002,0.000715255737304,0.000713348388671,0.50636574074074,0.5064814814814811,0.00011574074074
986041552440,98604155244,0,0,70609325068,1.0,"""[7.2479248046875e-05",8.583068847656251e-05,9.346008300781251e-05,0.00010108947753900001,0.000107765197753,0.000115394592285,0.0001220703125,0.000129699707031,0.00014686584472600002,0.00017261505126900002," 0.0008573532104490001]""",0.0008573532104490001,0.00013351440429600002,2.259141206741333,0.029118619859218,0.001190185546875,0.00010204315185500001,0.0007486343383780001,0.0007476806640620001,0.5085648148148141,0.508680555555555,0.00011574074074
986041552440,98604155244,0,0,70609325068,1.0,"""[7.2479248046875e-05",8.678436279296876e-05,9.441375732421876e-05,0.00010204315185500001,0.00010871887207,0.000116348266601,0.000123023986816,0.000130653381347,0.000153541564941,0.00019931793212800002," 0.0036735534667960003]""",0.004142761230468001,0.00020790100097600002,2.699748039245605,0.029417278245091,0.001190185546875,0.00010108947753900001,0.000727653503417,0.0007247924804680001,0.506828703703703,0.5069444444444441,0.00011574074074
986041552440,98604155244,0,0,70609325068,1.0,"""[7.43865966796875e-05",8.678436279296876e-05,9.536743164062501e-05,0.00010204315185500001,0.000109672546386,0.00011730194091700002,0.000124931335449,0.00013256072998000002,0.00015735626220700002,0.000201225280761," 0.005973815917968001]""",0.0059814453125,0.00020790100097600002,2.18088674545288,0.023817082867026003,0.001190185546875,0.00010108947753900001,0.000726699829101,0.000725746154785,0.507060185185185,0.5071759259259261,0.00011574074074
986041552440,98604155244,0,0,70609325068,1.0,"""[7.82012939453125e-05",9.059906005859376e-05,9.727478027343751e-05,0.00010395050048800001,0.000110626220703,0.00011730194091700002,0.000123977661132,0.000130653381347,0.000152587890625,0.000195503234863," 0.004913330078125]""",0.004913330078125,0.00021171569824200001,1.2312976121902461,0.010581203736364,0.001190185546875,0.00010108947753900001,0.000743865966796,0.000743865966796,0.507986111111111,0.5081018518518511,0.00011574074074
986041552440,98604155244,0,0,70609325068,1.0,"""[7.343292236328125e-05",9.155273437500001e-05,9.822845458984376e-05,0.00010490417480400001,0.000111579895019,0.00011825561523400002,0.000125885009765,0.00013351440429600002,0.00015830993652300002,0.000200271606445," 0.00531005859375]""",0.005317687988281,0.00021266937255800001,1.885367512702941,0.020627468824386,0.001190185546875,0.00010108947753900001,0.000743865966796,0.000741958618164,0.507523148148148,0.5076388888888881,0.00011574074074
986041552440,98604155244,0,0,70609325068,1.0,"""[0.000164985656738",0.00023460388183500002,0.000258445739746,0.000280380249023,0.00030231475830000003,0.00032901763916,0.000360488891601,0.00040531158447200004,0.000519752502441,0.0009622573852530001," 0.023529052734375003]""",0.023529052734375003,0.000835418701171,0.0,0.0,0.001190185546875,0.00020408630371000002,0.0008316040039060001,0.000749588012695,0.506033564814814,0.506134259259259,0.000100694444444
986041552440,98604155244,0,0,70609325068,1.0,"""[0.000110626220703",0.00013732910156200002,0.00014591217041000002,0.000154495239257,0.00016307830810500002,0.00017166137695300002,0.00018310546875,0.00019931793212800002,0.000216484069824,0.000288009643554," 0.005783081054687]""",0.005790710449218001,0.000277519226074,2.699748039245605,0.029417278245091,0.001190185546875,0.00020694732666000002,0.00071907043457,0.0007162094116210001,0.5064814814814811,0.506597222222222,0.00011574074074
986041552440,98604155244,0,0,70609325068,1.0,"""[0.000152587890625",0.000190734863281,0.00021076202392500003,0.000226020812988,0.00023841857910100002,0.000250816345214,0.00026321411132800005,0.00028610229492100005,0.000311851501464,0.000401496887207," 0.005073547363281]""",0.005073547363281,0.00038433074951100003,2.699748277664184,0.029417278245091,0.001190185546875,0.00020694732666000002,0.000708580017089,0.000654220581054,0.506134259259259,0.5062500000000001,0.00011574074074
986041552440,98604155244,0,0,70609325068,1.0,"""[7.343292236328125e-05",9.059906005859376e-05,9.822845458984376e-05,0.00010490417480400001,0.000112533569335,0.00011920928955000001,0.000126838684082,0.00013732910156200002,0.00015830993652300002,0.00019359588623000002," 0.004371643066406]""",0.004371643066406,0.00021362304687500003,2.244801044464111,0.02880891598761,0.001190185546875,0.00010204315185500001,0.000750541687011,0.000749588012695,0.509143518518518,0.5092592592592591,0.00011574074074
986041552440,98604155244,0,0,70609325068,1.0,"""[7.43865966796875e-05",8.964538574218751e-05,9.632110595703126e-05,0.00010299682617100001,0.000109672546386,0.00011730194091700002,0.000123977661132,0.000130653381347,0.00015163421630800001,0.000175476074218," 0.0013046264648430002]""",0.00130271911621,0.00013732910156200002,1.885367512702941,0.020627468824386,0.001190185546875,0.00010108947753900001,0.00074291229248,0.000741958618164,0.5076388888888881,0.507754629629629,0.00011574074074
986041552440,98604155244,0,0,70609325068,1.0,"""[7.915496826171875e-05",9.155273437500001e-05,9.822845458984376e-05,0.00010490417480400001,0.000111579895019,0.00011825561523400002,0.000124931335449,0.00013160705566400002,0.000154495239257,0.000190734863281," 0.004127502441406]""",0.004127502441406,0.00020885467529200002,1.2312976121902461,0.010581203736364,0.001190185546875,0.00010108947753900001,0.000745773315429,0.000743865966796,0.5078703703703701,0.507986111111111,0.00011574074074
986041552440,98604155244,0,0,70609325068,1.0,"""[0.000126838684082",0.000144958496093,0.00015926361083900002,0.00017261505126900002,0.00018501281738200003,0.000196456909179,0.00020790100097600002,0.00021934509277300002,0.00025272369384700004,0.00046920776367100005," 0.003654479980468]""",0.0036582946777340003,0.00031280517578100004,2.699748039245605,0.029417278245091,0.001190185546875,0.00020694732666000002,0.000720024108886,0.0007095336914060001,0.5062500000000001,0.50636574074074,0.00011574074074
986041552440,98604155244,0,0,70609325068,1.0,"""[7.534027099609375e-05",9.059906005859376e-05,9.727478027343751e-05,0.00010395050048800001,0.000110626220703,0.000116348266601,0.000123023986816,0.000129699707031,0.00015163421630800001,0.00019836425781200002," 0.004447937011718001]""",0.008636474609375,0.00021266937255800001,1.3368390798568721,0.012484670616686,0.001190185546875,0.00010204315185500001,0.0007476806640620001,0.000745773315429,0.508449074074074,0.5085648148148141,0.00011574074074
986041552440,98604155244,0,0,70609325068,1.0,"""[7.43865966796875e-05",9.155273437500001e-05,0.00010013580322200001,0.00010871887207,0.00011730194091700002,0.000125885009765,0.00013637542724600002,0.000153541564941,0.00017166137695300002,0.00021171569824200001," 0.00103759765625]""",0.00103759765625,0.000155448913574,2.699748039245605,0.029417278245091,0.001190185546875,0.00010108947753900001,0.0007286071777340001,0.0007238388061520001,0.5067129629629631,0.506828703703703,0.00011574074074
986041552440,98604155244,0,0,70609325068,1.0,"""[7.534027099609375e-05",9.346008300781251e-05,0.00010013580322200001,0.000106811523437,0.000114440917968,0.00012111663818300001,0.000127792358398,0.00014114379882800002,0.000161170959472,0.00020694732666000002," 0.004508972167968001]""",0.004501342773437,0.000222206115722,2.259141206741333,0.029118619859218,0.001190185546875,0.00010204315185500001,0.000749588012695,0.000749588012695,0.5090277777777771,0.509143518518518,0.00011574074074
986041552440,98604155244,0,0,70609325068,1.0,"""[6.866455078125e-05",9.155273437500001e-05,9.918212890625001e-05,0.00010585784912100001,0.000113487243652,0.00012111663818300001,0.000127792358398,0.00014114379882800002,0.00016212463378900002,0.00022411346435500002," 0.004188537597656]""",0.004188537597656,0.00022315979003900002,1.885367512702941,0.020627468824386,0.001190185546875,0.00010108947753900001,0.0007476806640620001,0.000741958618164,0.5074074074074071,0.507523148148148,0.00011574074074
986041552440,98604155244,0,0,70609325068,1.0,"""[8.0108642578125e-05",9.250640869140626e-05,9.918212890625001e-05,0.00010585784912100001,0.000112533569335,0.00011920928955000001,0.000125885009765,0.00013351440429600002,0.00015640258789,0.00019931793212800002," 0.0054931640625]""",0.0054931640625,0.000222206115722,2.259141206741333,0.029118619859218,0.001190185546875,0.00010204315185500001,0.0007553100585930001,0.0007486343383780001,0.508912037037037,0.5090277777777771,0.00011574074074
986041552440,98604155244,0,0,70609325068,1.0,"""[8.0108642578125e-05",9.250640869140626e-05,9.918212890625001e-05,0.00010490417480400001,0.000111579895019,0.00011825561523400002,0.000124931335449,0.00013160705566400002,0.000153541564941,0.000186920166015," 0.004714965820312]""",0.004714965820312,0.00021076202392500003,1.958763480186462,0.022631328552961003,0.001190185546875,0.00010204315185500001,0.000749588012695,0.0007486343383780001,0.5092592592592591,0.509375,0.00011574074074
986041552440,98604155244,0,0,70609325068,1.0,"""[7.152557373046875e-05",9.059906005859376e-05,9.727478027343751e-05,0.00010395050048800001,0.000110626220703,0.00011825561523400002,0.000124931335449,0.00013160705566400002,0.00015640258789,0.000226020812988," 0.003929138183593001]""",0.006202697753906,0.000226974487304,1.885367512702941,0.020627468824386,0.001190185546875,0.00010108947753900001,0.000775337219238,0.0007343292236320001,0.5071759259259261,0.507291666666666,0.00011574074074
986041552440,98604155244,0,0,70609325068,1.0,"""[7.82012939453125e-05",9.250640869140626e-05,9.822845458984376e-05,0.00010490417480400001,0.000111579895019,0.00011730194091700002,0.000123977661132,0.000130653381347,0.000154495239257,0.00021362304687500003," 0.004013061523437]""",0.004013061523437,0.00021934509277300002,1.4402437210083001,0.013790534809231002,0.001190185546875,0.00010108947753900001,0.0007476806640620001,0.00074291229248,0.507754629629629,0.5078703703703701,0.00011574074074
986041552440,98604155244,0,0,70609325068,1.0,"""[7.915496826171875e-05",9.155273437500001e-05,9.822845458984376e-05,0.00010490417480400001,0.000111579895019,0.00011825561523400002,0.000124931335449,0.00013160705566400002,0.000153541564941,0.000190734863281," 0.004180908203125]""",0.005821228027343001,0.00021839141845700002,1.2312976121902461,0.010581203736364,0.001190185546875,0.00010108947753900001,0.0007476806640620001,0.000743865966796,0.508217592592592,0.5083333333333331,0.00011574074074
986041552440,98604155244,0,0,70609325068,1.0,"""[7.915496826171875e-05",9.059906005859376e-05,9.727478027343751e-05,0.00010395050048800001,0.000110626220703,0.000116348266601,0.000123023986816,0.000129699707031,0.00015068054199200001,0.00019454956054600002," 0.004539489746093001]""",0.004539489746093001,0.00020885467529200002,2.259141206741333,0.029118619859218,0.001190185546875,0.00010204315185500001,0.000750541687011,0.0007476806640620001,0.508680555555555,0.5087962962962961,0.00011574074074
